Fitness: 1200.317426 	[9, 4, 0, 10, 12, 7, 2, 13, 3, 8, 0, 5, 11, 14, 0, 15, 1, 6, 0, 0, 1, 1, 1, 1, 0, 1, 1, 0, 1, 1, 0, 1, 1, 0]
Fitness: 1120.300480 	[14, 0, 15, 6, 11, 10, 13, 8, 1, 0, 2, 3, 9, 7, 12, 5, 0, 4, 0, 1, 0, 1, 1, 0, 1, 1, 0, 1, 0, 1, 1, 1, 1, 0]
Fitness: 1039.527580 	[12, 6, 13, 1, 0, 15, 7, 5, 8, 11, 2, 0, 4, 9, 14, 0, 10, 3, 0, 1, 0, 1, 1, 1, 0, 1, 1, 0, 1, 1, 0, 1, 1, 0]
Fitness: 993.891661 	[13, 0, 9, 0, 5, 6, 4, 15, 2, 12, 7, 0, 10, 14, 11, 8, 1, 3, 0, 1, 0, 1, 1, 1, 0, 1, 1, 1, 1, 0, 1, 1, 0, 0]
Fitness: 952.506962 	[13, 0, 11, 9, 4, 0, 5, 6, 15, 0, 3, 7, 1, 10, 14, 12, 2, 8, 0, 1, 1, 1, 0, 1, 1, 1, 1, 0, 1, 1, 0, 1, 0, 0]
Fitness: 940.037196 	[5, 0, 9, 11, 1, 6, 2, 10, 0, 14, 3, 7, 8, 13, 12, 0, 4, 15, 0, 0, 1, 1, 0, 1, 1, 1, 1, 1, 0, 1, 1, 0, 1, 0]
Fitness: 937.468244 	[1, 13, 4, 12, 7, 9, 15, 6, 0, 5, 14, 0, 8, 10, 3, 2, 0, 11, 0, 1, 1, 0, 1, 0, 1, 1, 0, 1, 0, 1, 1, 1, 1, 0]
Fitness: 937.290057 	[8, 11, 12, 14, 15, 7, 0, 6, 1, 2, 5, 0, 13, 3, 10, 0, 4, 9, 0, 1, 0, 1, 1, 0, 1, 1, 1, 1, 0, 1, 1, 1, 0, 0]
Fitness: 933.154328 	[3, 1, 0, 7, 12, 6, 2, 5, 15, 8, 9, 11, 13, 0, 4, 0, 10, 14, 0, 1, 0, 1, 0, 1, 1, 0, 1, 1, 1, 1, 1, 0, 1, 0]
Fitness: 923.792635 	[2, 5, 11, 0, 3, 15, 1, 10, 8, 0, 13, 6, 12, 7, 14, 0, 9, 4, 0, 1, 0, 1, 1, 1, 1, 0, 1, 1, 1, 0, 1, 1, 0, 0]
Fitness: 912.620864 	[8, 9, 10, 14, 0, 13, 4, 5, 0, 15, 3, 0, 6, 7, 12, 11, 2, 1, 0, 0, 1, 1, 1, 0, 1, 1, 1, 1, 1, 0, 1, 1, 0, 0]
Fitness: 905.934699 	[11, 0, 7, 8, 5, 10, 6, 2, 0, 14, 15, 0, 3, 13, 1, 12, 9, 4, 0, 0, 1, 1, 0, 1, 0, 1, 1, 1, 1, 1, 0, 1, 1, 0]
Fitness: 890.615972 	[6, 2, 14, 1, 4, 8, 9, 0, 5, 13, 0, 3, 10, 12, 7, 11, 0, 15, 0, 0, 1, 1, 1, 1, 0, 1, 1, 0, 1, 1, 0, 1, 1, 0]
Fitness: 887.684640 	[6, 0, 1, 7, 13, 2, 12, 9, 0, 5, 11, 8, 15, 0, 3, 4, 10, 14, 0, 1, 1, 0, 1, 0, 1, 0, 1, 1, 1, 0, 1, 1, 1, 0]
Fitness: 878.945159 	[14, 1, 11, 0, 3, 5, 9, 8, 12, 6, 10, 15, 0, 13, 0, 7, 4, 2, 0, 1, 1, 0, 1, 1, 1, 1, 0, 0, 1, 0, 1, 1, 1, 0]
Fitness: 865.317788 	[10, 4, 14, 7, 2, 9, 0, 11, 12, 5, 8, 3, 1, 0, 6, 15, 0, 13, 0, 0, 0, 1, 1, 0, 1, 1, 1, 1, 1, 0, 1, 1, 1, 0]
Fitness: 849.039992 	[1, 13, 5, 3, 0, 14, 9, 15, 12, 0, 2, 11, 0, 10, 7, 4, 8, 6, 0, 0, 1, 1, 0, 0, 1, 1, 1, 1, 1, 0, 1, 1, 1, 0]
Fitness: 840.471937 	[11, 15, 1, 6, 9, 4, 0, 12, 13, 2, 0, 14, 10, 8, 5, 0, 7, 3, 0, 1, 1, 0, 1, 1, 0, 1, 1, 1, 0, 1, 0, 1, 1, 0]
Fitness: 836.625334 	[11, 14, 1, 3, 4, 0, 9, 10, 7, 5, 0, 6, 0, 15, 12, 13, 2, 8, 0, 1, 1, 0, 1, 1, 1, 1, 0, 0, 1, 0, 1, 1, 1, 0]
Fitness: 821.819746 	[2, 0, 5, 9, 1, 14, 12, 13, 4, 0, 7, 15, 10, 11, 6, 0, 3, 8, 0, 1, 0, 1, 1, 1, 1, 0, 1, 0, 1, 1, 1, 0, 1, 0]
Fitness: 797.474182 	[2, 0, 4, 11, 8, 12, 15, 0, 10, 7, 14, 0, 3, 6, 1, 5, 13, 9, 0, 1, 1, 0, 1, 0, 1, 1, 1, 0, 0, 1, 1, 1, 1, 0]
Fitness: 778.650830 	[8, 3, 0, 10, 5, 14, 15, 1, 4, 6, 12, 9, 0, 11, 0, 2, 13, 7, 0, 0, 1, 0, 1, 0, 1, 1, 1, 1, 0, 1, 1, 1, 1, 0]
Fitness: 766.370392 	[1, 7, 15, 0, 5, 14, 11, 12, 0, 13, 3, 2, 8, 10, 0, 9, 6, 4, 0, 0, 0, 1, 1, 1, 1, 1, 1, 0, 1, 1, 0, 1, 1, 0]
Fitness: 756.722092 	[3, 0, 7, 1, 0, 10, 6, 11, 0, 13, 4, 15, 9, 12, 14, 8, 5, 2, 0, 1, 0, 1, 0, 1, 0, 1, 1, 0, 1, 1, 1, 1, 1, 0]
Fitness: 746.869114 	[8, 5, 15, 4, 10, 0, 14, 9, 1, 3, 13, 7, 0, 11, 0, 6, 2, 12, 0, 1, 1, 0, 1, 1, 0, 1, 1, 1, 0, 0, 1, 1, 1, 0]
Fitness: 744.867249 	[5, 11, 2, 9, 6, 15, 12, 7, 4, 0, 14, 13, 0, 1, 0, 10, 8, 3, 0, 1, 1, 0, 0, 1, 0, 1, 1, 1, 1, 0, 1, 1, 1, 0]
Fitness: 740.300510 	[13, 6, 1, 0, 2, 11, 10, 14, 4, 9, 7, 0, 8, 0, 12, 15, 5, 3, 0, 0, 1, 1, 0, 1, 1, 1, 1, 0, 1, 1, 0, 1, 1, 0]
Fitness: 714.999362 	[5, 7, 0, 10, 3, 15, 12, 4, 0, 9, 13, 1, 8, 0, 11, 14, 2, 6, 0, 0, 0, 1, 1, 1, 1, 0, 1, 1, 1, 1, 1, 0, 1, 0]
Fitness: 705.375036 	[12, 11, 9, 14, 6, 8, 4, 0, 10, 13, 1, 7, 15, 0, 2, 3, 0, 5, 0, 1, 0, 1, 1, 1, 1, 1, 0, 1, 1, 1, 0, 1, 0, 0]
Fitness: 703.845743 	[12, 15, 6, 5, 13, 8, 10, 7, 14, 0, 9, 1, 3, 2, 0, 11, 0, 4, 0, 1, 1, 0, 1, 1, 1, 1, 0, 0, 1, 1, 1, 0, 1, 0]
Fitness: 703.685463 	[15, 3, 1, 6, 12, 0, 5, 14, 13, 0, 10, 9, 7, 8, 0, 11, 2, 4, 0, 0, 0, 1, 1, 1, 1, 1, 1, 0, 0, 1, 1, 1, 1, 0]
Fitness: 699.248332 	[9, 0, 4, 7, 10, 13, 14, 15, 5, 12, 0, 8, 11, 0, 2, 3, 1, 6, 0, 1, 1, 0, 1, 1, 1, 0, 1, 1, 1, 0, 1, 1, 0, 0]
Fitness: 698.259328 	[13, 7, 10, 0, 9, 2, 0, 6, 5, 8, 12, 3, 4, 14, 0, 15, 1, 11, 0, 1, 1, 1, 0, 0, 1, 0, 1, 1, 1, 1, 0, 1, 1, 0]
Fitness: 683.801075 	[6, 13, 15, 0, 8, 2, 0, 12, 14, 0, 3, 4, 11, 10, 5, 9, 1, 7, 0, 0, 1, 1, 1, 0, 0, 1, 1, 0, 1, 1, 1, 1, 1, 0]
Fitness: 673.454401 	[14, 5, 3, 10, 9, 0, 6, 2, 8, 12, 11, 4, 13, 0, 7, 0, 1, 15, 0, 0, 1, 1, 1, 1, 0, 1, 1, 1, 1, 0, 0, 1, 1, 0]
Fitness: 670.448271 	[1, 14, 11, 2, 9, 0, 5, 3, 10, 7, 13, 15, 0, 6, 4, 12, 0, 8, 0, 0, 1, 1, 0, 1, 1, 1, 0, 1, 1, 0, 1, 1, 1, 0]
Fitness: 665.694852 	[15, 10, 8, 0, 2, 14, 6, 13, 0, 9, 5, 11, 3, 7, 12, 0, 1, 4, 0, 1, 1, 0, 0, 0, 1, 0, 1, 1, 1, 1, 1, 1, 1, 0]
Fitness: 646.903297 	[4, 1, 5, 7, 0, 6, 3, 14, 9, 2, 11, 15, 0, 10, 0, 8, 12, 13, 0, 1, 0, 1, 1, 1, 1, 1, 0, 1, 0, 0, 1, 1, 1, 0]
Fitness: 645.633003 	[10, 5, 0, 8, 0, 12, 11, 14, 15, 9, 0, 2, 3, 1, 4, 7, 6, 13, 0, 1, 1, 0, 1, 1, 1, 0, 1, 0, 1, 1, 0, 1, 1, 0]
Fitness: 643.550661 	[8, 11, 9, 13, 1, 6, 0, 5, 15, 2, 0, 10, 12, 7, 14, 4, 0, 3, 0, 1, 1, 1, 0, 0, 1, 1, 1, 0, 0, 1, 1, 1, 1, 0]
Fitness: 639.455864 	[14, 6, 8, 13, 1, 0, 11, 10, 0, 7, 3, 12, 0, 2, 9, 4, 15, 5, 0, 1, 1, 0, 0, 1, 1, 0, 1, 1, 1, 0, 1, 1, 1, 0]
Fitness: 637.910417 	[6, 8, 14, 9, 0, 7, 0, 10, 15, 2, 5, 1, 13, 12, 4, 3, 0, 11, 0, 1, 0, 1, 1, 1, 1, 0, 1, 0, 1, 1, 0, 1, 1, 0]
Fitness: 636.901507 	[10, 2, 13, 3, 1, 12, 0, 15, 8, 5, 4, 7, 0, 11, 6, 0, 14, 9, 0, 0, 1, 1, 1, 1, 1, 1, 1, 0, 0, 1, 0, 1, 1, 0]
Fitness: 627.334320 	[4, 2, 0, 13, 8, 6, 11, 1, 7, 0, 9, 3, 5, 0, 10, 14, 12, 15, 0, 1, 1, 1, 0, 1, 1, 1, 1, 1, 1, 0, 0, 1, 0, 0]
Fitness: 626.735058 	[12, 15, 4, 14, 0, 6, 0, 8, 10, 2, 13, 5, 11, 9, 0, 7, 3, 1, 0, 1, 1, 0, 1, 1, 1, 0, 1, 1, 1, 1, 1, 0, 0, 0]
Fitness: 618.032666 	[15, 5, 3, 4, 8, 0, 11, 2, 10, 14, 13, 12, 7, 0, 9, 6, 0, 1, 0, 0, 1, 1, 1, 1, 1, 1, 1, 0, 1, 1, 0, 0, 1, 0]
Fitness: 615.515050 	[11, 0, 2, 4, 12, 0, 15, 13, 8, 10, 0, 7, 14, 9, 6, 3, 1, 5, 0, 1, 0, 1, 0, 1, 1, 1, 0, 1, 1, 1, 1, 1, 0, 0]
Fitness: 612.642276 	[10, 7, 14, 3, 0, 4, 12, 5, 13, 11, 0, 15, 2, 6, 0, 8, 1, 9, 0, 1, 1, 1, 0, 1, 1, 1, 0, 0, 1, 1, 1, 0, 1, 0]
Fitness: 601.435788 	[5, 12, 0, 2, 10, 0, 4, 0, 9, 6, 13, 11, 8, 1, 7, 3, 15, 14, 0, 1, 0, 1, 1, 1, 0, 1, 1, 1, 1, 0, 1, 0, 1, 0]
Fitness: 573.006762 	[2, 15, 10, 5, 9, 0, 14, 7, 0, 3, 1, 11, 13, 0, 4, 6, 12, 8, 0, 1, 1, 1, 0, 1, 1, 1, 0, 1, 0, 0, 1, 1, 1, 0]
Fitness: 563.787893 	[2, 4, 14, 0, 11, 8, 0, 7, 15, 0, 3, 9, 5, 1, 13, 6, 10, 12, 0, 1, 0, 0, 1, 1, 1, 0, 1, 1, 1, 0, 1, 1, 1, 0]
Fitness: 557.628757 	[7, 1, 11, 0, 8, 0, 10, 14, 4, 2, 6, 15, 0, 5, 3, 9, 12, 13, 0, 1, 1, 1, 0, 1, 1, 1, 1, 0, 1, 0, 1, 0, 1, 0]
Fitness: 553.363809 	[10, 13, 1, 14, 0, 3, 4, 2, 0, 15, 11, 7, 6, 0, 5, 8, 12, 9, 0, 0, 1, 1, 1, 1, 1, 1, 1, 1, 0, 1, 0, 0, 1, 0]
Fitness: 547.695406 	[4, 6, 0, 1, 7, 2, 5, 9, 0, 10, 14, 11, 13, 12, 0, 15, 8, 3, 0, 1, 0, 1, 0, 1, 0, 0, 1, 1, 1, 1, 1, 1, 1, 0]
Fitness: 547.150413 	[10, 3, 12, 4, 13, 2, 1, 0, 7, 9, 0, 14, 0, 11, 6, 8, 15, 5, 0, 1, 1, 1, 0, 1, 1, 0, 1, 1, 1, 0, 0, 1, 1, 0]
Fitness: 534.876785 	[10, 14, 9, 6, 0, 2, 15, 3, 11, 4, 1, 13, 7, 8, 0, 5, 0, 12, 0, 1, 0, 0, 1, 0, 1, 1, 1, 1, 1, 0, 1, 1, 1, 0]
Fitness: 522.167569 	[4, 14, 15, 9, 0, 6, 8, 11, 2, 5, 12, 1, 7, 13, 0, 3, 0, 10, 0, 1, 1, 0, 1, 0, 1, 1, 1, 1, 1, 0, 1, 0, 1, 0]
Fitness: 520.512469 	[9, 13, 1, 4, 14, 15, 0, 10, 0, 11, 3, 8, 5, 12, 6, 7, 0, 2, 0, 0, 1, 1, 0, 1, 1, 1, 0, 1, 1, 1, 1, 0, 1, 0]
Fitness: 517.606825 	[14, 8, 9, 5, 0, 2, 12, 7, 0, 13, 6, 4, 10, 0, 11, 1, 3, 15, 0, 0, 1, 1, 0, 1, 1, 1, 1, 1, 1, 0, 1, 1, 0, 0]
Fitness: 509.659139 	[5, 2, 0, 8, 7, 13, 0, 10, 11, 0, 4, 12, 9, 6, 1, 15, 3, 14, 0, 1, 1, 1, 0, 1, 0, 1, 1, 1, 1, 0, 0, 1, 1, 0]
Fitness: 508.172771 	[13, 4, 5, 0, 14, 9, 3, 0, 15, 7, 6, 12, 8, 0, 1, 11, 2, 10, 0, 1, 0, 0, 0, 1, 1, 0, 1, 1, 1, 1, 1, 1, 1, 0]
Fitness: 506.346419 	[6, 14, 15, 0, 7, 0, 1, 2, 0, 9, 12, 3, 4, 13, 5, 8, 11, 10, 0, 0, 1, 0, 1, 1, 1, 1, 0, 1, 1, 1, 1, 0, 1, 0]
Fitness: 503.433367 	[8, 11, 3, 13, 7, 4, 5, 14, 0, 10, 0, 9, 12, 1, 2, 0, 6, 15, 0, 1, 1, 0, 1, 1, 1, 1, 0, 0, 0, 1, 1, 1, 1, 0]
Fitness: 496.309219 	[10, 13, 5, 11, 0, 7, 0, 1, 0, 2, 4, 15, 8, 9, 14, 3, 12, 6, 0, 1, 0, 1, 1, 1, 1, 0, 1, 1, 0, 0, 1, 1, 1, 0]
Fitness: 494.720999 	[4, 0, 14, 3, 10, 11, 13, 2, 6, 8, 7, 5, 0, 1, 12, 15, 0, 9, 0, 1, 1, 1, 1, 0, 1, 0, 1, 1, 0, 0, 1, 1, 1, 0]
Fitness: 486.755949 	[15, 0, 6, 2, 8, 5, 3, 4, 0, 1, 0, 10, 13, 9, 11, 12, 7, 14, 0, 0, 1, 0, 1, 1, 1, 0, 0, 1, 1, 1, 1, 1, 1, 0]
Fitness: 486.720524 	[8, 7, 4, 9, 0, 2, 13, 6, 3, 12, 5, 1, 11, 0, 14, 0, 10, 15, 0, 1, 0, 1, 1, 1, 1, 1, 0, 1, 1, 1, 1, 0, 0, 0]
Fitness: 483.850955 	[5, 4, 0, 1, 3, 12, 15, 6, 10, 0, 8, 7, 0, 11, 9, 2, 14, 13, 0, 1, 1, 1, 1, 1, 0, 1, 1, 0, 1, 1, 0, 0, 1, 0]
Fitness: 477.755183 	[10, 0, 11, 14, 6, 12, 5, 0, 1, 13, 2, 15, 7, 3, 9, 0, 8, 4, 0, 1, 1, 0, 0, 1, 0, 1, 0, 1, 1, 1, 1, 1, 1, 0]
Fitness: 473.723985 	[4, 8, 0, 11, 15, 0, 12, 2, 10, 3, 14, 5, 6, 0, 9, 7, 13, 1, 0, 1, 1, 0, 1, 1, 1, 1, 1, 1, 0, 0, 1, 1, 0, 0]
Fitness: 462.860027 	[8, 2, 6, 4, 9, 0, 14, 1, 5, 0, 3, 11, 7, 15, 10, 0, 13, 12, 0, 0, 1, 1, 1, 1, 1, 1, 1, 1, 0, 0, 1, 0, 1, 0]
Fitness: 462.773716 	[10, 0, 15, 7, 14, 12, 4, 5, 6, 8, 0, 11, 13, 0, 9, 2, 3, 1, 0, 0, 1, 1, 1, 1, 0, 1, 0, 1, 1, 1, 1, 1, 0, 0]
Fitness: 462.233568 	[2, 0, 1, 12, 11, 6, 0, 13, 8, 4, 3, 10, 0, 5, 9, 15, 14, 7, 0, 0, 1, 1, 1, 0, 0, 0, 1, 1, 1, 1, 1, 1, 1, 0]
Fitness: 449.433274 	[7, 0, 4, 5, 9, 2, 12, 6, 14, 0, 13, 1, 10, 0, 3, 15, 8, 11, 0, 1, 1, 0, 1, 1, 1, 0, 1, 0, 1, 1, 1, 1, 0, 0]
Fitness: 415.618161 	[12, 4, 2, 0, 13, 6, 3, 14, 0, 7, 5, 0, 1, 11, 8, 9, 15, 10, 0, 1, 1, 1, 1, 1, 0, 1, 1, 1, 0, 1, 1, 0, 0, 0]
Fitness: 405.098635 	[6, 11, 13, 1, 3, 10, 15, 7, 0, 14, 0, 5, 0, 12, 9, 4, 2, 8, 0, 1, 1, 1, 1, 1, 0, 0, 1, 0, 1, 0, 1, 1, 1, 0]
Fitness: 400.746296 	[2, 0, 6, 0, 15, 1, 5, 8, 12, 7, 13, 3, 11, 10, 4, 9, 0, 14, 0, 1, 1, 1, 0, 0, 1, 1, 0, 0, 1, 1, 1, 1, 1, 0]
Fitness: 394.153042 	[14, 6, 13, 5, 3, 15, 1, 12, 2, 4, 0, 11, 8, 10, 0, 9, 0, 7, 0, 1, 1, 0, 1, 1, 1, 1, 1, 0, 1, 0, 0, 1, 1, 0]
Fitness: 391.336212 	[2, 8, 13, 9, 0, 12, 15, 6, 0, 7, 5, 10, 4, 14, 11, 1, 0, 3, 0, 1, 1, 1, 1, 1, 0, 1, 0, 1, 1, 0, 1, 1, 0, 0]
Fitness: 384.267168 	[10, 0, 3, 0, 8, 2, 6, 7, 11, 0, 5, 4, 15, 13, 14, 12, 1, 9, 0, 0, 1, 1, 1, 1, 1, 0, 1, 1, 1, 0, 1, 0, 1, 0]
Fitness: 384.008640 	[2, 8, 3, 5, 9, 7, 0, 11, 15, 12, 0, 13, 10, 4, 0, 1, 6, 14, 0, 1, 1, 1, 0, 1, 0, 1, 1, 1, 1, 1, 1, 0, 0, 0]
Fitness: 380.260738 	[2, 8, 0, 4, 0, 7, 9, 3, 15, 1, 12, 11, 10, 5, 0, 6, 14, 13, 0, 1, 1, 1, 1, 0, 1, 1, 1, 1, 0, 0, 1, 0, 1, 0]
Fitness: 377.835929 	[7, 4, 0, 3, 1, 5, 15, 12, 2, 0, 11, 14, 10, 6, 9, 13, 0, 8, 0, 1, 0, 0, 1, 0, 1, 1, 1, 0, 1, 1, 1, 1, 1, 0]
Fitness: 374.359653 	[11, 5, 10, 12, 0, 2, 14, 4, 3, 9, 8, 0, 1, 0, 6, 7, 15, 13, 0, 1, 1, 1, 0, 1, 1, 1, 1, 1, 1, 0, 1, 0, 0, 0]
Fitness: 373.358465 	[3, 1, 4, 13, 0, 5, 0, 12, 6, 8, 11, 9, 0, 10, 7, 2, 15, 14, 0, 1, 1, 1, 1, 1, 0, 1, 0, 0, 1, 0, 1, 1, 1, 0]
Fitness: 371.328766 	[15, 7, 12, 8, 5, 14, 3, 13, 9, 0, 6, 10, 0, 2, 0, 1, 11, 4, 0, 1, 0, 1, 1, 1, 0, 1, 1, 1, 1, 1, 1, 0, 0, 0]
Fitness: 363.672236 	[12, 13, 0, 1, 6, 5, 9, 0, 11, 4, 2, 14, 15, 10, 8, 0, 7, 3, 0, 1, 1, 1, 1, 1, 0, 0, 1, 0, 1, 1, 1, 0, 1, 0]
Fitness: 355.988368 	[8, 0, 15, 13, 2, 10, 3, 5, 0, 1, 9, 11, 12, 14, 7, 6, 0, 4, 0, 1, 1, 0, 1, 1, 1, 1, 1, 0, 1, 0, 0, 1, 1, 0]
Fitness: 351.461292 	[15, 2, 4, 0, 13, 8, 0, 9, 7, 10, 11, 14, 6, 3, 1, 12, 0, 5, 0, 0, 0, 1, 1, 1, 1, 1, 1, 1, 0, 1, 1, 1, 0, 0]
Fitness: 350.413100 	[10, 0, 2, 0, 11, 9, 4, 5, 12, 0, 1, 6, 3, 8, 14, 13, 7, 15, 0, 1, 0, 0, 0, 1, 1, 1, 1, 1, 1, 1, 1, 0, 1, 0]
Fitness: 334.111056 	[9, 1, 10, 5, 2, 0, 8, 15, 11, 12, 6, 14, 0, 3, 0, 7, 13, 4, 0, 1, 1, 1, 0, 0, 0, 0, 1, 1, 1, 1, 1, 1, 1, 0]
Fitness: 312.341768 	[4, 5, 10, 1, 11, 0, 2, 0, 7, 0, 9, 8, 12, 14, 13, 15, 3, 6, 0, 0, 1, 1, 1, 1, 0, 1, 0, 1, 1, 1, 1, 1, 0, 0]
Fitness: 292.873639 	[13, 0, 6, 15, 0, 7, 0, 10, 8, 5, 1, 4, 12, 3, 9, 2, 14, 11, 0, 1, 1, 1, 1, 1, 0, 1, 0, 1, 1, 1, 0, 0, 1, 0]
Fitness: 288.196726 	[8, 10, 0, 7, 4, 0, 13, 3, 12, 9, 1, 5, 2, 15, 0, 6, 14, 11, 0, 1, 1, 1, 1, 1, 0, 1, 1, 0, 1, 0, 1, 0, 1, 0]
Fitness: 286.831637 	[1, 13, 14, 12, 3, 0, 7, 0, 9, 11, 4, 0, 10, 2, 15, 6, 8, 5, 0, 1, 1, 1, 1, 1, 1, 0, 1, 0, 0, 1, 1, 1, 0, 0]
Fitness: 282.088674 	[5, 3, 0, 14, 0, 8, 0, 4, 7, 1, 11, 2, 13, 15, 6, 9, 12, 10, 0, 1, 1, 1, 1, 1, 0, 1, 1, 0, 1, 1, 0, 1, 0, 0]
Fitness: 242.716737 	[11, 2, 1, 5, 13, 0, 9, 14, 0, 12, 15, 10, 0, 3, 4, 7, 8, 6, 0, 0, 0, 1, 0, 1, 1, 1, 1, 1, 1, 1, 1, 0, 1, 0]
Fitness: 240.713400 	[8, 0, 7, 10, 0, 6, 11, 12, 5, 15, 2, 9, 0, 4, 13, 3, 14, 1, 0, 1, 1, 1, 1, 1, 0, 1, 0, 1, 0, 1, 1, 1, 0, 0]
Fitness: 201.377823 	[14, 5, 8, 3, 0, 13, 9, 11, 0, 10, 0, 4, 2, 15, 1, 12, 7, 6, 0, 1, 1, 0, 0, 1, 0, 1, 1, 1, 1, 1, 1, 0, 1, 0]
Fitness:  74.855725 	[15, 5, 7, 14, 13, 6, 4, 3, 0, 11, 10, 1, 0, 12, 2, 8, 0, 9, 0, 1, 1, 1, 1, 1, 1, 1, 1, 0, 0, 0, 0, 1, 1, 0]
Fitness: 756.722092 	[3, 0, 7, 1, 0, 10, 6, 11, 0, 13, 4, 15, 9, 12, 14, 8, 5, 2, 0, 1, 1, 0, 0, 1, 0, 1, 1, 1, 1, 0, 1, 1, 1, 0]
Fitness: 744.867249 	[5, 11, 2, 9, 6, 15, 12, 7, 4, 0, 14, 13, 0, 1, 0, 10, 8, 3, 0, 1, 1, 0, 0, 1, 0, 1, 1, 1, 1, 0, 1, 1, 1, 0]
Fitness: 756.722092 	[7, 1, 0, 3, 0, 2, 0, 10, 8, 4, 5, 6, 9, 11, 12, 13, 14, 15, 0, 1, 0, 1, 0, 1, 0, 1, 1, 0, 1, 1, 1, 1, 1, 0]
Fitness: 462.233568 	[2, 0, 1, 12, 11, 6, 0, 13, 8, 4, 3, 10, 0, 5, 9, 15, 14, 7, 0, 1, 0, 1, 1, 0, 0, 0, 1, 1, 1, 1, 1, 1, 1, 0]
Fitness: 993.891661 	[13, 0, 9, 0, 5, 6, 4, 15, 2, 12, 7, 0, 10, 14, 11, 8, 1, 3, 0, 1, 0, 1, 1, 1, 0, 1, 1, 1, 1, 0, 1, 1, 0, 0]
Fitness: 462.233568 	[5, 9, 15, 14, 7, 0, 2, 0, 13, 6, 4, 12, 0, 10, 11, 8, 1, 3, 0, 0, 1, 1, 1, 0, 0, 0, 1, 1, 1, 1, 1, 1, 1, 0]
Fitness:  74.855725 	[15, 5, 7, 14, 13, 6, 4, 3, 0, 11, 10, 1, 0, 12, 2, 8, 0, 9, 0, 1, 1, 1, 0, 1, 1, 1, 1, 0, 1, 0, 0, 1, 1, 0]
Fitness: 740.300510 	[13, 6, 1, 0, 2, 11, 10, 14, 4, 9, 7, 0, 8, 0, 12, 15, 5, 3, 0, 0, 1, 1, 0, 1, 1, 1, 1, 0, 1, 1, 0, 1, 1, 0]
Fitness:  74.855725 	[8, 9, 2, 0, 11, 10, 1, 0, 15, 5, 7, 14, 13, 6, 4, 3, 0, 12, 0, 1, 1, 1, 1, 1, 1, 1, 1, 0, 0, 0, 0, 1, 1, 0]
Fitness: 405.098635 	[6, 11, 13, 1, 3, 10, 15, 7, 0, 14, 0, 5, 0, 12, 9, 4, 2, 8, 0, 1, 1, 1, 1, 1, 0, 0, 1, 0, 1, 1, 0, 1, 1, 0]
Fitness: 645.633003 	[10, 5, 0, 8, 0, 12, 11, 14, 15, 9, 0, 2, 3, 1, 4, 7, 6, 13, 0, 1, 1, 0, 1, 1, 1, 0, 1, 0, 1, 1, 0, 1, 1, 0]
Fitness: 405.098635 	[10, 11, 0, 12, 9, 4, 2, 8, 0, 5, 0, 14, 3, 1, 15, 7, 6, 13, 0, 1, 1, 1, 1, 1, 0, 0, 1, 0, 1, 0, 1, 1, 1, 0]
Fitness: 933.154328 	[3, 1, 0, 7, 12, 6, 2, 5, 15, 8, 9, 11, 13, 0, 4, 0, 10, 14, 0, 1, 0, 1, 0, 1, 1, 0, 1, 1, 1, 1, 1, 0, 1, 0]
Fitness: 201.377823 	[14, 5, 8, 3, 0, 13, 9, 11, 0, 10, 0, 4, 2, 15, 1, 12, 7, 6, 0, 1, 1, 0, 0, 1, 0, 1, 1, 1, 1, 1, 1, 0, 1, 0]
Fitness: 933.154328 	[14, 10, 0, 3, 1, 0, 7, 12, 6, 2, 5, 15, 8, 9, 11, 13, 0, 4, 0, 1, 0, 1, 0, 1, 1, 0, 1, 1, 1, 1, 1, 0, 1, 0]
Fitness: 746.869114 	[14, 9, 1, 3, 13, 7, 0, 11, 0, 8, 6, 4, 10, 0, 2, 12, 5, 15, 0, 1, 1, 0, 1, 1, 0, 1, 1, 1, 0, 0, 1, 1, 1, 0]
Fitness: 522.167569 	[4, 14, 15, 9, 0, 6, 8, 11, 2, 5, 12, 1, 7, 13, 0, 3, 0, 10, 0, 1, 1, 0, 1, 0, 1, 1, 0, 0, 1, 1, 1, 1, 1, 0]
Fitness: 400.746296 	[2, 0, 6, 0, 15, 1, 5, 8, 12, 7, 13, 3, 11, 10, 4, 9, 0, 14, 0, 1, 1, 1, 0, 0, 1, 1, 0, 0, 1, 1, 1, 1, 1, 0]
Fitness: 522.167569 	[2, 0, 6, 0, 3, 0, 10, 1, 4, 5, 7, 8, 9, 11, 12, 13, 14, 15, 0, 1, 1, 0, 1, 0, 1, 1, 1, 1, 1, 0, 1, 0, 1, 0]
Fitness: 494.720999 	[4, 0, 14, 3, 10, 11, 13, 2, 6, 8, 7, 5, 0, 1, 12, 15, 0, 9, 0, 1, 1, 1, 1, 0, 1, 0, 1, 1, 0, 0, 1, 1, 1, 0]
Fitness: 683.801075 	[6, 13, 15, 0, 8, 2, 0, 12, 14, 0, 3, 4, 11, 10, 5, 9, 1, 7, 0, 0, 1, 1, 1, 0, 0, 1, 1, 0, 1, 1, 1, 1, 1, 0]
Fitness: 494.720999 	[1, 12, 15, 0, 9, 0, 14, 3, 10, 11, 13, 2, 6, 8, 7, 5, 0, 4, 0, 1, 1, 1, 1, 0, 1, 0, 1, 1, 0, 0, 1, 1, 1, 0]
Fitness: 923.792635 	[2, 5, 11, 0, 3, 15, 1, 10, 8, 0, 13, 6, 12, 7, 14, 0, 9, 4, 0, 1, 0, 1, 1, 1, 1, 0, 1, 1, 1, 0, 1, 1, 0, 0]
Fitness: 473.723985 	[4, 8, 0, 11, 15, 0, 12, 2, 10, 3, 14, 5, 6, 0, 9, 7, 13, 1, 0, 1, 1, 0, 1, 1, 1, 1, 1, 1, 0, 0, 1, 1, 0, 0]
Fitness: 923.792635 	[1, 8, 0, 3, 15, 0, 2, 5, 11, 0, 9, 4, 6, 7, 10, 12, 13, 14, 0, 1, 0, 1, 1, 1, 1, 0, 1, 1, 1, 0, 1, 1, 0, 0]
Fitness: 836.625334 	[11, 14, 1, 3, 4, 0, 9, 10, 7, 5, 0, 6, 0, 15, 12, 13, 2, 8, 0, 1, 1, 0, 1, 1, 1, 1, 0, 0, 1, 0, 1, 1, 1, 0]
Fitness: 626.735058 	[12, 15, 4, 14, 0, 6, 0, 8, 10, 2, 13, 5, 11, 9, 0, 7, 3, 1, 0, 1, 1, 0, 1, 1, 1, 0, 1, 1, 1, 1, 1, 0, 0, 0]
Fitness: 836.625334 	[1, 3, 4, 14, 0, 5, 0, 15, 12, 13, 2, 8, 0, 6, 7, 9, 10, 11, 0, 1, 1, 0, 1, 1, 1, 1, 0, 0, 1, 0, 1, 1, 1, 0]
Fitness: 563.787893 	[3, 9, 5, 1, 13, 6, 10, 12, 0, 11, 8, 0, 4, 7, 2, 15, 0, 14, 0, 1, 0, 0, 1, 1, 1, 0, 1, 1, 1, 0, 1, 1, 1, 0]
Fitness: 371.328766 	[15, 7, 12, 8, 5, 14, 3, 13, 9, 0, 6, 10, 0, 2, 0, 1, 11, 4, 0, 1, 0, 1, 1, 1, 0, 1, 1, 1, 1, 1, 1, 0, 0, 0]
Fitness: 282.088674 	[5, 3, 0, 14, 0, 8, 0, 4, 7, 1, 11, 2, 13, 15, 6, 9, 12, 10, 0, 1, 1, 1, 1, 1, 0, 1, 1, 0, 1, 1, 0, 1, 0, 0]
Fitness: 371.328766 	[5, 3, 0, 2, 0, 1, 11, 4, 0, 8, 7, 14, 13, 15, 6, 9, 12, 10, 0, 1, 0, 1, 1, 1, 0, 1, 1, 1, 1, 1, 1, 0, 0, 0]
Fitness: 1200.317426 	[9, 4, 0, 10, 12, 7, 2, 13, 3, 8, 0, 5, 11, 14, 0, 15, 1, 6, 0, 0, 1, 1, 1, 1, 0, 1, 1, 0, 1, 1, 0, 1, 1, 0]
Fitness: 878.945159 	[14, 1, 11, 0, 3, 5, 9, 8, 12, 6, 10, 15, 0, 13, 0, 7, 4, 2, 0, 1, 1, 0, 1, 1, 1, 1, 0, 0, 1, 0, 1, 1, 1, 0]
Fitness: 1200.317426 	[3, 1, 6, 0, 9, 4, 0, 5, 11, 14, 0, 7, 8, 2, 10, 12, 13, 15, 0, 0, 1, 1, 1, 1, 0, 1, 1, 0, 1, 1, 0, 1, 1, 0]
Fitness: 766.370392 	[1, 7, 15, 0, 5, 14, 11, 12, 0, 13, 3, 2, 8, 10, 0, 9, 6, 4, 0, 0, 0, 1, 1, 1, 1, 0, 1, 0, 1, 1, 1, 1, 1, 0]
Fitness: 821.819746 	[2, 0, 5, 9, 1, 14, 12, 13, 4, 0, 7, 15, 10, 11, 6, 0, 3, 8, 0, 1, 0, 1, 1, 1, 1, 0, 1, 0, 1, 1, 1, 0, 1, 0]
Fitness: 766.370392 	[1, 0, 5, 14, 11, 12, 0, 13, 3, 2, 8, 10, 0, 4, 6, 7, 9, 15, 0, 0, 0, 1, 1, 1, 1, 1, 1, 0, 1, 1, 0, 1, 1, 0]
Fitness: 520.512469 	[9, 13, 1, 4, 14, 15, 0, 10, 0, 11, 3, 8, 5, 12, 6, 7, 0, 2, 0, 0, 1, 1, 0, 1, 1, 1, 0, 1, 1, 1, 1, 0, 1, 0]
Fitness: 486.755949 	[15, 0, 6, 2, 8, 5, 3, 4, 0, 1, 0, 10, 13, 9, 11, 12, 7, 14, 0, 0, 1, 0, 1, 1, 1, 0, 0, 1, 1, 1, 1, 1, 1, 0]
Fitness: 520.512469 	[9, 13, 1, 4, 14, 15, 0, 10, 0, 2, 0, 3, 5, 6, 11, 12, 7, 8, 0, 0, 1, 1, 0, 1, 1, 1, 0, 1, 1, 1, 1, 0, 1, 0]
Fitness: 912.620864 	[6, 7, 12, 11, 2, 1, 0, 8, 9, 10, 14, 0, 5, 13, 15, 3, 0, 4, 0, 0, 1, 1, 1, 0, 1, 1, 1, 1, 1, 0, 1, 1, 0, 0]
Fitness: 506.346419 	[6, 14, 15, 0, 7, 0, 1, 2, 0, 9, 12, 3, 4, 13, 5, 8, 11, 10, 0, 0, 1, 0, 1, 1, 1, 1, 0, 1, 1, 1, 1, 0, 1, 0]
Fitness: 627.334320 	[4, 2, 0, 13, 8, 6, 11, 1, 7, 0, 9, 3, 5, 0, 10, 14, 12, 15, 0, 1, 1, 1, 0, 1, 1, 1, 1, 1, 1, 0, 0, 1, 0, 0]
Fitness: 506.346419 	[9, 12, 3, 4, 13, 5, 8, 11, 10, 0, 1, 2, 0, 6, 7, 0, 14, 15, 0, 0, 1, 0, 1, 1, 1, 1, 0, 1, 1, 1, 1, 0, 1, 0]
Fitness: 355.988368 	[8, 0, 15, 13, 2, 10, 3, 5, 0, 1, 9, 11, 12, 14, 7, 6, 0, 4, 0, 1, 1, 1, 1, 1, 0, 1, 1, 0, 1, 0, 0, 1, 1, 0]
Fitness: 363.672236 	[12, 13, 0, 1, 6, 5, 9, 0, 11, 4, 2, 14, 15, 10, 8, 0, 7, 3, 0, 1, 1, 1, 1, 1, 0, 0, 1, 0, 1, 1, 1, 0, 1, 0]
Fitness: 355.988368 	[2, 13, 0, 3, 4, 5, 10, 0, 1, 9, 11, 12, 14, 7, 6, 0, 8, 15, 0, 1, 1, 0, 1, 1, 1, 1, 1, 0, 1, 0, 0, 1, 1, 0]
Fitness: 703.845743 	[12, 15, 6, 5, 13, 8, 10, 7, 14, 0, 9, 1, 3, 2, 0, 11, 0, 4, 0, 1, 1, 1, 0, 1, 0, 1, 1, 0, 1, 1, 1, 0, 1, 0]
Fitness: 384.008640 	[2, 8, 3, 5, 9, 7, 0, 11, 15, 12, 0, 13, 10, 4, 0, 1, 6, 14, 0, 1, 1, 1, 0, 1, 0, 1, 1, 1, 1, 1, 1, 0, 0, 0]
Fitness: 703.845743 	[4, 0, 11, 0, 9, 1, 3, 2, 0, 12, 15, 6, 5, 13, 8, 10, 7, 14, 0, 1, 1, 0, 1, 1, 1, 1, 0, 0, 1, 1, 1, 0, 1, 0]
Fitness: 415.618161 	[7, 13, 0, 3, 6, 5, 14, 0, 1, 11, 8, 9, 15, 10, 0, 12, 4, 2, 0, 1, 1, 1, 1, 1, 0, 1, 1, 1, 0, 1, 1, 0, 0, 0]
Fitness: 665.694852 	[15, 10, 8, 0, 2, 14, 6, 13, 0, 9, 5, 11, 3, 7, 12, 0, 1, 4, 0, 1, 1, 0, 0, 0, 1, 0, 1, 1, 1, 1, 1, 1, 1, 0]
Fitness: 547.150413 	[10, 3, 12, 4, 13, 2, 1, 0, 7, 9, 0, 14, 0, 11, 6, 8, 15, 5, 0, 1, 1, 1, 0, 1, 1, 0, 1, 1, 1, 0, 0, 1, 1, 0]
Fitness: 665.694852 	[2, 14, 6, 13, 0, 1, 4, 0, 3, 0, 11, 7, 8, 15, 5, 9, 10, 12, 0, 1, 1, 0, 0, 0, 1, 0, 1, 1, 1, 1, 1, 1, 1, 0]
Fitness: 601.435788 	[5, 12, 0, 2, 10, 0, 4, 0, 9, 6, 13, 11, 8, 1, 7, 3, 15, 14, 0, 1, 0, 1, 1, 1, 0, 1, 1, 1, 1, 0, 1, 0, 1, 0]
Fitness: 508.172771 	[13, 4, 5, 0, 14, 9, 3, 0, 15, 7, 6, 12, 8, 0, 1, 11, 2, 10, 0, 1, 0, 0, 0, 1, 1, 0, 1, 1, 1, 1, 1, 1, 1, 0]
Fitness: 601.435788 	[4, 0, 9, 6, 13, 11, 8, 1, 7, 3, 15, 14, 0, 5, 12, 0, 2, 10, 0, 1, 0, 1, 1, 1, 0, 1, 1, 1, 1, 0, 1, 0, 1, 0]
Fitness: 553.363809 	[10, 13, 1, 14, 0, 3, 4, 2, 0, 15, 11, 7, 6, 0, 5, 8, 12, 9, 0, 0, 1, 1, 1, 1, 1, 1, 1, 1, 0, 1, 0, 0, 1, 0]
Fitness: 394.153042 	[14, 6, 13, 5, 3, 15, 1, 12, 2, 4, 0, 11, 8, 10, 0, 9, 0, 7, 0, 1, 1, 0, 1, 1, 1, 1, 1, 0, 1, 0, 0, 1, 1, 0]
Fitness: 553.363809 	[14, 6, 13, 7, 15, 1, 0, 11, 10, 0, 5, 8, 12, 9, 0, 3, 4, 2, 0, 0, 1, 1, 1, 1, 1, 1, 1, 1, 0, 1, 0, 0, 1, 0]
Fitness: 380.260738 	[2, 8, 0, 4, 0, 7, 9, 3, 15, 1, 12, 11, 10, 5, 0, 6, 14, 13, 0, 1, 1, 1, 1, 0, 1, 1, 1, 1, 0, 0, 1, 0, 1, 0]
Fitness: 350.413100 	[10, 0, 2, 0, 11, 9, 4, 5, 12, 0, 1, 6, 3, 8, 14, 13, 7, 15, 0, 1, 0, 0, 0, 1, 1, 1, 1, 1, 1, 1, 1, 0, 1, 0]
Fitness: 380.260738 	[4, 0, 6, 14, 13, 0, 11, 9, 10, 5, 12, 0, 1, 2, 3, 8, 7, 15, 0, 1, 1, 1, 1, 0, 1, 1, 1, 1, 0, 0, 1, 0, 1, 0]
Fitness: 952.506962 	[13, 0, 11, 9, 4, 0, 5, 6, 15, 0, 3, 7, 1, 10, 14, 12, 2, 8, 0, 1, 1, 1, 0, 1, 1, 1, 1, 0, 1, 1, 0, 1, 0, 0]
Fitness: 286.831637 	[1, 13, 14, 12, 3, 0, 7, 0, 9, 11, 4, 0, 10, 2, 15, 6, 8, 5, 0, 1, 1, 1, 1, 1, 1, 0, 1, 0, 0, 1, 1, 1, 0, 0]
Fitness: 952.506962 	[1, 7, 14, 12, 3, 0, 13, 0, 11, 9, 4, 0, 10, 2, 15, 6, 8, 5, 0, 1, 1, 1, 0, 1, 1, 1, 1, 0, 1, 1, 0, 1, 0, 0]
Fitness: 703.685463 	[15, 3, 1, 6, 12, 5, 0, 14, 13, 0, 10, 9, 7, 8, 0, 11, 2, 4, 0, 0, 0, 1, 1, 1, 1, 1, 1, 1, 0, 1, 0, 1, 1, 0]
Fitness: 288.196726 	[8, 0, 7, 4, 0, 13, 3, 12, 9, 1, 5, 2, 15, 0, 6, 14, 11, 10, 0, 1, 1, 1, 1, 1, 1, 1, 1, 0, 0, 0, 1, 0, 1, 0]
Fitness: 377.835929 	[7, 4, 0, 3, 1, 5, 15, 12, 2, 0, 6, 9, 13, 8, 0, 11, 14, 10, 0, 1, 0, 0, 1, 1, 1, 1, 1, 0, 0, 1, 1, 1, 1, 0]
Fitness: 486.720524 	[8, 7, 4, 9, 3, 0, 2, 13, 6, 12, 5, 1, 11, 0, 14, 0, 10, 15, 0, 0, 0, 1, 1, 1, 1, 1, 1, 1, 1, 1, 1, 0, 0, 0]
Fitness: 506.346419 	[6, 14, 15, 0, 7, 0, 1, 0, 9, 12, 3, 4, 13, 5, 8, 11, 10, 2, 0, 0, 1, 0, 0, 1, 1, 1, 1, 1, 1, 1, 1, 0, 1, 0]
Fitness: 1200.317426 	[3, 1, 6, 0, 9, 4, 0, 5, 11, 14, 10, 0, 7, 8, 2, 12, 13, 15, 0, 0, 1, 1, 0, 1, 0, 1, 1, 1, 1, 1, 0, 1, 1, 0]
Fitness: 520.512469 	[4, 14, 15, 10, 0, 9, 13, 1, 0, 11, 3, 8, 5, 12, 6, 7, 0, 2, 0, 0, 1, 1, 0, 1, 1, 1, 0, 1, 0, 1, 1, 1, 1, 0]
Fitness: 242.716737 	[11, 2, 1, 5, 13, 14, 0, 9, 0, 12, 15, 10, 0, 3, 4, 7, 8, 6, 0, 0, 0, 1, 0, 1, 0, 1, 1, 1, 1, 1, 1, 1, 1, 0]
Fitness: 645.633003 	[10, 0, 8, 0, 12, 11, 14, 15, 9, 5, 0, 2, 3, 1, 4, 7, 6, 13, 0, 1, 1, 0, 1, 1, 1, 0, 1, 0, 1, 0, 1, 1, 1, 0]
Fitness: 240.713400 	[8, 0, 7, 10, 14, 0, 6, 11, 12, 5, 15, 2, 9, 0, 4, 13, 3, 1, 0, 0, 1, 1, 1, 1, 0, 1, 0, 1, 0, 1, 1, 1, 1, 0]
Fitness: 394.153042 	[14, 6, 13, 5, 3, 15, 1, 12, 4, 0, 11, 8, 10, 0, 9, 2, 0, 7, 0, 1, 1, 1, 1, 0, 1, 1, 1, 0, 1, 0, 0, 1, 1, 0]
Fitness: 933.154328 	[14, 10, 0, 3, 1, 8, 0, 7, 12, 6, 2, 5, 15, 9, 11, 13, 0, 4, 0, 1, 0, 1, 1, 1, 1, 0, 1, 0, 1, 1, 1, 0, 1, 0]
Fitness: 506.346419 	[6, 14, 15, 1, 0, 7, 0, 2, 0, 9, 12, 3, 4, 13, 5, 8, 11, 10, 0, 1, 1, 0, 0, 1, 1, 1, 0, 1, 1, 1, 1, 0, 1, 0]
Fitness: 746.869114 	[8, 5, 15, 4, 0, 14, 9, 1, 3, 13, 7, 10, 0, 11, 0, 6, 2, 12, 0, 1, 1, 1, 1, 1, 0, 1, 1, 1, 0, 0, 1, 0, 1, 0]
Fitness: 355.988368 	[8, 0, 15, 13, 2, 10, 3, 5, 1, 0, 9, 11, 12, 14, 7, 6, 0, 4, 0, 1, 1, 0, 1, 1, 1, 1, 1, 1, 1, 0, 0, 1, 0, 0]
Fitness: 878.945159 	[14, 1, 11, 0, 12, 6, 10, 15, 0, 3, 5, 9, 8, 0, 7, 4, 2, 13, 0, 1, 1, 0, 1, 1, 1, 1, 1, 0, 1, 0, 1, 1, 0, 0]
Fitness: 618.032666 	[15, 5, 3, 4, 8, 0, 11, 2, 10, 14, 13, 12, 7, 0, 9, 0, 1, 6, 0, 1, 1, 0, 1, 1, 1, 1, 1, 0, 1, 1, 0, 0, 1, 0]
Fitness: 740.300510 	[13, 6, 1, 0, 2, 10, 14, 4, 9, 7, 0, 8, 11, 0, 12, 15, 5, 3, 0, 0, 1, 1, 0, 1, 1, 1, 1, 0, 1, 1, 1, 1, 0, 0]
Fitness: 520.512469 	[9, 13, 1, 4, 14, 15, 0, 11, 3, 8, 5, 0, 12, 6, 7, 10, 0, 2, 0, 0, 1, 1, 0, 1, 1, 0, 0, 1, 1, 1, 1, 1, 1, 0]
Fitness: 534.876785 	[10, 14, 9, 6, 0, 1, 13, 7, 8, 12, 0, 5, 0, 2, 15, 3, 11, 4, 0, 1, 0, 0, 1, 1, 1, 0, 1, 1, 1, 0, 1, 1, 1, 0]
Fitness: 563.787893 	[4, 14, 0, 11, 8, 0, 7, 15, 2, 0, 3, 9, 5, 1, 13, 6, 10, 12, 0, 1, 0, 1, 1, 1, 0, 0, 1, 1, 1, 0, 1, 1, 1, 0]
Fitness: 665.694852 	[15, 10, 8, 0, 2, 14, 13, 0, 9, 5, 11, 3, 7, 12, 6, 0, 1, 4, 0, 1, 0, 0, 1, 0, 1, 0, 1, 1, 1, 1, 1, 1, 1, 0]
Fitness: 405.098635 	[11, 13, 1, 3, 10, 15, 7, 0, 14, 0, 5, 6, 0, 12, 9, 4, 2, 8, 0, 1, 0, 1, 1, 1, 0, 0, 1, 1, 1, 1, 0, 1, 1, 0]
Fitness: 993.891661 	[13, 0, 5, 6, 4, 0, 15, 2, 12, 7, 0, 10, 14, 11, 8, 1, 3, 9, 0, 1, 1, 1, 1, 1, 0, 0, 1, 1, 1, 0, 1, 1, 0, 0]
Fitness: 756.722092 	[3, 10, 0, 7, 1, 0, 6, 11, 0, 13, 4, 15, 9, 12, 14, 8, 5, 2, 0, 1, 0, 1, 0, 1, 0, 1, 1, 1, 1, 1, 1, 0, 1, 0]
Fitness: 627.334320 	[4, 2, 0, 13, 8, 6, 11, 1, 7, 14, 0, 9, 3, 5, 0, 10, 12, 15, 0, 1, 1, 1, 0, 1, 1, 1, 1, 0, 1, 0, 1, 1, 0, 0]
Fitness: 312.341768 	[5, 10, 1, 11, 0, 2, 0, 7, 4, 0, 9, 8, 12, 14, 13, 15, 3, 6, 0, 0, 1, 1, 1, 1, 1, 0, 0, 1, 1, 1, 1, 1, 0, 0]
Fitness: 849.039992 	[1, 13, 3, 0, 14, 9, 15, 12, 0, 2, 11, 5, 0, 10, 7, 4, 8, 6, 0, 1, 1, 1, 0, 0, 1, 1, 1, 1, 1, 0, 0, 1, 1, 0]
Fitness: 201.377823 	[14, 5, 3, 0, 13, 9, 11, 0, 10, 8, 0, 4, 2, 15, 1, 12, 7, 6, 0, 1, 1, 1, 0, 1, 0, 1, 1, 1, 0, 1, 1, 0, 1, 0]
Fitness: 923.792635 	[1, 8, 0, 3, 0, 2, 5, 11, 0, 9, 4, 6, 7, 10, 12, 13, 14, 15, 0, 1, 0, 1, 0, 1, 1, 0, 1, 1, 1, 1, 1, 1, 0, 0]
Fitness: 374.359653 	[11, 5, 10, 12, 0, 2, 14, 4, 3, 9, 8, 0, 1, 7, 0, 6, 15, 13, 0, 1, 1, 1, 0, 1, 1, 1, 0, 1, 1, 1, 1, 0, 0, 0]
Fitness: 836.625334 	[1, 3, 4, 14, 2, 0, 5, 0, 15, 12, 13, 8, 0, 6, 7, 9, 10, 11, 0, 1, 1, 0, 0, 1, 1, 1, 1, 0, 1, 0, 1, 1, 1, 0]
Fitness: 282.088674 	[5, 3, 14, 0, 4, 7, 1, 11, 2, 0, 8, 0, 13, 15, 6, 9, 12, 10, 0, 1, 0, 1, 1, 1, 0, 1, 1, 1, 1, 1, 0, 1, 0, 0]
Fitness: 670.448271 	[1, 14, 11, 2, 9, 3, 0, 5, 10, 7, 13, 15, 0, 6, 4, 12, 0, 8, 0, 0, 1, 1, 1, 1, 1, 1, 0, 1, 0, 0, 1, 1, 1, 0]
Fitness: 627.334320 	[2, 0, 13, 8, 6, 11, 1, 7, 4, 0, 9, 3, 5, 0, 10, 14, 12, 15, 0, 1, 1, 1, 1, 1, 0, 1, 1, 1, 1, 0, 0, 1, 0, 0]
Fitness: 462.233568 	[1, 12, 0, 11, 6, 2, 0, 13, 8, 4, 3, 10, 0, 5, 9, 15, 14, 7, 0, 1, 0, 1, 1, 0, 1, 0, 1, 1, 1, 1, 1, 0, 1, 0]
Fitness: 821.819746 	[5, 9, 1, 0, 14, 12, 13, 4, 0, 7, 15, 10, 11, 6, 0, 3, 8, 2, 0, 1, 0, 1, 1, 1, 1, 0, 1, 0, 1, 1, 0, 1, 1, 0]
Fitness: 547.150413 	[13, 2, 1, 14, 0, 7, 9, 0, 10, 3, 12, 4, 0, 11, 6, 8, 15, 5, 0, 1, 1, 0, 0, 1, 1, 0, 1, 1, 1, 1, 0, 1, 1, 0]
Fitness: 405.098635 	[3, 10, 15, 7, 0, 14, 5, 0, 6, 11, 13, 1, 0, 12, 9, 4, 2, 8, 0, 1, 0, 1, 1, 1, 0, 0, 1, 0, 1, 1, 1, 1, 1, 0]
Fitness: 699.248332 	[9, 0, 4, 7, 10, 13, 14, 15, 5, 12, 0, 8, 11, 1, 0, 2, 3, 6, 0, 1, 1, 1, 1, 1, 1, 0, 1, 1, 1, 0, 0, 1, 0, 0]
Fitness: 373.358465 	[1, 4, 13, 0, 5, 3, 0, 12, 6, 8, 11, 9, 0, 10, 7, 2, 15, 14, 0, 1, 1, 1, 1, 1, 1, 1, 0, 0, 1, 0, 0, 1, 1, 0]
Fitness: 698.259328 	[13, 7, 10, 0, 9, 2, 0, 6, 5, 8, 12, 3, 4, 0, 15, 1, 11, 14, 0, 1, 1, 1, 0, 0, 1, 0, 1, 1, 1, 1, 1, 1, 0, 0]
Fitness: 756.722092 	[7, 1, 2, 0, 3, 0, 10, 8, 4, 5, 6, 0, 9, 11, 12, 13, 14, 15, 0, 1, 0, 1, 0, 0, 1, 1, 1, 0, 1, 1, 1, 1, 1, 0]
Fitness: 384.008640 	[2, 8, 3, 5, 7, 0, 11, 15, 12, 0, 13, 10, 4, 9, 0, 1, 6, 14, 0, 0, 1, 1, 1, 1, 0, 1, 1, 1, 1, 1, 1, 0, 0, 0]
Fitness: 636.901507 	[10, 2, 13, 3, 12, 0, 15, 8, 5, 4, 7, 0, 11, 6, 1, 0, 14, 9, 0, 0, 1, 1, 1, 0, 1, 1, 1, 0, 1, 1, 0, 1, 1, 0]
Fitness: 756.722092 	[3, 0, 7, 0, 10, 6, 11, 1, 0, 13, 4, 15, 9, 12, 14, 8, 5, 2, 0, 1, 1, 0, 0, 1, 1, 1, 1, 1, 0, 0, 1, 1, 1, 0]
Fitness: 923.792635 	[2, 5, 11, 0, 3, 15, 1, 10, 8, 0, 6, 12, 7, 14, 0, 9, 4, 13, 0, 1, 0, 1, 1, 1, 1, 0, 1, 1, 1, 1, 0, 1, 0, 0]
Fitness: 683.801075 	[6, 13, 15, 0, 8, 2, 0, 12, 14, 5, 0, 3, 4, 11, 10, 9, 1, 7, 0, 0, 1, 1, 1, 1, 0, 1, 1, 0, 1, 1, 0, 1, 1, 0]
Fitness: 645.633003 	[10, 0, 8, 0, 12, 11, 14, 15, 9, 5, 0, 2, 3, 1, 4, 7, 6, 13, 0, 1, 1, 0, 0, 1, 1, 0, 1, 1, 1, 1, 0, 1, 1, 0]
Fitness: 508.172771 	[13, 4, 5, 0, 14, 9, 3, 0, 15, 7, 6, 12, 8, 1, 0, 11, 2, 10, 0, 1, 1, 0, 0, 1, 0, 0, 1, 1, 1, 1, 1, 1, 1, 0]
Fitness: 563.787893 	[3, 9, 5, 1, 13, 6, 10, 12, 0, 11, 8, 0, 14, 0, 4, 7, 2, 15, 0, 1, 0, 0, 1, 1, 1, 0, 1, 1, 1, 0, 1, 1, 1, 0]
Fitness: 286.831637 	[1, 13, 14, 12, 3, 0, 9, 11, 4, 0, 7, 0, 10, 2, 15, 6, 8, 5, 0, 1, 1, 1, 1, 1, 1, 0, 1, 0, 0, 1, 1, 1, 0, 0]
Fitness: 740.300510 	[13, 6, 1, 0, 8, 0, 2, 11, 10, 14, 4, 9, 7, 0, 12, 15, 5, 3, 0, 0, 1, 1, 0, 1, 1, 1, 1, 0, 1, 1, 0, 1, 1, 0]
Fitness: 377.835929 	[6, 9, 13, 8, 0, 3, 1, 5, 15, 12, 2, 0, 7, 4, 0, 11, 14, 10, 0, 1, 0, 0, 1, 1, 1, 1, 1, 0, 0, 1, 1, 1, 1, 0]
Fitness: 371.328766 	[1, 11, 4, 0, 2, 0, 5, 3, 0, 8, 7, 14, 13, 15, 6, 9, 12, 10, 0, 1, 0, 1, 1, 1, 0, 1, 1, 1, 1, 1, 1, 0, 0, 0]
Fitness: 363.672236 	[12, 13, 0, 11, 4, 2, 14, 15, 10, 8, 0, 1, 6, 5, 9, 0, 7, 3, 0, 1, 1, 1, 1, 1, 0, 0, 1, 0, 1, 1, 1, 0, 1, 0]
Fitness: 714.999362 	[5, 7, 0, 11, 14, 2, 6, 0, 9, 13, 1, 8, 0, 10, 3, 15, 12, 4, 0, 0, 0, 1, 1, 1, 1, 0, 1, 1, 1, 1, 1, 0, 1, 0]
Fitness: 557.628757 	[7, 1, 11, 0, 8, 0, 5, 3, 9, 12, 13, 0, 10, 14, 4, 2, 6, 15, 0, 1, 1, 1, 0, 1, 1, 1, 1, 0, 1, 0, 1, 0, 1, 0]
Fitness: 240.713400 	[8, 0, 6, 11, 12, 5, 15, 2, 9, 0, 7, 10, 0, 4, 13, 3, 14, 1, 0, 1, 1, 1, 1, 1, 0, 1, 0, 1, 0, 1, 1, 1, 0, 0]
Fitness: 756.722092 	[10, 8, 4, 5, 6, 9, 11, 12, 13, 14, 15, 0, 3, 0, 2, 0, 7, 1, 0, 1, 0, 1, 0, 1, 0, 1, 1, 0, 1, 1, 1, 1, 1, 0]
Fitness: 522.167569 	[4, 14, 15, 9, 0, 6, 8, 11, 2, 5, 12, 1, 7, 13, 0, 10, 0, 3, 0, 1, 1, 0, 1, 0, 1, 1, 1, 1, 1, 0, 1, 0, 1, 0]
Fitness: 756.722092 	[3, 10, 0, 6, 11, 0, 7, 1, 0, 13, 4, 15, 9, 12, 14, 8, 5, 2, 0, 1, 0, 1, 0, 1, 0, 1, 1, 1, 1, 1, 1, 0, 1, 0]
Fitness: 878.945159 	[14, 1, 11, 0, 7, 4, 2, 13, 0, 3, 5, 9, 8, 0, 12, 6, 10, 15, 0, 1, 1, 0, 1, 1, 1, 1, 1, 0, 1, 0, 1, 1, 0, 0]
Fitness: 282.088674 	[8, 0, 4, 7, 1, 11, 2, 0, 5, 3, 14, 0, 13, 15, 6, 9, 12, 10, 0, 1, 0, 1, 1, 1, 0, 1, 1, 1, 1, 1, 0, 1, 0, 0]
Fitness: 201.377823 	[13, 9, 11, 0, 14, 5, 8, 3, 0, 10, 0, 4, 2, 15, 1, 12, 7, 6, 0, 1, 1, 0, 0, 1, 0, 1, 1, 1, 1, 1, 1, 0, 1, 0]
Fitness: 286.831637 	[1, 13, 14, 12, 3, 0, 7, 0, 10, 2, 15, 6, 8, 5, 0, 9, 11, 4, 0, 1, 1, 1, 1, 1, 1, 0, 1, 0, 0, 1, 1, 1, 0, 0]
Fitness: 836.625334 	[1, 3, 4, 14, 2, 0, 5, 0, 6, 7, 9, 10, 11, 0, 15, 12, 13, 8, 0, 1, 1, 0, 0, 1, 1, 1, 1, 0, 1, 0, 1, 1, 1, 0]
Fitness: 627.334320 	[4, 2, 0, 10, 12, 15, 0, 9, 3, 5, 0, 13, 8, 6, 11, 1, 7, 14, 0, 1, 1, 1, 0, 1, 1, 1, 1, 0, 1, 0, 1, 1, 0, 0]
Fitness: 547.150413 	[13, 2, 1, 14, 0, 10, 3, 12, 4, 0, 7, 9, 0, 11, 6, 8, 15, 5, 0, 1, 1, 0, 0, 1, 1, 0, 1, 1, 1, 1, 0, 1, 1, 0]
Fitness: 940.037196 	[5, 0, 9, 11, 1, 6, 2, 10, 0, 4, 15, 0, 14, 3, 7, 8, 13, 12, 0, 0, 1, 1, 0, 1, 1, 1, 1, 1, 0, 1, 1, 0, 1, 0]
Fitness: 384.267168 	[5, 4, 15, 13, 14, 12, 1, 9, 0, 3, 0, 8, 2, 6, 7, 11, 0, 10, 0, 0, 1, 1, 1, 1, 1, 0, 1, 1, 1, 0, 1, 0, 1, 0]
Fitness: 627.334320 	[13, 8, 6, 11, 1, 7, 4, 0, 2, 0, 9, 3, 5, 0, 10, 14, 12, 15, 0, 1, 1, 1, 1, 1, 0, 1, 1, 1, 1, 0, 0, 1, 0, 0]
Fitness: 494.720999 	[1, 12, 15, 0, 4, 0, 14, 3, 10, 11, 13, 2, 6, 8, 7, 5, 0, 9, 0, 1, 1, 1, 1, 0, 1, 0, 1, 1, 0, 0, 1, 1, 1, 0]
Fitness: 703.685463 	[15, 3, 1, 6, 12, 0, 11, 2, 4, 0, 10, 9, 7, 8, 0, 5, 14, 13, 0, 0, 0, 1, 1, 1, 1, 1, 1, 0, 0, 1, 1, 1, 1, 0]
Fitness: 486.755949 	[15, 0, 1, 0, 6, 2, 8, 5, 3, 4, 0, 10, 13, 9, 11, 12, 7, 14, 0, 0, 1, 0, 1, 1, 1, 0, 0, 1, 1, 1, 1, 1, 1, 0]
Fitness: 937.290057 	[8, 11, 12, 14, 15, 7, 0, 6, 1, 2, 5, 0, 4, 9, 0, 13, 3, 10, 0, 1, 0, 1, 1, 0, 1, 1, 1, 1, 0, 1, 1, 1, 0, 0]
Fitness: 508.172771 	[13, 4, 5, 0, 11, 2, 10, 0, 15, 7, 6, 12, 8, 1, 0, 14, 9, 3, 0, 1, 1, 0, 0, 1, 0, 0, 1, 1, 1, 1, 1, 1, 1, 0]
Fitness: 683.801075 	[6, 13, 15, 0, 12, 14, 0, 8, 2, 0, 3, 4, 11, 10, 5, 9, 1, 7, 0, 0, 1, 1, 1, 0, 0, 1, 1, 0, 1, 1, 1, 1, 1, 0]
Fitness: 494.720999 	[4, 0, 1, 12, 15, 0, 14, 3, 10, 11, 13, 2, 6, 8, 7, 5, 0, 9, 0, 1, 1, 1, 1, 0, 1, 0, 1, 1, 0, 0, 1, 1, 1, 0]
Fitness: 462.860027 	[8, 2, 6, 4, 9, 0, 13, 12, 0, 3, 11, 7, 15, 10, 0, 14, 1, 5, 0, 0, 1, 1, 1, 1, 1, 1, 1, 1, 0, 0, 1, 0, 1, 0]
Fitness: 646.903297 	[10, 0, 6, 3, 14, 9, 2, 11, 15, 0, 4, 1, 5, 7, 0, 8, 12, 13, 0, 1, 0, 1, 1, 1, 1, 1, 0, 1, 0, 0, 1, 1, 1, 0]
Fitness: 394.153042 	[11, 8, 10, 0, 14, 6, 13, 5, 3, 15, 1, 12, 4, 0, 9, 2, 0, 7, 0, 1, 1, 1, 1, 0, 1, 1, 1, 0, 1, 0, 0, 1, 1, 0]
Fitness: 933.154328 	[7, 12, 6, 2, 5, 15, 8, 9, 11, 13, 0, 3, 1, 0, 4, 0, 10, 14, 0, 1, 0, 1, 0, 1, 1, 0, 1, 1, 1, 1, 1, 0, 1, 0]
Fitness: 374.359653 	[11, 5, 10, 12, 0, 6, 15, 13, 0, 1, 7, 0, 2, 14, 4, 3, 9, 8, 0, 1, 1, 1, 0, 1, 1, 1, 0, 1, 1, 1, 1, 0, 0, 0]
Fitness: 288.196726 	[8, 10, 0, 7, 4, 0, 6, 14, 11, 0, 13, 3, 12, 9, 1, 5, 2, 15, 0, 1, 1, 1, 1, 1, 0, 1, 1, 0, 1, 0, 1, 0, 1, 0]
Fitness: 840.471937 	[14, 10, 8, 5, 0, 12, 13, 2, 0, 11, 15, 1, 6, 9, 4, 0, 7, 3, 0, 1, 1, 0, 1, 1, 0, 1, 1, 1, 0, 1, 0, 1, 1, 0]
Fitness: 355.988368 	[8, 0, 15, 13, 2, 10, 3, 5, 0, 4, 0, 1, 9, 11, 12, 14, 7, 6, 0, 1, 1, 1, 1, 1, 0, 1, 1, 0, 1, 0, 0, 1, 1, 0]
Fitness: 553.363809 	[5, 8, 12, 9, 0, 3, 4, 2, 0, 15, 11, 7, 6, 0, 10, 13, 1, 14, 0, 0, 1, 1, 1, 1, 1, 1, 1, 1, 0, 1, 0, 0, 1, 0]
Fitness: 355.988368 	[2, 13, 0, 1, 9, 11, 12, 14, 7, 6, 0, 3, 4, 5, 10, 0, 8, 15, 0, 1, 1, 0, 1, 1, 1, 1, 1, 0, 1, 0, 0, 1, 1, 0]
Fitness: 626.735058 	[12, 15, 4, 14, 0, 6, 0, 7, 3, 1, 0, 8, 10, 2, 13, 5, 11, 9, 0, 1, 1, 0, 1, 1, 1, 0, 1, 1, 1, 1, 1, 0, 0, 0]
Fitness: 373.358465 	[1, 4, 13, 0, 12, 6, 8, 11, 9, 0, 5, 3, 0, 10, 7, 2, 15, 14, 0, 1, 1, 1, 1, 1, 1, 1, 0, 0, 1, 0, 0, 1, 1, 0]
Fitness: 890.615972 	[3, 10, 12, 7, 11, 0, 5, 13, 0, 6, 2, 14, 1, 4, 8, 9, 0, 15, 0, 0, 1, 1, 1, 1, 0, 1, 1, 0, 1, 1, 0, 1, 1, 0]
Fitness: 201.377823 	[4, 2, 15, 1, 12, 7, 6, 0, 13, 9, 11, 0, 10, 8, 0, 14, 5, 3, 0, 1, 1, 1, 0, 1, 0, 1, 1, 1, 0, 1, 1, 0, 1, 0]
Fitness: 849.039992 	[1, 13, 3, 0, 2, 11, 5, 0, 14, 9, 15, 12, 0, 10, 7, 4, 8, 6, 0, 1, 1, 1, 0, 0, 1, 1, 1, 1, 1, 0, 0, 1, 1, 0]
Fitness: 391.336212 	[12, 15, 6, 0, 2, 8, 13, 9, 0, 7, 5, 10, 4, 14, 11, 1, 0, 3, 0, 1, 1, 1, 1, 1, 0, 1, 0, 1, 1, 0, 1, 1, 0, 0]
Fitness: 703.685463 	[15, 3, 1, 6, 12, 5, 0, 11, 2, 4, 0, 10, 9, 7, 8, 0, 14, 13, 0, 0, 0, 1, 1, 1, 1, 1, 1, 1, 0, 1, 0, 1, 1, 0]
Fitness: 746.869114 	[6, 2, 12, 0, 14, 9, 1, 3, 13, 7, 0, 11, 0, 8, 5, 15, 4, 10, 0, 1, 1, 0, 1, 1, 0, 1, 1, 1, 0, 0, 1, 1, 1, 0]
Fitness: 636.901507 	[10, 2, 13, 3, 12, 0, 14, 9, 0, 11, 6, 1, 0, 15, 8, 5, 4, 7, 0, 0, 1, 1, 1, 0, 1, 1, 1, 0, 1, 1, 0, 1, 1, 0]
Fitness: 923.792635 	[13, 6, 12, 7, 14, 0, 3, 15, 1, 10, 8, 0, 2, 5, 11, 0, 9, 4, 0, 1, 0, 1, 1, 1, 1, 0, 1, 1, 1, 0, 1, 1, 0, 0]
Fitness: 665.694852 	[15, 10, 8, 0, 1, 4, 0, 9, 5, 11, 3, 7, 12, 0, 2, 14, 6, 13, 0, 1, 1, 0, 0, 0, 1, 0, 1, 1, 1, 1, 1, 1, 1, 0]
Time: 0.19216