Fitness: 1372.199844 	[4, 3, 0, 11, 5, 6, 9, 0, 2, 7, 12, 8, 10, 15, 14, 0, 1, 13, 0, 1, 0, 1, 1, 1, 1, 1, 0, 1, 1, 1, 1, 0, 1, 1, 1, 0, 1, 1, 1, 1, 1, 1, 1, 0]
Fitness: 1372.199844 	[4, 3, 0, 11, 5, 6, 9, 0, 2, 7, 12, 8, 10, 15, 14, 0, 1, 13, 0, 1, 0, 1, 1, 1, 1, 1, 0, 1, 1, 1, 1, 0, 1, 1, 1, 0, 1, 1, 1, 1, 1, 1, 1, 0]
Fitness: 1372.199844 	[4, 3, 0, 11, 5, 6, 9, 0, 2, 7, 12, 8, 10, 15, 14, 0, 1, 13, 0, 1, 0, 1, 1, 1, 1, 1, 0, 1, 1, 1, 1, 0, 1, 1, 1, 0, 1, 1, 1, 1, 1, 1, 1, 0]
Fitness: 1372.199844 	[4, 3, 0, 11, 5, 6, 9, 0, 2, 7, 12, 8, 10, 15, 14, 0, 1, 13, 0, 1, 0, 1, 1, 1, 1, 1, 0, 1, 1, 1, 1, 0, 1, 1, 1, 0, 1, 1, 1, 1, 1, 1, 1, 0]
Fitness: 1372.199844 	[4, 3, 0, 11, 5, 6, 9, 0, 2, 7, 12, 8, 10, 15, 14, 0, 1, 13, 0, 1, 0, 1, 1, 1, 1, 1, 0, 1, 1, 1, 1, 0, 1, 1, 1, 0, 1, 1, 1, 1, 1, 1, 1, 0]
Fitness: 1372.199844 	[4, 3, 0, 11, 5, 6, 9, 0, 2, 7, 12, 8, 10, 15, 14, 0, 1, 13, 0, 1, 0, 1, 1, 1, 1, 1, 0, 1, 1, 1, 1, 0, 1, 1, 1, 0, 1, 1, 1, 1, 1, 1, 1, 0]
Fitness: 1344.356468 	[4, 3, 0, 11, 5, 6, 0, 2, 7, 12, 8, 10, 15, 14, 0, 1, 13, 9, 0, 1, 0, 1, 1, 1, 1, 1, 0, 1, 1, 1, 1, 0, 1, 1, 1, 0, 1, 1, 1, 1, 1, 1, 1, 0]
Fitness: 1343.185801 	[4, 3, 0, 9, 11, 5, 0, 2, 7, 12, 8, 10, 15, 14, 0, 1, 6, 13, 0, 1, 0, 1, 1, 1, 1, 1, 0, 1, 1, 1, 1, 0, 1, 1, 1, 0, 1, 1, 1, 1, 1, 1, 1, 0]
Fitness: 1343.185801 	[4, 3, 0, 9, 11, 5, 0, 2, 7, 12, 8, 10, 15, 14, 0, 1, 6, 13, 0, 1, 0, 1, 1, 1, 1, 1, 0, 1, 1, 1, 1, 0, 1, 1, 1, 0, 1, 1, 1, 1, 1, 1, 1, 0]
Fitness: 1343.185801 	[4, 3, 0, 9, 11, 5, 0, 2, 7, 12, 8, 10, 15, 14, 0, 1, 6, 13, 0, 1, 0, 1, 1, 1, 1, 1, 0, 1, 1, 1, 1, 0, 1, 1, 1, 0, 1, 1, 1, 1, 1, 1, 1, 0]
Fitness: 1341.639317 	[9, 11, 5, 0, 4, 3, 13, 6, 0, 2, 7, 12, 8, 10, 15, 14, 0, 1, 0, 1, 0, 1, 1, 1, 1, 0, 1, 1, 1, 1, 1, 0, 1, 1, 1, 0, 1, 1, 1, 1, 1, 1, 1, 0]
Fitness: 1341.639317 	[4, 3, 13, 6, 0, 9, 11, 5, 0, 2, 7, 12, 8, 10, 15, 14, 0, 1, 0, 1, 0, 1, 1, 1, 1, 1, 0, 1, 1, 1, 1, 0, 1, 1, 1, 0, 1, 1, 1, 1, 1, 1, 1, 0]
Fitness: 1341.639317 	[4, 3, 13, 6, 0, 9, 11, 5, 0, 2, 7, 12, 8, 10, 15, 14, 0, 1, 0, 1, 0, 1, 1, 1, 1, 1, 0, 1, 1, 1, 1, 0, 1, 1, 1, 0, 1, 1, 1, 1, 1, 1, 1, 0]
Fitness: 1339.867126 	[9, 11, 5, 0, 4, 3, 0, 2, 7, 12, 8, 10, 15, 14, 0, 1, 6, 13, 0, 1, 0, 1, 1, 1, 1, 1, 0, 1, 1, 1, 1, 0, 1, 1, 1, 0, 1, 1, 1, 1, 1, 1, 1, 0]
Fitness: 1339.867126 	[9, 11, 5, 0, 4, 3, 0, 2, 7, 12, 8, 10, 15, 14, 0, 1, 6, 13, 0, 1, 0, 1, 1, 1, 1, 1, 0, 1, 1, 1, 1, 0, 1, 1, 1, 0, 1, 1, 1, 1, 1, 1, 1, 0]
Fitness: 1339.867126 	[9, 11, 5, 0, 4, 3, 0, 2, 7, 12, 8, 10, 15, 14, 0, 1, 6, 13, 0, 1, 0, 1, 1, 1, 1, 1, 0, 1, 1, 1, 1, 0, 1, 1, 1, 0, 1, 1, 1, 1, 1, 1, 1, 0]
Fitness: 1339.867126 	[9, 11, 5, 0, 4, 3, 0, 2, 7, 12, 8, 10, 15, 14, 0, 1, 6, 13, 0, 1, 0, 1, 1, 1, 1, 1, 0, 1, 1, 1, 1, 0, 1, 1, 1, 0, 1, 1, 1, 1, 1, 1, 1, 0]
Fitness: 1339.867126 	[9, 11, 5, 0, 4, 3, 0, 2, 7, 12, 8, 10, 15, 14, 0, 1, 6, 13, 0, 1, 0, 1, 1, 1, 1, 1, 0, 1, 1, 1, 1, 0, 1, 1, 1, 0, 1, 1, 1, 1, 1, 1, 1, 0]
Fitness: 1337.650329 	[5, 9, 11, 0, 4, 3, 13, 6, 0, 2, 7, 12, 8, 10, 15, 14, 0, 1, 0, 1, 0, 1, 1, 1, 1, 1, 0, 1, 1, 1, 1, 0, 1, 1, 1, 0, 1, 1, 1, 1, 1, 1, 1, 0]
Fitness: 1337.025318 	[4, 3, 13, 0, 11, 5, 6, 9, 0, 2, 7, 12, 8, 10, 15, 14, 0, 1, 0, 1, 0, 1, 1, 1, 1, 1, 0, 1, 1, 1, 1, 1, 1, 0, 1, 0, 1, 1, 1, 1, 1, 1, 1, 0]
Fitness: 1331.491276 	[1, 6, 13, 0, 9, 11, 5, 0, 2, 7, 12, 8, 10, 15, 14, 0, 4, 3, 0, 1, 0, 1, 1, 1, 1, 1, 0, 1, 1, 1, 1, 0, 1, 1, 1, 0, 1, 1, 1, 1, 1, 1, 1, 0]
Fitness: 1331.491276 	[1, 6, 13, 0, 9, 11, 5, 0, 2, 7, 12, 8, 10, 15, 14, 0, 4, 3, 0, 1, 0, 1, 1, 1, 1, 1, 0, 1, 1, 1, 1, 0, 1, 1, 1, 0, 1, 1, 1, 1, 1, 1, 1, 0]
Fitness: 1326.352497 	[9, 11, 0, 4, 3, 13, 6, 0, 2, 7, 12, 8, 10, 15, 14, 0, 1, 5, 0, 1, 0, 1, 1, 1, 0, 1, 1, 1, 1, 1, 1, 0, 1, 1, 1, 0, 1, 1, 1, 1, 1, 1, 1, 0]
Fitness: 1325.105657 	[4, 3, 11, 0, 5, 6, 9, 0, 2, 7, 12, 8, 10, 15, 14, 0, 1, 13, 0, 1, 0, 1, 1, 1, 1, 1, 1, 1, 0, 1, 1, 0, 1, 1, 1, 0, 1, 1, 1, 1, 1, 1, 1, 0]
Fitness: 1324.851238 	[5, 9, 11, 0, 4, 3, 13, 6, 0, 2, 7, 12, 8, 10, 15, 14, 0, 1, 0, 1, 0, 1, 1, 1, 0, 1, 1, 1, 1, 1, 1, 0, 1, 1, 1, 0, 1, 1, 1, 1, 1, 1, 1, 0]
Fitness: 1322.325338 	[9, 11, 5, 0, 1, 6, 13, 0, 2, 7, 12, 8, 10, 15, 14, 0, 4, 3, 0, 1, 0, 1, 1, 1, 1, 1, 0, 1, 1, 1, 1, 0, 1, 1, 1, 0, 1, 1, 1, 1, 1, 1, 1, 0]
Fitness: 1321.535250 	[1, 6, 13, 0, 4, 3, 0, 2, 7, 12, 8, 10, 15, 14, 0, 9, 11, 5, 0, 1, 0, 1, 1, 1, 1, 1, 0, 1, 1, 1, 1, 0, 1, 1, 1, 0, 1, 1, 1, 1, 1, 1, 1, 0]
Fitness: 1321.046806 	[1, 0, 11, 5, 6, 9, 0, 2, 7, 12, 8, 10, 15, 14, 0, 4, 3, 13, 0, 1, 0, 1, 1, 1, 1, 1, 0, 1, 1, 1, 1, 1, 1, 0, 1, 0, 1, 1, 1, 1, 1, 1, 1, 0]
Fitness: 1318.745136 	[4, 3, 0, 2, 7, 12, 8, 10, 15, 14, 0, 11, 5, 6, 0, 1, 13, 9, 0, 1, 0, 1, 1, 1, 1, 1, 0, 1, 1, 1, 1, 0, 1, 1, 1, 1, 1, 0, 1, 1, 1, 1, 1, 0]
Fitness: 1316.350543 	[1, 0, 9, 11, 5, 0, 2, 7, 12, 8, 10, 15, 14, 0, 4, 3, 13, 6, 0, 1, 0, 1, 1, 1, 1, 1, 0, 1, 1, 1, 1, 0, 1, 1, 1, 0, 1, 1, 1, 1, 1, 1, 1, 0]
Fitness: 1316.350543 	[1, 0, 9, 11, 5, 0, 2, 7, 12, 8, 10, 15, 14, 0, 4, 3, 13, 6, 0, 1, 0, 1, 1, 1, 1, 1, 0, 1, 1, 1, 1, 0, 1, 1, 1, 0, 1, 1, 1, 1, 1, 1, 1, 0]
Fitness: 1316.350543 	[1, 0, 9, 11, 5, 0, 2, 7, 12, 8, 10, 15, 14, 0, 4, 3, 13, 6, 0, 1, 0, 1, 1, 1, 1, 1, 0, 1, 1, 1, 1, 0, 1, 1, 1, 0, 1, 1, 1, 1, 1, 1, 1, 0]
Fitness: 1316.350543 	[1, 0, 9, 11, 5, 0, 2, 7, 12, 8, 10, 15, 14, 0, 4, 3, 13, 6, 0, 1, 0, 1, 1, 1, 1, 1, 0, 1, 1, 1, 1, 0, 1, 1, 1, 0, 1, 1, 1, 1, 1, 1, 1, 0]
Fitness: 1316.350543 	[1, 0, 9, 11, 5, 0, 2, 7, 12, 8, 10, 15, 14, 0, 4, 3, 13, 6, 0, 1, 0, 1, 1, 1, 1, 1, 0, 1, 1, 1, 1, 0, 1, 1, 1, 0, 1, 1, 1, 1, 1, 1, 1, 0]
Fitness: 1316.350543 	[1, 0, 9, 11, 5, 0, 2, 7, 12, 8, 10, 15, 14, 0, 4, 3, 13, 6, 0, 1, 0, 1, 1, 1, 1, 1, 0, 1, 1, 1, 1, 0, 1, 1, 1, 0, 1, 1, 1, 1, 1, 1, 1, 0]
Fitness: 1316.350543 	[1, 0, 9, 11, 5, 0, 2, 7, 12, 8, 10, 15, 14, 0, 4, 3, 13, 6, 0, 1, 0, 1, 1, 1, 1, 1, 0, 1, 1, 1, 1, 0, 1, 1, 1, 0, 1, 1, 1, 1, 1, 1, 1, 0]
Fitness: 1316.350543 	[1, 0, 9, 11, 5, 0, 2, 7, 12, 8, 10, 15, 14, 0, 4, 3, 13, 6, 0, 1, 0, 1, 1, 1, 1, 1, 0, 1, 1, 1, 1, 0, 1, 1, 1, 0, 1, 1, 1, 1, 1, 1, 1, 0]
Fitness: 1316.350543 	[9, 11, 5, 0, 1, 0, 2, 7, 12, 8, 10, 15, 14, 0, 4, 3, 13, 6, 0, 1, 0, 1, 1, 1, 1, 0, 1, 1, 1, 1, 1, 0, 1, 1, 1, 0, 1, 1, 1, 1, 1, 1, 1, 0]
Fitness: 1316.350543 	[1, 0, 9, 11, 5, 0, 2, 7, 12, 8, 10, 15, 14, 0, 4, 3, 13, 6, 0, 1, 0, 1, 1, 1, 1, 1, 0, 1, 1, 1, 1, 0, 1, 1, 1, 0, 1, 1, 1, 1, 1, 1, 1, 0]
Fitness: 1316.350543 	[1, 0, 9, 11, 5, 0, 2, 7, 12, 8, 10, 15, 14, 0, 4, 3, 13, 6, 0, 1, 0, 1, 1, 1, 1, 1, 0, 1, 1, 1, 1, 0, 1, 1, 1, 0, 1, 1, 1, 1, 1, 1, 1, 0]
Fitness: 1316.350543 	[1, 0, 9, 11, 5, 0, 2, 7, 12, 8, 10, 15, 14, 0, 4, 3, 13, 6, 0, 1, 0, 1, 1, 1, 1, 1, 0, 1, 1, 1, 1, 0, 1, 1, 1, 0, 1, 1, 1, 1, 1, 1, 1, 0]
Fitness: 1316.350543 	[1, 0, 9, 11, 5, 0, 2, 7, 12, 8, 10, 15, 14, 0, 4, 3, 13, 6, 0, 1, 0, 1, 1, 1, 1, 1, 0, 1, 1, 1, 1, 0, 1, 1, 1, 0, 1, 1, 1, 1, 1, 1, 1, 0]
Fitness: 1316.350543 	[1, 0, 9, 11, 5, 0, 2, 7, 12, 8, 10, 15, 14, 0, 4, 3, 13, 6, 0, 1, 0, 1, 1, 1, 1, 1, 0, 1, 1, 1, 1, 0, 1, 1, 1, 0, 1, 1, 1, 1, 1, 1, 1, 0]
Fitness: 1315.687988 	[4, 3, 0, 1, 6, 13, 0, 2, 7, 12, 8, 10, 15, 14, 0, 9, 11, 5, 0, 1, 0, 1, 1, 1, 1, 1, 0, 1, 1, 1, 1, 0, 1, 1, 1, 0, 1, 1, 1, 1, 1, 1, 1, 0]
Fitness: 1315.687988 	[4, 3, 0, 1, 6, 13, 0, 2, 7, 12, 8, 10, 15, 14, 0, 9, 11, 5, 0, 1, 0, 1, 1, 1, 1, 1, 0, 1, 1, 1, 1, 0, 1, 1, 1, 0, 1, 1, 1, 1, 1, 1, 1, 0]
Fitness: 1315.687988 	[4, 3, 0, 1, 6, 13, 0, 2, 7, 12, 8, 10, 15, 14, 0, 9, 11, 5, 0, 1, 0, 1, 1, 1, 1, 1, 0, 1, 1, 1, 1, 0, 1, 1, 1, 0, 1, 1, 1, 1, 1, 1, 1, 0]
Fitness: 1314.851862 	[2, 7, 12, 8, 10, 15, 14, 0, 4, 3, 0, 9, 11, 5, 6, 0, 1, 13, 0, 1, 0, 1, 0, 1, 1, 1, 1, 1, 1, 1, 1, 0, 1, 1, 1, 0, 1, 1, 1, 1, 1, 1, 1, 0]
Fitness: 1314.851862 	[2, 7, 12, 8, 10, 15, 14, 0, 4, 3, 0, 9, 11, 5, 6, 0, 1, 13, 0, 1, 0, 1, 0, 1, 1, 1, 1, 1, 1, 1, 1, 0, 1, 1, 1, 0, 1, 1, 1, 1, 1, 1, 1, 0]
Fitness: 1311.079695 	[1, 0, 9, 11, 5, 0, 2, 7, 12, 8, 10, 15, 14, 3, 0, 4, 13, 6, 0, 1, 0, 1, 1, 1, 1, 1, 0, 1, 1, 1, 1, 1, 1, 1, 1, 0, 1, 1, 0, 1, 1, 1, 1, 0]
Fitness: 1309.874408 	[1, 13, 0, 9, 11, 5, 10, 6, 0, 4, 3, 0, 2, 7, 12, 8, 15, 14, 0, 1, 0, 1, 1, 1, 1, 1, 0, 1, 1, 1, 1, 1, 0, 1, 1, 1, 1, 1, 1, 1, 0, 1, 1, 0]
Fitness: 1306.888653 	[3, 4, 0, 9, 11, 5, 0, 12, 2, 6, 7, 8, 10, 13, 14, 15, 0, 1, 0, 1, 0, 1, 1, 1, 1, 1, 0, 1, 1, 1, 1, 0, 1, 1, 1, 0, 1, 1, 1, 1, 1, 1, 1, 0]
Fitness: 1306.223373 	[1, 6, 13, 0, 4, 0, 9, 11, 5, 10, 3, 0, 2, 7, 12, 8, 15, 14, 0, 1, 0, 1, 1, 1, 1, 1, 0, 1, 1, 1, 1, 1, 1, 1, 1, 0, 1, 1, 1, 1, 0, 1, 1, 0]
Fitness: 1305.410136 	[4, 0, 2, 7, 12, 8, 10, 15, 14, 0, 9, 11, 5, 0, 1, 6, 13, 3, 0, 1, 0, 1, 1, 1, 1, 1, 0, 1, 1, 1, 0, 1, 1, 1, 1, 0, 1, 1, 1, 1, 1, 1, 1, 0]
Fitness: 1304.133800 	[3, 4, 9, 0, 11, 5, 0, 12, 2, 6, 7, 8, 10, 13, 14, 15, 0, 1, 0, 1, 0, 1, 1, 1, 1, 1, 0, 1, 1, 1, 1, 0, 1, 1, 1, 0, 1, 1, 1, 1, 1, 1, 1, 0]
Fitness: 1303.860651 	[9, 11, 5, 0, 4, 3, 0, 12, 2, 6, 7, 8, 10, 13, 14, 15, 0, 1, 0, 1, 0, 1, 1, 1, 1, 1, 0, 1, 1, 1, 1, 0, 1, 1, 1, 0, 1, 1, 1, 1, 1, 1, 1, 0]
Fitness: 1303.860651 	[9, 11, 5, 0, 4, 3, 0, 12, 2, 6, 7, 8, 10, 13, 14, 15, 0, 1, 0, 1, 0, 1, 1, 1, 1, 1, 0, 1, 1, 1, 1, 0, 1, 1, 1, 0, 1, 1, 1, 1, 1, 1, 1, 0]
Fitness: 1303.860651 	[9, 11, 5, 0, 4, 3, 0, 12, 2, 6, 7, 8, 10, 13, 14, 15, 0, 1, 0, 1, 0, 1, 1, 1, 1, 1, 0, 1, 1, 1, 1, 0, 1, 1, 1, 0, 1, 1, 1, 1, 1, 1, 1, 0]
Fitness: 1303.860651 	[9, 11, 5, 0, 4, 3, 0, 12, 2, 6, 7, 8, 10, 13, 14, 15, 0, 1, 0, 1, 0, 1, 1, 1, 1, 1, 0, 1, 1, 1, 1, 0, 1, 1, 1, 0, 1, 1, 1, 1, 1, 1, 1, 0]
Fitness: 1303.860651 	[9, 11, 5, 0, 4, 3, 0, 12, 2, 6, 7, 8, 10, 13, 14, 15, 0, 1, 0, 1, 0, 1, 1, 1, 1, 1, 0, 1, 1, 1, 1, 0, 1, 1, 1, 0, 1, 1, 1, 1, 1, 1, 1, 0]
Fitness: 1303.860651 	[9, 11, 5, 0, 4, 3, 0, 12, 2, 6, 7, 8, 10, 13, 14, 15, 0, 1, 0, 1, 0, 1, 1, 1, 1, 1, 0, 1, 1, 1, 1, 0, 1, 1, 1, 0, 1, 1, 1, 1, 1, 1, 1, 0]
Fitness: 1302.472734 	[5, 11, 0, 1, 4, 0, 9, 3, 0, 12, 2, 6, 7, 8, 10, 13, 14, 15, 0, 1, 0, 1, 1, 1, 1, 1, 0, 1, 1, 1, 1, 1, 1, 1, 1, 0, 1, 1, 1, 1, 0, 1, 1, 0]
Fitness: 1302.472734 	[5, 11, 0, 1, 4, 0, 9, 3, 0, 12, 2, 6, 7, 8, 10, 13, 14, 15, 0, 1, 0, 1, 1, 1, 1, 1, 0, 1, 1, 1, 1, 1, 1, 1, 1, 0, 1, 1, 1, 1, 0, 1, 1, 0]
Fitness: 1302.472734 	[5, 11, 0, 1, 4, 0, 9, 3, 0, 12, 2, 6, 7, 8, 10, 13, 14, 15, 0, 1, 0, 1, 1, 1, 1, 1, 0, 1, 1, 1, 1, 1, 1, 1, 1, 0, 1, 1, 1, 1, 0, 1, 1, 0]
Fitness: 1301.667906 	[9, 11, 5, 0, 2, 7, 12, 8, 10, 15, 14, 0, 1, 3, 4, 6, 0, 13, 0, 1, 0, 1, 1, 1, 1, 1, 0, 1, 1, 1, 1, 0, 1, 1, 1, 0, 1, 1, 1, 1, 1, 1, 1, 0]
Fitness: 1301.179663 	[4, 3, 0, 2, 7, 12, 8, 10, 15, 14, 0, 9, 11, 5, 0, 1, 13, 6, 0, 1, 0, 1, 1, 1, 1, 1, 0, 1, 1, 1, 1, 0, 1, 1, 1, 0, 1, 1, 1, 1, 1, 1, 1, 0]
Fitness: 1301.179663 	[4, 3, 0, 2, 7, 12, 8, 10, 15, 14, 0, 9, 11, 5, 0, 1, 6, 13, 0, 1, 0, 1, 1, 1, 1, 1, 0, 1, 1, 1, 1, 0, 1, 1, 1, 0, 1, 1, 1, 1, 1, 1, 1, 0]
Fitness: 1301.179663 	[4, 3, 0, 2, 7, 12, 8, 10, 15, 14, 0, 9, 11, 5, 0, 1, 6, 13, 0, 1, 0, 1, 1, 1, 1, 1, 0, 1, 1, 1, 1, 0, 1, 1, 1, 0, 1, 1, 1, 1, 1, 1, 1, 0]
Fitness: 1301.179663 	[4, 3, 0, 2, 7, 12, 8, 10, 15, 14, 0, 9, 11, 5, 0, 1, 6, 13, 0, 1, 0, 1, 1, 1, 1, 1, 0, 1, 1, 1, 1, 0, 1, 1, 1, 0, 1, 1, 1, 1, 1, 1, 1, 0]
Fitness: 1301.179663 	[4, 3, 0, 2, 7, 12, 8, 10, 15, 14, 0, 9, 11, 5, 0, 1, 13, 6, 0, 1, 0, 1, 1, 1, 1, 1, 0, 1, 1, 1, 1, 0, 1, 1, 1, 0, 1, 1, 1, 1, 1, 1, 1, 0]
Fitness: 1301.179663 	[4, 3, 0, 2, 7, 12, 8, 10, 15, 14, 0, 9, 11, 5, 0, 1, 6, 13, 0, 1, 0, 1, 1, 1, 1, 1, 0, 1, 1, 1, 1, 0, 1, 1, 1, 0, 1, 1, 1, 1, 1, 1, 1, 0]
Fitness: 1301.179663 	[4, 3, 0, 2, 7, 12, 8, 10, 15, 14, 0, 9, 11, 5, 0, 1, 13, 6, 0, 1, 0, 1, 1, 1, 1, 1, 0, 1, 1, 1, 1, 0, 1, 1, 1, 0, 1, 1, 1, 1, 1, 1, 1, 0]
Fitness: 1300.595838 	[3, 4, 0, 9, 11, 5, 14, 0, 1, 0, 12, 2, 7, 8, 10, 13, 15, 6, 0, 1, 0, 1, 1, 1, 1, 1, 0, 1, 1, 1, 1, 0, 1, 1, 1, 1, 1, 1, 0, 1, 1, 1, 1, 0]
Fitness: 1300.595838 	[3, 4, 0, 9, 11, 5, 14, 0, 1, 0, 12, 2, 7, 8, 10, 13, 15, 6, 0, 1, 0, 1, 1, 1, 1, 1, 0, 1, 1, 1, 1, 0, 1, 1, 1, 1, 1, 1, 0, 1, 1, 1, 1, 0]
Fitness: 1299.717168 	[9, 11, 5, 0, 1, 0, 2, 7, 12, 8, 10, 15, 14, 0, 4, 3, 13, 6, 0, 1, 0, 1, 1, 1, 1, 1, 0, 1, 1, 1, 1, 0, 1, 1, 1, 0, 1, 1, 1, 1, 1, 1, 1, 0]
Fitness: 1299.717168 	[9, 11, 5, 0, 1, 0, 2, 7, 12, 8, 10, 15, 14, 0, 4, 3, 13, 6, 0, 1, 0, 1, 1, 1, 1, 1, 0, 1, 1, 1, 1, 0, 1, 1, 1, 0, 1, 1, 1, 1, 1, 1, 1, 0]
Fitness: 1295.145471 	[9, 11, 5, 14, 0, 3, 4, 0, 1, 0, 12, 2, 7, 8, 10, 13, 15, 6, 0, 1, 0, 1, 1, 1, 1, 1, 0, 1, 1, 1, 1, 0, 1, 1, 1, 1, 1, 1, 0, 1, 1, 1, 1, 0]
Fitness: 1295.145471 	[9, 11, 5, 14, 0, 3, 4, 0, 1, 0, 12, 2, 7, 8, 10, 13, 15, 6, 0, 1, 0, 1, 1, 1, 1, 1, 0, 1, 1, 1, 1, 0, 1, 1, 1, 1, 1, 1, 0, 1, 1, 1, 1, 0]
Fitness: 1295.145471 	[9, 11, 5, 14, 0, 12, 2, 7, 8, 10, 13, 15, 6, 0, 1, 0, 4, 3, 0, 1, 0, 1, 1, 1, 1, 1, 0, 1, 1, 1, 1, 0, 1, 1, 1, 1, 1, 1, 0, 1, 1, 1, 1, 0]
Fitness: 1289.485137 	[1, 6, 13, 0, 2, 7, 12, 8, 10, 15, 14, 0, 9, 11, 5, 0, 3, 4, 0, 1, 0, 1, 1, 1, 1, 1, 0, 1, 1, 1, 1, 0, 1, 1, 1, 0, 1, 1, 1, 1, 1, 1, 1, 0]
Fitness: 1289.485137 	[1, 6, 13, 0, 2, 7, 12, 8, 10, 15, 14, 0, 9, 11, 5, 0, 4, 3, 0, 1, 0, 1, 1, 1, 1, 1, 0, 1, 1, 1, 1, 0, 1, 1, 1, 0, 1, 1, 1, 1, 1, 1, 1, 0]
Fitness: 1289.485137 	[1, 6, 13, 0, 2, 7, 12, 8, 10, 15, 14, 0, 9, 11, 5, 0, 3, 4, 0, 1, 0, 1, 1, 1, 1, 1, 0, 1, 1, 1, 1, 0, 1, 1, 1, 0, 1, 1, 1, 1, 1, 1, 1, 0]
Fitness: 1289.485137 	[1, 13, 6, 0, 2, 7, 12, 8, 10, 15, 14, 0, 9, 11, 5, 0, 4, 3, 0, 1, 0, 1, 1, 1, 1, 1, 0, 1, 1, 1, 1, 0, 1, 1, 1, 0, 1, 1, 1, 1, 1, 1, 1, 0]
Fitness: 1284.072236 	[9, 11, 5, 10, 3, 0, 4, 0, 1, 6, 13, 0, 2, 7, 12, 8, 15, 14, 0, 1, 0, 1, 1, 1, 1, 1, 0, 1, 1, 1, 1, 1, 1, 1, 1, 0, 1, 1, 1, 1, 0, 1, 1, 0]
Fitness: 1284.072236 	[9, 11, 5, 10, 3, 0, 4, 0, 1, 6, 13, 0, 2, 7, 12, 8, 15, 14, 0, 1, 0, 1, 1, 1, 1, 1, 0, 1, 1, 1, 1, 1, 1, 1, 1, 0, 1, 1, 1, 1, 0, 1, 1, 0]
Fitness: 1283.546888 	[9, 11, 5, 0, 1, 0, 12, 2, 6, 7, 8, 10, 13, 14, 15, 0, 4, 3, 0, 1, 0, 1, 1, 1, 1, 1, 0, 1, 1, 1, 1, 1, 0, 1, 1, 0, 1, 1, 1, 1, 1, 1, 1, 0]
Fitness: 1283.546888 	[9, 11, 5, 0, 1, 0, 12, 2, 6, 7, 8, 10, 13, 14, 15, 0, 4, 3, 0, 1, 0, 1, 1, 1, 1, 1, 0, 1, 1, 1, 1, 1, 0, 1, 1, 0, 1, 1, 1, 1, 1, 1, 1, 0]
Fitness: 1282.664839 	[1, 4, 0, 9, 11, 5, 0, 2, 7, 12, 8, 10, 15, 14, 13, 0, 3, 6, 0, 1, 0, 1, 1, 1, 1, 1, 1, 1, 1, 1, 1, 0, 1, 1, 1, 0, 1, 1, 0, 1, 1, 1, 1, 0]
Fitness: 1282.459833 	[1, 6, 13, 0, 4, 3, 0, 9, 11, 5, 10, 0, 2, 7, 12, 8, 15, 14, 0, 1, 0, 1, 1, 1, 1, 1, 0, 1, 1, 1, 1, 1, 1, 1, 1, 0, 1, 1, 1, 1, 0, 1, 1, 0]
Fitness: 1282.459833 	[1, 6, 13, 0, 4, 3, 0, 9, 11, 5, 10, 0, 2, 7, 12, 8, 15, 14, 0, 1, 0, 1, 1, 1, 1, 1, 0, 1, 1, 1, 1, 1, 1, 1, 1, 0, 1, 1, 1, 1, 0, 1, 1, 0]
Fitness: 1282.459833 	[1, 6, 13, 0, 4, 3, 0, 9, 11, 5, 10, 0, 2, 7, 12, 8, 15, 14, 0, 1, 0, 1, 1, 1, 1, 1, 0, 1, 1, 1, 1, 1, 1, 1, 1, 0, 1, 1, 1, 1, 0, 1, 1, 0]
Fitness: 1282.459833 	[1, 6, 13, 0, 4, 3, 0, 9, 11, 5, 10, 0, 2, 7, 12, 8, 15, 14, 0, 1, 0, 1, 1, 1, 1, 1, 0, 1, 1, 1, 1, 1, 1, 1, 1, 0, 1, 1, 1, 1, 0, 1, 1, 0]
Fitness: 1282.459833 	[1, 6, 13, 0, 4, 3, 0, 9, 11, 5, 10, 0, 2, 7, 12, 8, 15, 14, 0, 1, 0, 1, 1, 1, 1, 1, 0, 1, 1, 1, 1, 1, 1, 1, 1, 0, 1, 1, 1, 1, 0, 1, 1, 0]
Fitness: 1282.459833 	[1, 6, 13, 0, 4, 3, 0, 9, 11, 5, 10, 0, 2, 7, 12, 8, 15, 14, 0, 1, 0, 1, 1, 1, 1, 1, 0, 1, 1, 1, 1, 1, 1, 1, 1, 0, 1, 1, 1, 1, 0, 1, 1, 0]
Fitness: 1282.459833 	[1, 6, 13, 0, 4, 3, 0, 9, 11, 5, 10, 0, 2, 7, 12, 8, 15, 14, 0, 1, 0, 1, 1, 1, 1, 1, 0, 1, 1, 1, 1, 1, 1, 1, 1, 0, 1, 1, 1, 1, 0, 1, 1, 0]
Fitness: 1282.459833 	[1, 6, 13, 0, 4, 3, 0, 9, 11, 5, 10, 0, 2, 7, 12, 8, 15, 14, 0, 1, 0, 1, 1, 1, 1, 1, 0, 1, 1, 1, 1, 1, 1, 1, 1, 0, 1, 1, 1, 1, 0, 1, 1, 0]
Fitness: 1282.459833 	[1, 6, 13, 0, 4, 3, 0, 9, 11, 5, 10, 0, 2, 7, 12, 8, 15, 14, 0, 1, 0, 1, 1, 1, 1, 1, 0, 1, 1, 1, 1, 1, 1, 1, 1, 0, 1, 1, 1, 1, 0, 1, 1, 0]
Fitness: 1281.151884 	[1, 0, 12, 2, 6, 7, 8, 10, 13, 14, 15, 0, 9, 11, 5, 0, 4, 3, 0, 1, 0, 1, 1, 1, 1, 1, 0, 1, 1, 1, 0, 1, 1, 1, 1, 0, 1, 1, 1, 1, 1, 1, 1, 0]
Fitness: 1281.151884 	[1, 0, 12, 2, 6, 7, 8, 10, 13, 14, 15, 0, 9, 11, 5, 0, 4, 3, 0, 1, 0, 1, 1, 1, 1, 1, 0, 1, 1, 1, 0, 1, 1, 1, 1, 0, 1, 1, 1, 1, 1, 1, 1, 0]
Fitness: 1281.151884 	[1, 0, 12, 2, 6, 7, 8, 10, 13, 14, 15, 0, 9, 11, 5, 0, 4, 3, 0, 1, 0, 1, 1, 1, 1, 1, 0, 1, 1, 1, 0, 1, 1, 1, 1, 0, 1, 1, 1, 1, 1, 1, 1, 0]
Fitness: 1281.151884 	[1, 0, 9, 11, 5, 0, 12, 2, 6, 7, 8, 10, 13, 14, 15, 0, 4, 3, 0, 1, 0, 1, 1, 1, 1, 1, 0, 1, 1, 1, 1, 0, 1, 1, 1, 0, 1, 1, 1, 1, 1, 1, 1, 0]
Fitness: 1331.491276 	[1, 6, 13, 0, 9, 11, 5, 0, 2, 7, 12, 8, 10, 15, 14, 0, 4, 3, 0, 1, 0, 1, 1, 1, 1, 1, 0, 1, 1, 1, 1, 0, 1, 1, 1, 0, 1, 1, 1, 1, 1, 1, 1, 0]
Fitness: 1343.185801 	[4, 3, 0, 9, 11, 5, 0, 2, 7, 12, 8, 10, 15, 14, 0, 1, 6, 13, 0, 1, 0, 1, 1, 1, 1, 1, 0, 1, 1, 1, 1, 0, 1, 1, 1, 0, 1, 1, 1, 1, 1, 1, 1, 0]
Fitness: 1331.491276 	[1, 13, 0, 9, 11, 5, 0, 4, 3, 0, 2, 7, 12, 8, 10, 15, 14, 6, 0, 1, 0, 1, 1, 1, 1, 1, 0, 1, 1, 1, 1, 0, 1, 1, 1, 0, 1, 1, 1, 1, 1, 1, 1, 0]
Fitness: 1339.867126 	[9, 11, 5, 0, 4, 3, 0, 2, 7, 12, 8, 10, 15, 14, 0, 1, 6, 13, 0, 1, 0, 1, 1, 1, 1, 1, 0, 1, 1, 1, 1, 0, 1, 1, 1, 0, 1, 1, 1, 1, 1, 1, 1, 0]
Fitness: 1303.860651 	[9, 11, 5, 0, 4, 3, 0, 12, 2, 6, 7, 8, 10, 13, 14, 15, 0, 1, 0, 1, 0, 1, 1, 1, 1, 1, 0, 1, 1, 1, 1, 0, 1, 1, 1, 0, 1, 1, 1, 1, 1, 1, 1, 0]
Fitness: 1339.867126 	[1, 6, 13, 0, 9, 11, 5, 0, 12, 2, 3, 7, 0, 8, 10, 4, 14, 15, 0, 1, 0, 1, 1, 1, 1, 1, 0, 1, 1, 1, 1, 0, 1, 1, 1, 0, 1, 1, 1, 1, 1, 1, 1, 0]
Fitness: 1295.145471 	[9, 11, 5, 14, 0, 12, 2, 7, 8, 10, 13, 15, 6, 0, 1, 0, 4, 3, 0, 1, 0, 1, 1, 1, 1, 1, 0, 1, 1, 1, 1, 0, 1, 1, 1, 1, 1, 1, 0, 1, 1, 1, 1, 0]
Fitness: 1316.350543 	[1, 0, 9, 11, 5, 0, 2, 7, 12, 8, 10, 15, 14, 0, 4, 3, 13, 6, 0, 1, 0, 1, 1, 1, 1, 1, 0, 1, 1, 1, 1, 0, 1, 1, 1, 0, 1, 1, 1, 1, 1, 1, 1, 0]
Fitness: 1295.145471 	[1, 0, 2, 6, 7, 0, 9, 11, 5, 14, 0, 4, 3, 8, 10, 12, 13, 15, 0, 1, 0, 1, 1, 1, 1, 1, 0, 1, 1, 1, 1, 0, 1, 1, 1, 1, 1, 1, 0, 1, 1, 1, 1, 0]
Fitness: 1282.459833 	[1, 6, 13, 0, 4, 3, 0, 9, 11, 5, 10, 0, 2, 7, 12, 8, 15, 14, 0, 1, 0, 1, 1, 1, 1, 1, 0, 1, 1, 1, 1, 1, 1, 1, 1, 0, 1, 1, 1, 1, 0, 1, 1, 0]
Fitness: 1289.485137 	[1, 6, 13, 0, 2, 7, 12, 8, 10, 15, 14, 0, 9, 11, 5, 0, 3, 4, 0, 1, 0, 1, 1, 1, 1, 1, 0, 1, 1, 1, 1, 0, 1, 1, 1, 0, 1, 1, 1, 1, 1, 1, 1, 0]
Fitness: 1282.459833 	[2, 5, 7, 0, 1, 6, 13, 0, 4, 3, 0, 8, 9, 10, 11, 12, 14, 15, 0, 1, 0, 1, 1, 1, 1, 1, 0, 1, 1, 1, 1, 1, 1, 1, 1, 0, 1, 1, 1, 1, 0, 1, 1, 0]
Fitness: 1316.350543 	[1, 0, 9, 11, 5, 0, 2, 7, 12, 8, 10, 15, 14, 0, 4, 3, 13, 6, 0, 1, 0, 1, 1, 1, 1, 1, 0, 1, 1, 1, 1, 0, 1, 1, 1, 0, 1, 1, 1, 1, 1, 1, 1, 0]
Fitness: 1314.851862 	[2, 7, 12, 8, 10, 15, 14, 0, 4, 3, 0, 9, 11, 5, 6, 0, 1, 13, 0, 1, 0, 1, 0, 1, 1, 1, 1, 1, 1, 1, 1, 0, 1, 1, 1, 0, 1, 1, 1, 1, 1, 1, 1, 0]
Fitness: 1316.350543 	[4, 3, 13, 6, 0, 1, 0, 9, 11, 5, 2, 0, 7, 8, 10, 12, 14, 15, 0, 1, 0, 1, 1, 1, 1, 1, 0, 1, 1, 1, 1, 0, 1, 1, 1, 0, 1, 1, 1, 1, 1, 1, 1, 0]
Fitness: 1300.595838 	[3, 4, 0, 9, 11, 5, 14, 0, 1, 0, 12, 2, 7, 8, 10, 13, 15, 6, 0, 1, 0, 1, 1, 1, 1, 1, 0, 1, 1, 1, 1, 0, 1, 1, 1, 1, 1, 1, 0, 1, 1, 1, 1, 0]
Fitness: 1282.664839 	[1, 4, 0, 9, 11, 5, 0, 2, 7, 12, 8, 10, 15, 14, 13, 0, 3, 6, 0, 1, 0, 1, 1, 1, 1, 1, 1, 1, 1, 1, 1, 0, 1, 1, 1, 0, 1, 1, 0, 1, 1, 1, 1, 0]
Fitness: 1300.595838 	[1, 0, 9, 11, 5, 14, 0, 2, 7, 12, 8, 10, 15, 4, 13, 0, 3, 6, 0, 1, 0, 1, 1, 1, 1, 1, 0, 1, 1, 1, 1, 0, 1, 1, 1, 1, 1, 1, 0, 1, 1, 1, 1, 0]
Fitness: 1372.199844 	[4, 3, 0, 11, 5, 6, 9, 0, 2, 7, 12, 8, 10, 15, 14, 0, 1, 13, 0, 1, 0, 1, 1, 1, 1, 1, 0, 1, 1, 1, 1, 0, 1, 1, 1, 0, 1, 1, 1, 1, 1, 1, 1, 0]
Fitness: 1301.179663 	[4, 3, 0, 2, 7, 12, 8, 10, 15, 14, 0, 9, 11, 5, 0, 1, 6, 13, 0, 1, 0, 1, 1, 1, 1, 1, 0, 1, 1, 1, 1, 0, 1, 1, 1, 0, 1, 1, 1, 1, 1, 1, 1, 0]
Fitness: 1372.199844 	[4, 3, 0, 1, 13, 0, 9, 11, 5, 0, 2, 6, 7, 8, 10, 12, 14, 15, 0, 1, 0, 1, 1, 1, 1, 1, 0, 1, 1, 1, 1, 0, 1, 1, 1, 0, 1, 1, 1, 1, 1, 1, 1, 0]
Fitness: 1309.874408 	[1, 13, 0, 9, 11, 5, 10, 6, 0, 4, 3, 0, 2, 7, 12, 8, 15, 14, 0, 1, 0, 1, 1, 1, 1, 1, 0, 1, 1, 1, 1, 1, 0, 1, 1, 1, 1, 1, 1, 1, 0, 1, 1, 0]
Fitness: 1281.151884 	[1, 0, 9, 11, 5, 0, 12, 2, 6, 7, 8, 10, 13, 14, 15, 0, 4, 3, 0, 1, 0, 1, 1, 1, 1, 1, 0, 1, 1, 1, 1, 0, 1, 1, 1, 0, 1, 1, 1, 1, 1, 1, 1, 0]
Fitness: 1309.874408 	[2, 7, 12, 8, 15, 14, 0, 9, 11, 5, 10, 6, 0, 1, 13, 0, 4, 3, 0, 1, 0, 1, 1, 1, 1, 1, 0, 1, 1, 1, 1, 1, 0, 1, 1, 1, 1, 1, 1, 1, 0, 1, 1, 0]
Fitness: 1299.717168 	[9, 11, 5, 0, 1, 0, 2, 7, 12, 8, 10, 15, 14, 0, 4, 3, 13, 6, 0, 1, 0, 1, 1, 1, 1, 1, 0, 1, 1, 1, 1, 1, 1, 1, 1, 0, 1, 1, 1, 1, 0, 1, 1, 0]
Fitness: 1282.459833 	[1, 6, 13, 0, 4, 3, 0, 9, 11, 5, 10, 0, 2, 7, 12, 8, 15, 14, 0, 1, 0, 1, 1, 1, 1, 1, 0, 1, 1, 1, 1, 1, 1, 1, 1, 0, 1, 1, 1, 1, 0, 1, 1, 0]
Fitness: 1299.717168 	[2, 6, 13, 0, 4, 3, 0, 1, 0, 9, 11, 5, 7, 8, 10, 12, 14, 15, 0, 1, 0, 1, 1, 1, 1, 1, 0, 1, 1, 1, 1, 0, 1, 1, 1, 0, 1, 1, 1, 1, 1, 1, 1, 0]
Fitness: 1303.860651 	[9, 11, 5, 0, 4, 3, 0, 12, 2, 6, 7, 8, 10, 13, 14, 15, 0, 1, 0, 1, 0, 1, 1, 1, 1, 1, 0, 1, 1, 1, 1, 0, 1, 1, 1, 0, 1, 1, 1, 1, 1, 1, 1, 0]
Fitness: 1302.472734 	[5, 11, 0, 1, 4, 0, 9, 3, 0, 12, 2, 6, 7, 8, 10, 13, 14, 15, 0, 1, 0, 1, 1, 1, 1, 1, 0, 1, 1, 1, 1, 1, 1, 1, 1, 0, 1, 1, 1, 1, 0, 1, 1, 0]
Fitness: 1303.860651 	[4, 3, 0, 1, 0, 9, 11, 0, 12, 2, 6, 7, 8, 10, 13, 14, 15, 5, 0, 1, 0, 1, 1, 1, 1, 1, 0, 1, 1, 1, 1, 0, 1, 1, 1, 0, 1, 1, 1, 1, 1, 1, 1, 0]
Fitness: 1305.410136 	[4, 0, 2, 7, 12, 8, 10, 15, 14, 0, 9, 11, 5, 0, 1, 6, 13, 3, 0, 1, 0, 1, 1, 1, 1, 1, 0, 1, 1, 1, 1, 0, 1, 1, 1, 0, 1, 1, 1, 1, 1, 1, 1, 0]
Fitness: 1303.860651 	[9, 11, 5, 0, 4, 3, 0, 12, 2, 6, 7, 8, 10, 13, 14, 15, 0, 1, 0, 1, 0, 1, 1, 1, 1, 1, 0, 1, 1, 1, 1, 0, 1, 1, 1, 0, 1, 1, 1, 1, 1, 1, 1, 0]
Fitness: 1305.410136 	[2, 7, 8, 0, 4, 10, 0, 1, 6, 13, 3, 0, 9, 11, 5, 12, 14, 15, 0, 1, 0, 1, 1, 1, 1, 1, 0, 1, 1, 1, 0, 1, 1, 1, 1, 0, 1, 1, 1, 1, 1, 1, 1, 0]
Fitness: 1303.860651 	[9, 11, 5, 0, 4, 3, 0, 12, 2, 6, 7, 8, 10, 13, 14, 15, 0, 1, 0, 1, 0, 1, 1, 1, 1, 1, 0, 1, 1, 1, 1, 0, 1, 1, 1, 0, 1, 1, 1, 1, 1, 1, 1, 0]
Fitness: 1343.185801 	[4, 3, 0, 9, 11, 5, 0, 2, 7, 12, 8, 10, 15, 14, 0, 1, 6, 13, 0, 1, 0, 1, 1, 1, 1, 1, 0, 1, 1, 1, 1, 0, 1, 1, 1, 0, 1, 1, 1, 1, 1, 1, 1, 0]
Fitness: 1303.860651 	[2, 6, 0, 9, 11, 5, 0, 4, 3, 0, 1, 7, 8, 10, 12, 13, 14, 15, 0, 1, 0, 1, 1, 1, 1, 1, 0, 1, 1, 1, 1, 0, 1, 1, 1, 0, 1, 1, 1, 1, 1, 1, 1, 0]
Fitness: 1301.179663 	[4, 3, 0, 2, 7, 12, 8, 10, 15, 14, 0, 9, 11, 5, 0, 1, 13, 6, 0, 1, 0, 1, 1, 1, 1, 1, 0, 1, 1, 1, 1, 0, 1, 1, 1, 0, 1, 1, 1, 1, 1, 1, 1, 0]
Fitness: 1341.639317 	[4, 3, 13, 6, 0, 9, 11, 5, 0, 2, 7, 12, 8, 10, 15, 14, 0, 1, 0, 1, 0, 1, 1, 1, 1, 1, 0, 1, 1, 1, 1, 0, 1, 1, 1, 0, 1, 1, 1, 1, 1, 1, 1, 0]
Fitness: 1301.179663 	[4, 3, 0, 9, 11, 5, 0, 1, 13, 6, 0, 2, 7, 12, 8, 10, 15, 14, 0, 1, 0, 1, 1, 1, 1, 1, 0, 1, 1, 1, 1, 0, 1, 1, 1, 0, 1, 1, 1, 1, 1, 1, 1, 0]
Fitness: 1302.472734 	[5, 11, 0, 1, 4, 0, 9, 3, 0, 12, 2, 6, 7, 8, 10, 13, 14, 15, 0, 1, 0, 1, 1, 1, 1, 1, 0, 1, 1, 1, 1, 1, 1, 1, 1, 0, 1, 1, 1, 1, 0, 1, 1, 0]
Fitness: 1316.350543 	[1, 0, 9, 11, 5, 0, 2, 7, 12, 8, 10, 15, 14, 0, 4, 3, 13, 6, 0, 1, 0, 1, 1, 1, 1, 1, 0, 1, 1, 1, 1, 0, 1, 1, 1, 0, 1, 1, 1, 1, 1, 1, 1, 0]
Fitness: 1302.472734 	[3, 0, 9, 11, 5, 0, 1, 4, 0, 12, 2, 6, 7, 8, 10, 13, 14, 15, 0, 1, 0, 1, 1, 1, 1, 1, 0, 1, 1, 1, 1, 1, 1, 1, 1, 0, 1, 1, 1, 1, 0, 1, 1, 0]
Fitness: 1281.151884 	[1, 0, 12, 2, 6, 7, 8, 10, 13, 14, 15, 0, 9, 11, 5, 0, 4, 3, 0, 1, 0, 1, 1, 1, 1, 1, 0, 1, 1, 1, 1, 1, 0, 1, 1, 0, 1, 1, 1, 1, 1, 1, 1, 0]
Fitness: 1283.546888 	[9, 11, 5, 0, 1, 0, 12, 2, 6, 7, 8, 10, 13, 14, 15, 0, 4, 3, 0, 1, 0, 1, 1, 1, 1, 1, 0, 1, 1, 1, 1, 1, 0, 1, 1, 0, 1, 1, 1, 1, 1, 1, 1, 0]
Fitness: 1281.151884 	[9, 11, 5, 0, 1, 0, 4, 3, 0, 2, 6, 7, 8, 10, 12, 13, 14, 15, 0, 1, 0, 1, 1, 1, 1, 1, 0, 1, 1, 1, 0, 1, 1, 1, 1, 0, 1, 1, 1, 1, 1, 1, 1, 0]
Fitness: 1318.745136 	[4, 3, 0, 2, 7, 12, 8, 10, 15, 14, 0, 11, 5, 6, 0, 1, 13, 9, 0, 1, 0, 1, 1, 1, 1, 1, 0, 1, 1, 1, 1, 1, 1, 1, 1, 0, 1, 0, 1, 1, 1, 1, 1, 0]
Fitness: 1284.072236 	[9, 11, 5, 10, 3, 0, 4, 0, 1, 6, 13, 0, 2, 7, 12, 8, 15, 14, 0, 1, 0, 1, 1, 1, 1, 1, 0, 1, 1, 1, 1, 1, 1, 1, 1, 0, 1, 1, 1, 1, 0, 1, 1, 0]
Fitness: 1318.745136 	[4, 3, 0, 2, 7, 12, 8, 10, 15, 14, 0, 1, 6, 13, 0, 9, 11, 5, 0, 1, 0, 1, 1, 1, 1, 1, 0, 1, 1, 1, 1, 0, 1, 1, 1, 1, 1, 0, 1, 1, 1, 1, 1, 0]
Fitness: 1283.546888 	[9, 11, 5, 0, 1, 0, 12, 2, 6, 7, 8, 10, 13, 14, 15, 0, 4, 3, 0, 1, 0, 1, 1, 1, 1, 1, 0, 1, 1, 1, 1, 0, 1, 1, 1, 0, 1, 1, 1, 1, 1, 1, 1, 0]
Fitness: 1315.687988 	[4, 3, 0, 1, 6, 13, 0, 2, 7, 12, 8, 10, 15, 14, 0, 9, 11, 5, 0, 1, 0, 1, 1, 1, 1, 1, 0, 1, 1, 1, 1, 0, 1, 1, 1, 0, 1, 1, 1, 1, 1, 1, 1, 0]
Fitness: 1283.546888 	[9, 11, 0, 1, 5, 0, 12, 2, 6, 7, 8, 10, 13, 14, 15, 0, 4, 3, 0, 1, 0, 1, 1, 1, 1, 1, 0, 1, 1, 1, 1, 1, 0, 1, 1, 0, 1, 1, 1, 1, 1, 1, 1, 0]
Fitness: 1315.687988 	[4, 3, 0, 1, 6, 13, 0, 2, 7, 12, 8, 10, 15, 14, 0, 9, 11, 5, 0, 1, 0, 1, 1, 1, 1, 1, 0, 1, 1, 1, 1, 0, 1, 1, 1, 0, 1, 1, 1, 1, 1, 1, 1, 0]
Fitness: 1316.350543 	[1, 0, 9, 11, 5, 0, 2, 7, 12, 8, 10, 15, 14, 0, 4, 3, 13, 6, 0, 1, 0, 1, 1, 1, 1, 1, 0, 1, 1, 1, 1, 0, 1, 1, 1, 0, 1, 1, 1, 1, 1, 1, 1, 0]
Fitness: 1315.687988 	[2, 0, 1, 6, 13, 0, 9, 11, 5, 0, 4, 3, 7, 8, 10, 12, 14, 15, 0, 1, 0, 1, 1, 1, 1, 1, 0, 1, 1, 1, 1, 0, 1, 1, 1, 0, 1, 1, 1, 1, 1, 1, 1, 0]
Fitness: 1303.860651 	[9, 11, 5, 0, 4, 3, 0, 12, 2, 6, 7, 8, 10, 13, 14, 15, 0, 1, 0, 1, 0, 1, 1, 1, 1, 1, 0, 1, 1, 1, 1, 0, 1, 1, 1, 0, 1, 1, 1, 1, 1, 1, 1, 0]
Fitness: 1316.350543 	[1, 0, 9, 11, 5, 0, 2, 7, 12, 8, 10, 15, 14, 0, 4, 3, 13, 6, 0, 1, 0, 1, 1, 1, 1, 1, 0, 1, 1, 1, 1, 0, 1, 1, 1, 0, 1, 1, 1, 1, 1, 1, 1, 0]
Fitness: 1303.860651 	[2, 0, 1, 0, 9, 11, 5, 0, 4, 3, 13, 6, 7, 8, 10, 12, 14, 15, 0, 1, 0, 1, 1, 1, 1, 1, 0, 1, 1, 1, 1, 0, 1, 1, 1, 0, 1, 1, 1, 1, 1, 1, 1, 0]
Fitness: 1299.717168 	[9, 11, 5, 0, 1, 0, 2, 7, 12, 8, 10, 15, 14, 0, 4, 3, 13, 6, 0, 1, 0, 1, 1, 1, 1, 1, 0, 1, 1, 1, 1, 0, 1, 1, 1, 1, 1, 1, 0, 1, 1, 1, 1, 0]
Fitness: 1295.145471 	[9, 11, 5, 14, 0, 3, 4, 0, 1, 0, 12, 2, 7, 8, 10, 13, 15, 6, 0, 1, 0, 1, 1, 1, 1, 1, 0, 1, 1, 1, 1, 0, 1, 1, 1, 1, 1, 1, 0, 1, 1, 1, 1, 0]
Fitness: 1299.717168 	[9, 11, 5, 1, 0, 2, 7, 12, 0, 4, 3, 13, 6, 0, 8, 10, 15, 14, 0, 1, 0, 1, 1, 1, 1, 1, 0, 1, 1, 1, 1, 0, 1, 1, 1, 0, 1, 1, 1, 1, 1, 1, 1, 0]
Fitness: 1303.860651 	[9, 11, 5, 0, 4, 3, 0, 12, 2, 6, 7, 8, 10, 13, 14, 15, 0, 1, 0, 1, 0, 1, 1, 1, 1, 1, 0, 1, 1, 1, 1, 0, 1, 1, 1, 0, 1, 1, 1, 1, 1, 1, 1, 0]
Fitness: 1301.179663 	[4, 3, 0, 2, 7, 12, 8, 10, 15, 14, 0, 9, 11, 5, 0, 1, 6, 13, 0, 1, 0, 1, 1, 1, 1, 1, 0, 1, 1, 1, 1, 0, 1, 1, 1, 0, 1, 1, 1, 1, 1, 1, 1, 0]
Fitness: 1303.860651 	[12, 2, 6, 7, 8, 10, 13, 14, 15, 0, 9, 11, 5, 0, 3, 4, 0, 1, 0, 1, 0, 1, 1, 1, 1, 1, 0, 1, 1, 1, 1, 0, 1, 1, 1, 0, 1, 1, 1, 1, 1, 1, 1, 0]
Fitness: 1281.151884 	[1, 0, 12, 2, 6, 7, 8, 10, 13, 14, 15, 0, 9, 11, 5, 0, 4, 3, 0, 1, 0, 1, 1, 1, 1, 1, 0, 1, 1, 1, 1, 0, 1, 1, 1, 0, 1, 1, 1, 1, 1, 1, 1, 0]
Fitness: 1339.867126 	[9, 11, 5, 0, 4, 3, 0, 2, 7, 12, 8, 10, 15, 14, 0, 1, 6, 13, 0, 1, 0, 1, 1, 1, 1, 1, 0, 1, 1, 1, 1, 0, 1, 1, 1, 0, 1, 1, 1, 1, 1, 1, 1, 0]
Fitness: 1281.151884 	[9, 11, 5, 0, 4, 3, 0, 1, 0, 12, 2, 6, 7, 8, 10, 13, 14, 15, 0, 1, 0, 1, 1, 1, 1, 1, 0, 1, 1, 1, 0, 1, 1, 1, 1, 0, 1, 1, 1, 1, 1, 1, 1, 0]
Fitness: 1306.888653 	[3, 4, 0, 9, 11, 5, 0, 12, 2, 6, 7, 8, 10, 13, 14, 15, 0, 1, 0, 1, 0, 1, 1, 1, 1, 1, 0, 1, 1, 1, 1, 0, 1, 1, 1, 0, 1, 1, 1, 1, 1, 1, 1, 0]
Fitness: 1372.199844 	[4, 3, 0, 11, 5, 6, 9, 0, 2, 7, 12, 8, 10, 15, 14, 0, 1, 13, 0, 1, 0, 1, 1, 1, 1, 1, 0, 1, 1, 1, 1, 0, 1, 1, 1, 0, 1, 1, 1, 1, 1, 1, 1, 0]
Fitness: 1306.888653 	[3, 4, 0, 12, 2, 6, 7, 8, 10, 13, 14, 15, 0, 9, 11, 5, 0, 1, 0, 1, 0, 1, 1, 1, 1, 1, 0, 1, 1, 1, 1, 0, 1, 1, 1, 0, 1, 1, 1, 1, 1, 1, 1, 0]
Fitness: 1314.851862 	[2, 7, 12, 8, 10, 15, 14, 0, 4, 3, 0, 9, 11, 5, 6, 0, 1, 13, 0, 1, 0, 1, 1, 1, 1, 1, 0, 1, 1, 1, 1, 0, 1, 1, 1, 0, 1, 1, 1, 1, 1, 1, 1, 0]
Fitness: 1372.199844 	[4, 3, 0, 11, 5, 6, 9, 0, 2, 7, 12, 8, 10, 15, 14, 0, 1, 13, 0, 1, 0, 1, 1, 1, 1, 1, 0, 1, 1, 1, 1, 0, 1, 1, 1, 0, 1, 1, 1, 1, 1, 1, 1, 0]
Fitness: 1314.851862 	[2, 7, 0, 4, 3, 0, 9, 11, 5, 6, 0, 1, 13, 8, 10, 12, 14, 15, 0, 1, 0, 1, 0, 1, 1, 1, 1, 1, 1, 1, 1, 0, 1, 1, 1, 0, 1, 1, 1, 1, 1, 1, 1, 0]
Fitness: 1344.356468 	[4, 3, 0, 11, 5, 6, 0, 2, 7, 12, 8, 10, 15, 14, 0, 1, 13, 9, 0, 1, 0, 1, 1, 1, 1, 1, 0, 1, 1, 1, 1, 0, 1, 1, 1, 0, 1, 1, 1, 1, 1, 1, 1, 0]
Fitness: 1339.867126 	[9, 11, 5, 0, 4, 3, 0, 2, 7, 12, 8, 10, 15, 14, 0, 1, 6, 13, 0, 1, 0, 1, 1, 1, 1, 1, 0, 1, 1, 1, 1, 0, 1, 1, 1, 0, 1, 1, 1, 1, 1, 1, 1, 0]
Fitness: 1344.356468 	[3, 11, 5, 0, 1, 13, 9, 0, 2, 7, 12, 8, 10, 15, 14, 0, 4, 6, 0, 1, 0, 1, 1, 1, 1, 1, 0, 1, 1, 1, 1, 0, 1, 1, 1, 0, 1, 1, 1, 1, 1, 1, 1, 0]
Fitness: 1372.199844 	[4, 3, 0, 11, 5, 6, 9, 0, 2, 7, 12, 8, 10, 15, 0, 1, 13, 14, 0, 1, 0, 1, 1, 1, 1, 1, 0, 1, 1, 1, 0, 0, 1, 1, 1, 1, 1, 1, 1, 1, 1, 1, 1, 0]
Fitness: 1344.356468 	[11, 5, 0, 1, 13, 9, 0, 2, 7, 12, 8, 10, 15, 14, 0, 4, 6, 3, 0, 1, 0, 1, 1, 1, 0, 1, 0, 1, 1, 1, 1, 1, 1, 1, 1, 0, 1, 1, 1, 1, 1, 1, 1, 0]
Fitness: 1302.472734 	[5, 11, 0, 1, 4, 0, 9, 3, 13, 0, 12, 2, 6, 7, 8, 10, 14, 15, 0, 1, 0, 1, 1, 1, 1, 1, 0, 1, 0, 1, 1, 1, 1, 1, 1, 1, 1, 1, 1, 1, 0, 1, 1, 0]
Fitness: 1281.151884 	[1, 0, 12, 2, 6, 7, 8, 10, 13, 14, 15, 11, 0, 9, 5, 0, 4, 3, 0, 1, 0, 1, 1, 1, 1, 0, 0, 1, 1, 1, 0, 1, 1, 1, 1, 1, 1, 1, 1, 1, 1, 1, 1, 0]
Fitness: 1343.185801 	[3, 0, 9, 11, 5, 4, 0, 2, 7, 12, 8, 10, 15, 14, 0, 1, 6, 13, 0, 1, 0, 1, 1, 1, 1, 1, 0, 1, 1, 1, 1, 0, 1, 0, 1, 1, 1, 1, 1, 1, 1, 1, 1, 0]
Fitness: 1282.459833 	[2, 5, 7, 0, 1, 6, 0, 4, 3, 13, 0, 8, 9, 10, 11, 12, 14, 15, 0, 1, 0, 0, 1, 1, 1, 1, 0, 1, 1, 1, 1, 1, 1, 1, 1, 0, 1, 1, 1, 1, 1, 1, 1, 0]
Fitness: 1344.356468 	[4, 3, 9, 0, 11, 5, 6, 0, 2, 7, 12, 8, 10, 15, 14, 0, 1, 13, 0, 1, 0, 1, 1, 1, 1, 1, 0, 1, 1, 1, 1, 0, 1, 1, 1, 1, 1, 1, 1, 1, 1, 0, 1, 0]
Fitness: 1302.472734 	[5, 11, 0, 1, 4, 0, 9, 3, 6, 0, 12, 2, 7, 8, 10, 13, 14, 15, 0, 1, 1, 1, 1, 1, 1, 1, 0, 1, 1, 1, 1, 1, 1, 1, 1, 0, 1, 1, 1, 1, 0, 1, 0, 0]
Fitness: 1372.199844 	[4, 3, 0, 11, 5, 9, 0, 2, 7, 12, 8, 10, 15, 14, 0, 1, 13, 6, 0, 1, 1, 1, 1, 1, 1, 0, 0, 1, 1, 1, 1, 0, 1, 1, 1, 0, 1, 1, 1, 1, 1, 1, 1, 0]
Fitness: 1283.546888 	[9, 11, 5, 0, 1, 0, 12, 2, 6, 8, 10, 13, 14, 15, 0, 4, 3, 7, 0, 1, 0, 1, 1, 1, 1, 1, 1, 1, 1, 1, 1, 0, 0, 1, 1, 0, 1, 1, 1, 1, 1, 1, 1, 0]
Fitness: 1372.199844 	[4, 3, 1, 0, 11, 5, 6, 9, 0, 2, 7, 12, 8, 10, 15, 14, 0, 13, 0, 1, 0, 1, 1, 1, 1, 1, 1, 1, 0, 1, 1, 0, 1, 1, 1, 0, 1, 1, 1, 1, 1, 1, 1, 0]
Fitness: 1295.145471 	[9, 11, 5, 14, 0, 3, 4, 0, 12, 2, 7, 8, 0, 10, 13, 15, 6, 1, 0, 1, 0, 1, 1, 1, 1, 1, 0, 1, 1, 1, 1, 0, 1, 1, 1, 0, 1, 1, 1, 1, 1, 1, 1, 0]
Fitness: 1281.151884 	[9, 11, 5, 0, 1, 7, 0, 4, 3, 0, 2, 6, 8, 10, 12, 13, 14, 15, 0, 1, 0, 1, 1, 1, 1, 1, 1, 1, 0, 1, 0, 1, 1, 1, 1, 0, 1, 1, 1, 1, 1, 1, 1, 0]
Fitness: 1282.459833 	[1, 6, 13, 0, 4, 3, 15, 0, 9, 11, 5, 10, 0, 2, 7, 12, 8, 14, 0, 1, 1, 1, 1, 1, 1, 1, 0, 1, 1, 1, 0, 1, 1, 1, 1, 0, 1, 1, 1, 1, 0, 1, 1, 0]
Fitness: 1316.350543 	[11, 5, 0, 1, 0, 2, 7, 12, 8, 10, 15, 14, 9, 0, 4, 3, 13, 6, 0, 1, 0, 1, 1, 1, 1, 0, 1, 1, 1, 1, 1, 1, 1, 1, 1, 0, 1, 1, 0, 1, 1, 1, 1, 0]
Fitness: 1322.325338 	[9, 11, 5, 0, 1, 13, 0, 2, 7, 12, 8, 10, 15, 14, 6, 0, 4, 3, 0, 1, 0, 1, 1, 0, 1, 1, 1, 1, 1, 1, 1, 0, 1, 1, 1, 0, 1, 1, 1, 1, 1, 1, 1, 0]
Fitness: 1299.717168 	[9, 11, 5, 0, 1, 10, 0, 2, 7, 12, 8, 15, 14, 0, 4, 3, 13, 6, 0, 1, 0, 1, 1, 1, 1, 1, 0, 1, 1, 1, 1, 0, 1, 0, 1, 1, 1, 1, 1, 1, 1, 1, 1, 0]
Fitness: 1282.459833 	[1, 6, 13, 0, 4, 3, 11, 0, 9, 5, 10, 0, 2, 7, 12, 8, 15, 14, 0, 1, 1, 1, 1, 1, 0, 1, 0, 1, 1, 1, 1, 1, 1, 1, 1, 0, 1, 1, 1, 1, 0, 1, 1, 0]
Fitness: 1339.867126 	[9, 11, 5, 6, 0, 4, 3, 0, 2, 7, 12, 8, 10, 15, 14, 0, 1, 13, 0, 1, 0, 1, 1, 1, 1, 1, 0, 0, 1, 1, 1, 0, 1, 1, 1, 1, 1, 1, 1, 1, 1, 1, 1, 0]
Fitness: 1303.860651 	[6, 0, 9, 11, 5, 0, 4, 3, 0, 1, 7, 8, 10, 12, 13, 14, 15, 2, 0, 1, 0, 1, 1, 1, 1, 1, 0, 1, 1, 1, 1, 0, 0, 1, 1, 1, 1, 1, 1, 1, 1, 1, 1, 0]
Fitness: 1299.717168 	[2, 6, 13, 0, 4, 3, 1, 0, 9, 11, 5, 7, 0, 8, 10, 12, 14, 15, 0, 1, 0, 1, 1, 1, 1, 1, 1, 1, 1, 1, 1, 0, 1, 1, 1, 0, 1, 1, 1, 1, 1, 0, 1, 0]
Fitness: 1284.072236 	[9, 11, 5, 10, 0, 4, 0, 1, 6, 13, 3, 0, 2, 7, 12, 8, 15, 14, 0, 1, 1, 1, 1, 1, 1, 1, 0, 1, 1, 1, 0, 1, 1, 1, 1, 0, 1, 1, 1, 1, 0, 1, 1, 0]
Fitness: 1316.350543 	[2, 7, 12, 0, 9, 11, 5, 1, 0, 8, 10, 15, 14, 0, 4, 3, 13, 6, 0, 1, 0, 1, 1, 1, 1, 1, 0, 1, 1, 1, 1, 0, 1, 1, 1, 1, 1, 1, 1, 1, 1, 1, 0, 0]
Fitness: 1337.025318 	[4, 3, 13, 1, 0, 11, 5, 6, 9, 0, 8, 10, 15, 14, 0, 2, 7, 12, 0, 1, 0, 1, 1, 1, 1, 1, 0, 1, 1, 1, 1, 1, 1, 1, 1, 0, 1, 1, 1, 1, 1, 1, 0, 0]
Fitness: 1301.179663 	[4, 3, 0, 2, 7, 12, 8, 15, 14, 0, 9, 11, 5, 0, 1, 6, 13, 10, 0, 1, 0, 1, 1, 1, 1, 1, 0, 1, 1, 1, 1, 0, 1, 1, 1, 1, 1, 1, 1, 1, 1, 1, 0, 0]
Fitness: 1306.888653 	[3, 4, 0, 8, 10, 13, 14, 15, 0, 9, 11, 5, 1, 0, 12, 2, 6, 7, 0, 1, 1, 1, 1, 1, 0, 1, 0, 1, 1, 1, 1, 0, 1, 1, 1, 0, 1, 1, 1, 1, 1, 1, 1, 0]
Fitness: 1306.888653 	[3, 4, 11, 0, 9, 5, 0, 12, 2, 6, 7, 8, 10, 13, 14, 15, 0, 1, 0, 1, 0, 0, 1, 1, 1, 1, 0, 1, 1, 1, 1, 0, 1, 1, 1, 1, 1, 1, 1, 1, 1, 1, 1, 0]
Fitness: 1300.595838 	[1, 5, 0, 9, 11, 14, 0, 2, 7, 12, 8, 10, 15, 4, 13, 0, 3, 6, 0, 1, 0, 1, 1, 1, 1, 1, 1, 1, 1, 1, 1, 0, 1, 1, 1, 1, 1, 1, 0, 1, 0, 1, 1, 0]
Fitness: 1289.485137 	[1, 6, 13, 0, 2, 7, 12, 8, 10, 15, 14, 9, 0, 11, 5, 0, 3, 4, 0, 1, 0, 1, 1, 1, 1, 1, 1, 1, 1, 1, 1, 0, 1, 1, 1, 0, 0, 1, 1, 1, 1, 1, 1, 0]
Fitness: 1282.459833 	[1, 6, 13, 0, 3, 0, 9, 11, 5, 10, 0, 2, 7, 12, 8, 15, 14, 4, 0, 1, 0, 1, 1, 1, 1, 1, 0, 1, 1, 1, 1, 1, 1, 1, 1, 1, 1, 1, 0, 1, 0, 1, 1, 0]
Fitness: 1301.179663 	[4, 3, 0, 2, 7, 12, 8, 10, 15, 14, 9, 0, 11, 5, 0, 1, 6, 13, 0, 1, 0, 1, 1, 0, 1, 1, 0, 1, 1, 1, 1, 0, 1, 1, 1, 1, 1, 1, 1, 1, 1, 1, 1, 0]
Fitness: 1281.151884 	[1, 0, 12, 2, 6, 7, 10, 13, 14, 15, 0, 9, 11, 5, 0, 4, 3, 8, 0, 1, 0, 1, 1, 1, 1, 0, 1, 1, 1, 1, 0, 1, 1, 1, 1, 0, 1, 1, 1, 1, 1, 1, 1, 0]
Fitness: 1314.851862 	[2, 7, 12, 8, 10, 15, 14, 0, 4, 3, 0, 9, 11, 5, 6, 13, 0, 1, 0, 1, 0, 1, 1, 1, 0, 1, 1, 1, 1, 1, 1, 0, 1, 1, 1, 0, 1, 1, 1, 1, 1, 1, 1, 0]
Fitness: 1295.145471 	[9, 11, 5, 14, 1, 0, 10, 13, 15, 6, 0, 12, 2, 7, 8, 0, 4, 3, 0, 1, 0, 1, 1, 1, 1, 1, 1, 1, 1, 1, 0, 0, 1, 1, 1, 1, 1, 1, 0, 1, 1, 1, 1, 0]
Fitness: 1314.851862 	[2, 7, 12, 8, 10, 15, 14, 0, 4, 3, 11, 0, 9, 5, 6, 0, 1, 13, 0, 1, 0, 1, 1, 1, 1, 1, 1, 1, 1, 0, 1, 0, 1, 1, 1, 0, 1, 1, 1, 1, 1, 1, 1, 0]
Fitness: 1314.851862 	[2, 7, 6, 0, 4, 3, 0, 9, 11, 5, 0, 1, 13, 8, 10, 12, 14, 15, 0, 1, 0, 1, 0, 1, 1, 1, 1, 1, 1, 1, 1, 1, 1, 1, 1, 0, 1, 1, 1, 1, 1, 1, 0, 0]
Fitness: 1303.860651 	[9, 11, 5, 7, 0, 4, 3, 0, 12, 2, 6, 8, 10, 13, 14, 15, 0, 1, 0, 0, 0, 1, 1, 1, 1, 1, 0, 1, 1, 1, 1, 1, 1, 1, 1, 0, 1, 1, 1, 1, 1, 1, 1, 0]
Fitness: 1295.145471 	[1, 0, 2, 6, 0, 9, 11, 5, 14, 7, 0, 4, 3, 8, 10, 12, 13, 15, 0, 1, 0, 1, 1, 0, 1, 1, 1, 1, 1, 1, 1, 0, 1, 1, 1, 1, 1, 1, 0, 1, 1, 1, 1, 0]
Fitness: 1372.199844 	[4, 3, 0, 11, 5, 6, 9, 1, 0, 2, 7, 12, 8, 10, 15, 14, 0, 13, 0, 1, 0, 1, 1, 1, 1, 1, 0, 1, 1, 1, 1, 0, 1, 0, 1, 1, 1, 1, 1, 1, 1, 1, 1, 0]
Fitness: 1281.151884 	[9, 11, 5, 0, 4, 3, 1, 0, 12, 2, 6, 7, 0, 8, 10, 13, 14, 15, 0, 1, 0, 1, 1, 1, 1, 1, 0, 0, 1, 1, 0, 1, 1, 1, 1, 1, 1, 1, 1, 1, 1, 1, 1, 0]
Fitness: 1343.185801 	[4, 3, 0, 9, 11, 5, 2, 0, 7, 12, 8, 10, 15, 14, 0, 1, 6, 13, 0, 1, 1, 1, 1, 1, 1, 0, 0, 1, 1, 1, 1, 0, 1, 1, 1, 0, 1, 1, 1, 1, 1, 1, 1, 0]
Fitness: 1303.860651 	[9, 5, 0, 4, 3, 0, 12, 2, 6, 7, 8, 10, 13, 14, 15, 11, 0, 1, 0, 1, 0, 1, 1, 1, 1, 1, 1, 1, 1, 1, 0, 0, 1, 1, 1, 0, 1, 1, 1, 1, 1, 1, 1, 0]
Fitness: 1295.145471 	[9, 11, 5, 14, 7, 0, 3, 4, 0, 1, 0, 12, 2, 8, 10, 13, 15, 6, 0, 1, 1, 0, 1, 1, 1, 1, 0, 1, 1, 1, 1, 0, 1, 1, 1, 1, 1, 1, 0, 1, 1, 1, 1, 0]
Fitness: 1316.350543 	[4, 3, 13, 6, 0, 7, 8, 10, 0, 9, 11, 5, 2, 1, 0, 12, 14, 15, 0, 1, 1, 1, 0, 1, 1, 1, 0, 1, 1, 1, 1, 0, 1, 1, 1, 0, 1, 1, 1, 1, 1, 1, 1, 0]
Fitness: 1289.485137 	[1, 13, 0, 2, 7, 12, 8, 10, 15, 14, 0, 9, 11, 5, 6, 0, 3, 4, 0, 1, 0, 1, 1, 1, 1, 1, 0, 1, 1, 1, 1, 1, 0, 1, 1, 0, 1, 1, 1, 1, 1, 1, 1, 0]
Fitness: 1302.472734 	[3, 0, 9, 5, 0, 1, 4, 11, 0, 12, 2, 6, 7, 8, 10, 13, 14, 15, 0, 1, 0, 1, 1, 1, 1, 1, 0, 1, 1, 1, 1, 1, 0, 1, 1, 0, 1, 1, 1, 1, 1, 1, 1, 0]
Fitness: 1301.179663 	[4, 3, 0, 2, 7, 12, 8, 10, 15, 14, 0, 9, 11, 5, 13, 0, 1, 6, 0, 1, 0, 1, 1, 1, 1, 1, 0, 1, 1, 1, 1, 1, 1, 1, 0, 0, 1, 1, 1, 1, 1, 1, 1, 0]
Fitness: 1282.459833 	[1, 6, 0, 4, 3, 0, 9, 11, 5, 10, 0, 2, 7, 12, 8, 15, 14, 13, 0, 0, 1, 1, 1, 1, 1, 1, 0, 1, 1, 1, 1, 1, 1, 1, 1, 0, 1, 1, 1, 1, 0, 1, 1, 0]
Fitness: 1316.350543 	[2, 7, 12, 8, 0, 9, 11, 5, 0, 10, 15, 14, 1, 0, 4, 3, 13, 6, 0, 1, 0, 1, 1, 1, 1, 1, 0, 1, 1, 1, 1, 1, 1, 1, 1, 0, 1, 1, 1, 0, 1, 1, 1, 0]
Fitness: 1316.350543 	[1, 0, 9, 11, 5, 4, 0, 2, 7, 12, 8, 10, 15, 14, 0, 3, 13, 6, 0, 1, 1, 1, 1, 1, 1, 1, 0, 1, 1, 1, 1, 0, 1, 1, 1, 0, 1, 1, 0, 1, 1, 1, 1, 0]
Fitness: 1289.485137 	[1, 6, 13, 0, 2, 7, 12, 8, 10, 15, 14, 9, 0, 3, 4, 0, 11, 5, 0, 1, 0, 1, 1, 1, 1, 1, 1, 1, 1, 1, 1, 0, 1, 1, 1, 0, 0, 1, 1, 1, 1, 1, 1, 0]
Fitness: 1309.874408 	[4, 3, 0, 9, 11, 5, 10, 6, 0, 1, 13, 0, 2, 7, 12, 8, 15, 14, 0, 1, 0, 1, 1, 1, 1, 1, 0, 1, 1, 1, 1, 1, 0, 1, 1, 1, 1, 1, 1, 1, 0, 1, 1, 0]
Fitness: 1299.717168 	[9, 11, 5, 1, 0, 4, 3, 13, 6, 0, 2, 7, 12, 0, 8, 10, 15, 14, 0, 1, 0, 1, 1, 1, 1, 1, 0, 1, 1, 1, 1, 0, 1, 1, 1, 0, 1, 1, 1, 1, 1, 1, 1, 0]
Fitness: 1316.350543 	[1, 0, 2, 7, 12, 8, 10, 15, 14, 0, 9, 11, 5, 0, 4, 3, 13, 6, 0, 1, 0, 1, 1, 1, 1, 1, 0, 1, 1, 1, 1, 0, 1, 1, 1, 0, 1, 1, 1, 1, 1, 1, 1, 0]
Fitness: 1283.546888 	[9, 11, 0, 1, 5, 0, 4, 3, 0, 12, 2, 6, 7, 8, 10, 13, 14, 15, 0, 1, 0, 1, 1, 1, 1, 1, 0, 1, 1, 1, 1, 1, 0, 1, 1, 0, 1, 1, 1, 1, 1, 1, 1, 0]
Fitness: 1316.350543 	[1, 0, 9, 11, 5, 0, 4, 3, 13, 6, 0, 2, 7, 12, 8, 10, 15, 14, 0, 1, 0, 1, 1, 1, 1, 1, 0, 1, 1, 1, 1, 0, 1, 1, 1, 0, 1, 1, 1, 1, 1, 1, 1, 0]
Fitness: 1302.472734 	[9, 3, 13, 0, 1, 4, 0, 5, 11, 0, 12, 2, 6, 7, 8, 10, 14, 15, 0, 1, 0, 1, 1, 1, 1, 1, 0, 1, 0, 1, 1, 1, 1, 1, 1, 1, 1, 1, 1, 1, 0, 1, 1, 0]
Fitness: 1341.639317 	[4, 3, 13, 6, 0, 9, 11, 5, 0, 1, 0, 2, 7, 12, 8, 10, 15, 14, 0, 1, 0, 1, 1, 1, 1, 1, 0, 1, 1, 1, 1, 0, 1, 1, 1, 0, 1, 1, 1, 1, 1, 1, 1, 0]
Fitness: 1301.667906 	[13, 0, 2, 7, 12, 8, 10, 15, 14, 0, 1, 3, 4, 6, 0, 9, 11, 5, 0, 1, 0, 1, 1, 1, 1, 1, 0, 1, 1, 1, 1, 0, 1, 1, 1, 0, 1, 1, 1, 1, 1, 1, 1, 0]
Fitness: 1344.356468 	[11, 5, 0, 4, 6, 3, 0, 2, 7, 12, 8, 10, 15, 14, 0, 1, 13, 9, 0, 1, 0, 1, 1, 1, 0, 1, 0, 1, 1, 1, 1, 1, 1, 1, 1, 0, 1, 1, 1, 1, 1, 1, 1, 0]
Fitness: 1303.860651 	[12, 2, 6, 7, 8, 10, 13, 14, 15, 0, 4, 3, 0, 9, 11, 5, 0, 1, 0, 1, 0, 1, 1, 1, 1, 1, 0, 1, 1, 1, 1, 0, 1, 1, 1, 0, 1, 1, 1, 1, 1, 1, 1, 0]
Fitness: 1314.851862 	[9, 5, 6, 0, 4, 3, 11, 0, 2, 7, 12, 8, 10, 15, 14, 0, 1, 13, 0, 1, 0, 1, 1, 1, 1, 1, 1, 1, 1, 0, 1, 0, 1, 1, 1, 0, 1, 1, 1, 1, 1, 1, 1, 0]
Fitness: 1282.459833 	[2, 7, 12, 8, 14, 0, 4, 3, 15, 0, 9, 11, 5, 10, 0, 1, 6, 13, 0, 1, 1, 1, 1, 1, 1, 1, 0, 1, 1, 1, 0, 1, 1, 1, 1, 0, 1, 1, 1, 1, 0, 1, 1, 0]
Fitness: 1303.860651 	[9, 11, 5, 0, 1, 0, 12, 2, 6, 7, 8, 10, 13, 14, 15, 0, 4, 3, 0, 1, 0, 1, 1, 1, 1, 1, 0, 1, 1, 1, 1, 0, 1, 1, 1, 0, 1, 1, 1, 1, 1, 1, 1, 0]
Fitness: 1344.356468 	[1, 13, 9, 0, 11, 5, 6, 0, 2, 7, 12, 8, 10, 15, 14, 0, 4, 3, 0, 1, 0, 1, 1, 1, 1, 1, 0, 1, 1, 1, 1, 0, 1, 1, 1, 0, 1, 1, 1, 1, 1, 1, 1, 0]
Fitness: 1281.151884 	[4, 3, 0, 1, 0, 9, 11, 5, 0, 2, 6, 7, 8, 10, 12, 13, 14, 15, 0, 1, 0, 1, 1, 1, 1, 1, 0, 1, 1, 1, 0, 1, 1, 1, 1, 0, 1, 1, 1, 1, 1, 1, 1, 0]
Fitness: 1314.851862 	[1, 13, 8, 10, 12, 14, 15, 0, 4, 3, 0, 9, 11, 5, 6, 0, 2, 7, 0, 1, 0, 1, 0, 1, 1, 1, 1, 1, 1, 1, 1, 0, 1, 1, 1, 0, 1, 1, 1, 1, 1, 1, 1, 0]
Fitness: 1295.145471 	[12, 2, 7, 8, 0, 3, 4, 0, 9, 11, 5, 14, 0, 10, 13, 15, 6, 1, 0, 1, 0, 1, 1, 1, 1, 1, 0, 1, 1, 1, 1, 0, 1, 1, 1, 0, 1, 1, 1, 1, 1, 1, 1, 0]
Fitness: 1301.179663 	[4, 3, 0, 1, 6, 0, 9, 11, 5, 13, 0, 2, 7, 12, 8, 10, 15, 14, 0, 1, 0, 1, 1, 1, 1, 1, 0, 1, 1, 1, 1, 1, 1, 1, 0, 0, 1, 1, 1, 1, 1, 1, 1, 0]
Fitness: 1331.491276 	[1, 13, 0, 2, 7, 12, 8, 10, 15, 14, 6, 0, 4, 3, 0, 9, 11, 5, 0, 1, 0, 1, 1, 1, 1, 1, 0, 1, 1, 1, 1, 0, 1, 1, 1, 0, 1, 1, 1, 1, 1, 1, 1, 0]
Fitness: 1316.350543 	[1, 0, 9, 11, 5, 0, 4, 3, 13, 6, 0, 2, 7, 12, 8, 10, 15, 14, 0, 1, 0, 1, 1, 1, 1, 1, 0, 1, 1, 1, 1, 0, 1, 1, 1, 0, 1, 1, 1, 1, 1, 1, 1, 0]
Fitness: 1282.459833 	[1, 6, 13, 0, 4, 3, 0, 2, 7, 12, 8, 15, 14, 0, 9, 11, 5, 10, 0, 1, 0, 1, 1, 1, 1, 1, 0, 1, 1, 1, 1, 1, 1, 1, 1, 0, 1, 1, 1, 1, 0, 1, 1, 0]
Fitness: 1372.199844 	[11, 5, 6, 9, 0, 4, 3, 0, 2, 7, 12, 8, 10, 15, 14, 0, 1, 13, 0, 1, 0, 1, 1, 1, 1, 1, 0, 1, 1, 1, 1, 0, 1, 1, 1, 0, 1, 1, 1, 1, 1, 1, 1, 0]
Fitness: 1295.145471 	[9, 11, 5, 14, 0, 3, 4, 0, 12, 2, 7, 8, 10, 13, 15, 6, 0, 1, 0, 1, 0, 1, 1, 1, 1, 1, 0, 1, 1, 1, 1, 0, 1, 1, 1, 1, 1, 1, 0, 1, 1, 1, 1, 0]
Fitness: 1318.745136 	[1, 6, 13, 0, 2, 7, 12, 8, 10, 15, 14, 0, 4, 3, 0, 9, 11, 5, 0, 1, 0, 1, 1, 1, 1, 1, 0, 1, 1, 1, 1, 0, 1, 1, 1, 1, 1, 0, 1, 1, 1, 1, 1, 0]
Fitness: 1372.199844 	[4, 3, 0, 2, 7, 12, 8, 10, 15, 0, 11, 5, 6, 9, 0, 1, 13, 14, 0, 1, 0, 1, 1, 1, 1, 1, 0, 1, 1, 1, 0, 0, 1, 1, 1, 1, 1, 1, 1, 1, 1, 1, 1, 0]
Fitness: 1300.595838 	[1, 0, 9, 11, 5, 14, 0, 3, 4, 0, 12, 2, 7, 8, 10, 13, 15, 6, 0, 1, 0, 1, 1, 1, 1, 1, 0, 1, 1, 1, 1, 0, 1, 1, 1, 1, 1, 1, 0, 1, 1, 1, 1, 0]
Fitness: 1316.350543 	[1, 0, 2, 7, 12, 8, 10, 15, 14, 0, 9, 11, 5, 0, 4, 3, 13, 6, 0, 1, 0, 1, 1, 1, 1, 1, 0, 1, 1, 1, 1, 0, 1, 1, 1, 0, 1, 1, 1, 1, 1, 1, 1, 0]
Fitness: 1299.717168 	[4, 3, 13, 6, 0, 1, 0, 2, 7, 12, 8, 10, 15, 14, 0, 9, 11, 5, 0, 1, 0, 1, 1, 1, 1, 1, 0, 1, 1, 1, 1, 0, 1, 1, 1, 0, 1, 1, 1, 1, 1, 1, 1, 0]
Fitness: 1301.179663 	[4, 3, 0, 1, 13, 6, 0, 9, 11, 5, 0, 2, 7, 12, 8, 10, 15, 14, 0, 1, 0, 1, 1, 1, 1, 1, 0, 1, 1, 1, 1, 0, 1, 1, 1, 0, 1, 1, 1, 1, 1, 1, 1, 0]
Fitness: 1339.867126 	[9, 11, 5, 6, 0, 1, 13, 0, 2, 7, 12, 8, 10, 15, 14, 0, 4, 3, 0, 1, 0, 1, 1, 1, 1, 1, 0, 0, 1, 1, 1, 0, 1, 1, 1, 1, 1, 1, 1, 1, 1, 1, 1, 0]
Fitness: 1315.687988 	[1, 6, 13, 0, 4, 3, 0, 2, 7, 12, 8, 10, 15, 14, 0, 9, 11, 5, 0, 1, 0, 1, 1, 1, 1, 1, 0, 1, 1, 1, 1, 0, 1, 1, 1, 0, 1, 1, 1, 1, 1, 1, 1, 0]
Fitness: 1303.860651 	[4, 3, 0, 9, 5, 0, 12, 2, 6, 7, 8, 10, 13, 14, 15, 11, 0, 1, 0, 1, 0, 1, 1, 1, 1, 1, 1, 1, 1, 1, 0, 0, 1, 1, 1, 0, 1, 1, 1, 1, 1, 1, 1, 0]
Fitness: 1372.199844 	[4, 3, 0, 11, 5, 6, 9, 0, 1, 13, 0, 2, 7, 12, 8, 10, 15, 14, 0, 1, 0, 1, 1, 1, 1, 1, 0, 1, 1, 1, 1, 0, 1, 1, 1, 0, 1, 1, 1, 1, 1, 1, 1, 0]
Fitness: 1314.851862 	[9, 11, 5, 6, 0, 4, 3, 0, 2, 7, 12, 8, 10, 15, 14, 0, 1, 13, 0, 1, 0, 1, 0, 1, 1, 1, 1, 1, 1, 1, 1, 0, 1, 1, 1, 0, 1, 1, 1, 1, 1, 1, 1, 0]
Fitness: 1331.491276 	[9, 11, 5, 0, 1, 6, 13, 0, 2, 7, 12, 8, 10, 15, 14, 0, 4, 3, 0, 1, 0, 1, 1, 1, 1, 1, 0, 1, 1, 1, 1, 0, 1, 1, 1, 0, 1, 1, 1, 1, 1, 1, 1, 0]
Fitness: 1282.664839 	[2, 7, 12, 8, 10, 15, 14, 13, 0, 9, 11, 5, 0, 1, 4, 0, 3, 6, 0, 1, 0, 1, 1, 1, 1, 1, 1, 1, 1, 1, 1, 0, 1, 1, 1, 0, 1, 1, 0, 1, 1, 1, 1, 0]
Fitness: 1282.459833 	[2, 7, 12, 8, 15, 14, 0, 4, 3, 0, 9, 11, 5, 10, 0, 1, 6, 13, 0, 1, 0, 1, 1, 1, 1, 1, 0, 1, 1, 1, 1, 1, 1, 1, 1, 0, 1, 1, 1, 1, 0, 1, 1, 0]
Fitness: 1303.860651 	[2, 6, 0, 9, 11, 5, 0, 1, 7, 8, 10, 12, 13, 14, 15, 0, 4, 3, 0, 1, 0, 1, 1, 1, 1, 1, 0, 1, 1, 1, 1, 0, 1, 1, 1, 0, 1, 1, 1, 1, 1, 1, 1, 0]
Fitness: 1304.133800 	[1, 0, 11, 5, 0, 12, 2, 6, 7, 8, 10, 13, 14, 15, 0, 3, 4, 9, 0, 1, 0, 1, 1, 1, 1, 1, 0, 1, 1, 1, 1, 0, 1, 1, 1, 0, 1, 1, 1, 1, 1, 1, 1, 0]
Fitness: 1295.145471 	[1, 0, 4, 3, 8, 10, 12, 13, 15, 0, 9, 11, 5, 14, 7, 0, 2, 6, 0, 1, 0, 1, 1, 0, 1, 1, 1, 1, 1, 1, 1, 0, 1, 1, 1, 1, 1, 1, 0, 1, 1, 1, 1, 0]
Fitness: 1303.860651 	[9, 11, 5, 0, 4, 3, 0, 1, 0, 12, 2, 6, 7, 8, 10, 13, 14, 15, 0, 1, 0, 1, 1, 1, 1, 1, 0, 1, 1, 1, 1, 0, 1, 1, 1, 0, 1, 1, 1, 1, 1, 1, 1, 0]
Fitness: 1289.485137 	[2, 7, 12, 8, 10, 15, 14, 0, 1, 13, 6, 0, 9, 11, 5, 0, 4, 3, 0, 1, 0, 1, 1, 1, 1, 1, 0, 1, 1, 1, 1, 0, 1, 1, 1, 0, 1, 1, 1, 1, 1, 1, 1, 0]
Fitness: 1281.151884 	[4, 3, 0, 12, 2, 6, 7, 8, 10, 13, 14, 15, 0, 9, 11, 5, 0, 1, 0, 1, 0, 1, 1, 1, 1, 1, 0, 1, 1, 1, 1, 0, 1, 1, 1, 0, 1, 1, 1, 1, 1, 1, 1, 0]
Fitness: 1282.459833 	[1, 6, 13, 0, 9, 5, 10, 0, 4, 3, 11, 0, 2, 7, 12, 8, 15, 14, 0, 1, 1, 1, 1, 1, 0, 1, 0, 1, 1, 1, 1, 1, 1, 1, 1, 0, 1, 1, 1, 1, 0, 1, 1, 0]
Fitness: 1302.472734 	[1, 4, 0, 5, 11, 0, 9, 3, 0, 12, 2, 6, 7, 8, 10, 13, 14, 15, 0, 1, 0, 1, 1, 1, 1, 1, 0, 1, 1, 1, 1, 1, 1, 1, 1, 0, 1, 1, 1, 1, 0, 1, 1, 0]
Fitness: 1282.459833 	[1, 6, 13, 0, 9, 11, 5, 10, 0, 4, 3, 0, 2, 7, 12, 8, 15, 14, 0, 1, 0, 1, 1, 1, 1, 1, 0, 1, 1, 1, 1, 1, 1, 1, 1, 0, 1, 1, 1, 1, 0, 1, 1, 0]
Fitness: 1337.025318 	[4, 3, 13, 1, 0, 11, 5, 6, 9, 0, 2, 7, 12, 0, 8, 10, 15, 14, 0, 1, 0, 1, 1, 1, 1, 1, 0, 1, 1, 1, 1, 1, 1, 1, 1, 0, 1, 1, 1, 1, 1, 1, 0, 0]
Fitness: 1306.888653 	[3, 4, 0, 12, 2, 6, 7, 8, 10, 13, 14, 15, 0, 9, 11, 5, 0, 1, 0, 1, 0, 1, 1, 1, 1, 1, 0, 1, 1, 1, 1, 0, 1, 1, 1, 0, 1, 1, 1, 1, 1, 1, 1, 0]
Fitness: 1315.687988 	[4, 3, 0, 1, 6, 13, 0, 9, 11, 5, 0, 2, 7, 12, 8, 10, 15, 14, 0, 1, 0, 1, 1, 1, 1, 1, 0, 1, 1, 1, 1, 0, 1, 1, 1, 0, 1, 1, 1, 1, 1, 1, 1, 0]
Time: 0.41657