Fitness: 1293.572184 	[6, 14, 13, 0, 1, 4, 0, 15, 7, 2, 3, 0, 11, 9, 10, 5, 12, 8, 0, 1, 0, 1, 1, 1, 0, 1, 1, 1, 1, 0, 1, 0, 1, 0]
Fitness: 1292.083738 	[1, 5, 0, 6, 11, 14, 15, 0, 10, 12, 7, 2, 13, 3, 8, 0, 9, 4, 0, 1, 0, 1, 1, 1, 0, 1, 1, 0, 1, 1, 0, 1, 1, 0]
Fitness: 1292.083738 	[1, 5, 0, 6, 11, 14, 15, 0, 10, 12, 7, 2, 13, 3, 8, 0, 9, 4, 0, 1, 0, 1, 1, 1, 0, 1, 1, 0, 1, 1, 0, 1, 1, 0]
Fitness: 1292.083738 	[1, 5, 0, 6, 11, 14, 15, 0, 10, 12, 7, 2, 13, 3, 8, 0, 9, 4, 0, 1, 0, 1, 1, 1, 0, 1, 1, 0, 1, 1, 0, 1, 1, 0]
Fitness: 1292.083738 	[1, 5, 0, 6, 11, 14, 15, 0, 9, 4, 0, 10, 12, 7, 2, 13, 3, 8, 0, 1, 0, 1, 1, 1, 0, 1, 1, 0, 1, 1, 0, 1, 1, 0]
Fitness: 1292.083738 	[1, 5, 0, 9, 4, 0, 10, 12, 7, 2, 13, 3, 8, 0, 6, 11, 14, 15, 0, 1, 0, 1, 1, 1, 0, 1, 1, 0, 1, 1, 0, 1, 1, 0]
Fitness: 1280.955092 	[1, 4, 0, 6, 14, 13, 0, 5, 11, 2, 0, 3, 7, 15, 8, 9, 10, 12, 0, 1, 0, 1, 1, 1, 0, 1, 1, 1, 1, 0, 1, 0, 1, 0]
Fitness: 1280.955092 	[1, 4, 0, 6, 14, 13, 0, 5, 11, 2, 0, 3, 7, 15, 8, 9, 10, 12, 0, 1, 0, 1, 1, 1, 0, 1, 1, 1, 1, 0, 1, 0, 1, 0]
Fitness: 1280.512293 	[1, 4, 0, 5, 11, 2, 0, 3, 7, 15, 8, 9, 10, 12, 0, 13, 6, 14, 0, 1, 0, 1, 1, 1, 0, 1, 1, 1, 1, 0, 1, 0, 1, 0]
Fitness: 1276.612504 	[4, 9, 14, 0, 6, 12, 7, 2, 11, 15, 8, 0, 1, 5, 0, 10, 3, 13, 0, 1, 0, 1, 1, 1, 0, 1, 0, 1, 1, 1, 0, 1, 1, 0]
Fitness: 1276.612504 	[1, 5, 0, 6, 12, 7, 2, 11, 15, 8, 0, 4, 9, 14, 0, 10, 3, 13, 0, 1, 0, 1, 1, 1, 0, 1, 0, 1, 1, 1, 0, 1, 1, 0]
Fitness: 1276.612504 	[1, 5, 0, 6, 12, 7, 2, 11, 15, 8, 0, 4, 9, 14, 0, 10, 3, 13, 0, 1, 0, 1, 1, 1, 0, 1, 0, 1, 1, 1, 0, 1, 1, 0]
Fitness: 1276.612504 	[1, 5, 0, 6, 12, 7, 2, 11, 15, 8, 0, 4, 9, 14, 0, 10, 3, 13, 0, 1, 0, 1, 1, 1, 0, 1, 0, 1, 1, 1, 0, 1, 1, 0]
Fitness: 1276.612504 	[1, 5, 0, 6, 12, 7, 2, 11, 15, 8, 0, 4, 9, 14, 0, 10, 3, 13, 0, 1, 0, 1, 1, 1, 0, 1, 0, 1, 1, 1, 0, 1, 1, 0]
Fitness: 1272.235892 	[1, 0, 9, 6, 4, 0, 10, 12, 7, 2, 13, 8, 15, 0, 5, 11, 14, 3, 0, 1, 0, 1, 1, 1, 0, 1, 1, 0, 1, 1, 0, 1, 1, 0]
Fitness: 1266.086998 	[1, 2, 0, 9, 4, 0, 5, 11, 14, 0, 3, 6, 7, 8, 10, 12, 13, 15, 0, 1, 0, 1, 1, 1, 0, 1, 1, 0, 1, 1, 0, 1, 1, 0]
Fitness: 1263.357940 	[1, 4, 0, 6, 14, 13, 0, 11, 9, 10, 5, 12, 8, 0, 15, 7, 2, 3, 0, 1, 0, 1, 1, 1, 0, 1, 1, 1, 1, 0, 1, 0, 1, 0]
Fitness: 1263.357940 	[1, 4, 0, 6, 14, 13, 0, 15, 7, 2, 3, 0, 11, 9, 10, 5, 12, 8, 0, 1, 0, 1, 1, 1, 0, 1, 1, 1, 1, 0, 1, 0, 1, 0]
Fitness: 1263.357940 	[1, 4, 0, 6, 14, 13, 0, 15, 7, 2, 3, 0, 11, 9, 10, 5, 12, 8, 0, 1, 0, 1, 1, 1, 0, 1, 1, 1, 1, 0, 1, 0, 1, 0]
Fitness: 1263.357940 	[1, 4, 0, 6, 14, 13, 0, 15, 7, 2, 3, 0, 11, 9, 10, 5, 12, 8, 0, 1, 0, 1, 1, 1, 0, 1, 1, 1, 1, 0, 1, 0, 1, 0]
Fitness: 1263.357940 	[1, 4, 0, 6, 14, 13, 0, 15, 7, 2, 3, 0, 11, 9, 10, 5, 12, 8, 0, 1, 0, 1, 1, 1, 0, 1, 1, 1, 1, 0, 1, 0, 1, 0]
Fitness: 1263.164821 	[1, 5, 0, 10, 12, 7, 2, 13, 3, 8, 0, 9, 4, 0, 6, 11, 14, 15, 0, 0, 1, 1, 1, 1, 0, 1, 1, 0, 1, 1, 0, 1, 1, 0]
Fitness: 1263.164821 	[1, 5, 0, 10, 12, 7, 2, 13, 3, 8, 0, 9, 4, 0, 6, 11, 14, 15, 0, 0, 1, 1, 1, 1, 0, 1, 1, 0, 1, 1, 0, 1, 1, 0]
Fitness: 1262.738390 	[1, 4, 0, 6, 14, 13, 0, 15, 7, 2, 3, 0, 11, 9, 10, 5, 12, 8, 0, 1, 0, 1, 1, 1, 0, 1, 1, 0, 1, 1, 0, 1, 1, 0]
Fitness: 1262.738390 	[1, 4, 0, 6, 14, 13, 0, 15, 7, 2, 3, 0, 11, 9, 10, 5, 12, 8, 0, 1, 0, 1, 1, 1, 0, 1, 1, 0, 1, 1, 0, 1, 1, 0]
Fitness: 1262.738390 	[1, 4, 0, 15, 7, 2, 3, 0, 6, 14, 13, 0, 11, 9, 10, 5, 12, 8, 0, 1, 0, 1, 1, 1, 0, 1, 1, 0, 1, 1, 0, 1, 1, 0]
Fitness: 1261.265493 	[1, 0, 5, 11, 0, 9, 4, 14, 0, 10, 12, 7, 2, 13, 3, 8, 15, 6, 0, 1, 0, 1, 1, 1, 0, 1, 1, 0, 1, 1, 0, 1, 1, 0]
Fitness: 1261.265493 	[1, 0, 5, 11, 0, 9, 4, 14, 0, 10, 12, 7, 2, 13, 3, 8, 15, 6, 0, 1, 0, 1, 1, 1, 0, 1, 1, 0, 1, 1, 0, 1, 1, 0]
Fitness: 1259.096965 	[1, 0, 5, 11, 14, 0, 9, 6, 4, 0, 10, 12, 7, 2, 13, 3, 8, 15, 0, 0, 1, 1, 1, 1, 0, 1, 1, 0, 1, 1, 0, 1, 1, 0]
Fitness: 1259.096965 	[1, 0, 9, 6, 4, 0, 5, 11, 14, 0, 10, 12, 7, 2, 13, 3, 8, 15, 0, 0, 1, 1, 1, 1, 0, 1, 1, 0, 1, 1, 0, 1, 1, 0]
Fitness: 1259.096965 	[1, 0, 9, 6, 4, 0, 5, 11, 14, 0, 10, 12, 7, 2, 13, 3, 8, 15, 0, 0, 1, 1, 1, 1, 0, 1, 1, 0, 1, 1, 0, 1, 1, 0]
Fitness: 1259.096965 	[1, 0, 9, 6, 4, 0, 10, 12, 7, 2, 13, 3, 8, 15, 0, 5, 11, 14, 0, 0, 1, 1, 1, 1, 0, 1, 1, 0, 1, 1, 0, 1, 1, 0]
Fitness: 1259.096965 	[1, 0, 9, 6, 4, 0, 5, 11, 14, 0, 10, 12, 7, 2, 13, 3, 8, 15, 0, 0, 1, 1, 1, 1, 0, 1, 1, 0, 1, 1, 0, 1, 1, 0]
Fitness: 1259.096965 	[1, 0, 9, 6, 4, 0, 5, 11, 14, 0, 10, 12, 7, 2, 13, 3, 8, 15, 0, 0, 1, 1, 1, 1, 0, 1, 1, 0, 1, 1, 0, 1, 1, 0]
Fitness: 1259.096965 	[1, 0, 9, 6, 4, 0, 5, 11, 14, 0, 10, 12, 7, 2, 13, 3, 8, 15, 0, 0, 1, 1, 1, 1, 0, 1, 1, 0, 1, 1, 0, 1, 1, 0]
Fitness: 1259.096965 	[1, 0, 9, 6, 4, 0, 10, 12, 7, 2, 13, 3, 8, 15, 0, 5, 11, 14, 0, 0, 1, 1, 1, 1, 0, 1, 1, 0, 1, 1, 0, 1, 1, 0]
Fitness: 1259.096965 	[1, 0, 9, 6, 4, 0, 5, 11, 14, 0, 10, 12, 7, 2, 13, 3, 8, 15, 0, 0, 1, 1, 1, 1, 0, 1, 1, 0, 1, 1, 0, 1, 1, 0]
Fitness: 1259.096965 	[1, 0, 9, 6, 4, 0, 5, 11, 14, 0, 10, 12, 7, 2, 13, 3, 8, 15, 0, 0, 1, 1, 1, 1, 0, 1, 1, 0, 1, 1, 0, 1, 1, 0]
Fitness: 1259.096965 	[1, 0, 9, 6, 4, 0, 5, 11, 14, 0, 10, 12, 7, 2, 13, 3, 8, 15, 0, 0, 1, 1, 1, 1, 0, 1, 1, 0, 1, 1, 0, 1, 1, 0]
Fitness: 1259.096965 	[1, 0, 9, 6, 4, 0, 10, 12, 7, 2, 13, 3, 8, 15, 0, 5, 11, 14, 0, 0, 1, 1, 1, 1, 0, 1, 1, 0, 1, 1, 0, 1, 1, 0]
Fitness: 1259.096965 	[1, 0, 9, 6, 4, 0, 5, 11, 14, 0, 10, 12, 7, 2, 13, 3, 8, 15, 0, 0, 1, 1, 1, 1, 0, 1, 1, 0, 1, 1, 0, 1, 1, 0]
Fitness: 1259.096965 	[1, 0, 9, 6, 4, 0, 10, 12, 7, 2, 13, 3, 8, 15, 0, 5, 11, 14, 0, 0, 1, 1, 1, 1, 0, 1, 1, 0, 1, 1, 0, 1, 1, 0]
Fitness: 1257.108062 	[1, 0, 9, 6, 4, 7, 0, 10, 12, 2, 13, 3, 8, 15, 0, 5, 11, 14, 0, 1, 0, 1, 1, 1, 0, 1, 1, 0, 1, 1, 0, 1, 1, 0]
Fitness: 1256.083807 	[5, 4, 0, 7, 8, 2, 10, 12, 13, 15, 0, 3, 1, 6, 0, 14, 9, 11, 0, 0, 1, 1, 1, 1, 0, 1, 1, 0, 1, 1, 0, 1, 1, 0]
Fitness: 1256.083807 	[5, 4, 0, 7, 8, 2, 10, 12, 13, 15, 0, 3, 1, 6, 0, 14, 9, 11, 0, 0, 1, 1, 1, 1, 0, 1, 1, 0, 1, 1, 0, 1, 1, 0]
Fitness: 1256.083807 	[5, 4, 0, 7, 8, 2, 10, 12, 13, 15, 0, 14, 9, 11, 0, 3, 1, 6, 0, 0, 1, 1, 1, 1, 0, 1, 1, 0, 1, 1, 0, 1, 1, 0]
Fitness: 1256.054295 	[15, 1, 6, 0, 10, 12, 7, 2, 13, 3, 8, 0, 9, 4, 14, 0, 5, 11, 0, 1, 0, 1, 1, 1, 0, 1, 0, 1, 1, 1, 0, 1, 1, 0]
Fitness: 1255.260604 	[5, 11, 0, 10, 12, 7, 2, 13, 3, 8, 0, 4, 14, 0, 15, 1, 6, 9, 0, 1, 0, 1, 1, 1, 1, 0, 1, 0, 1, 1, 0, 1, 1, 0]
Fitness: 1253.968782 	[1, 5, 0, 6, 12, 7, 2, 11, 15, 8, 0, 4, 9, 14, 0, 10, 3, 13, 0, 1, 0, 1, 1, 1, 0, 1, 1, 0, 1, 1, 0, 1, 1, 0]
Fitness: 1253.794401 	[5, 11, 0, 10, 12, 7, 2, 13, 3, 8, 0, 9, 4, 14, 0, 15, 1, 6, 0, 1, 0, 1, 1, 1, 1, 0, 1, 0, 1, 1, 0, 1, 1, 0]
Fitness: 1250.993428 	[4, 1, 0, 3, 6, 7, 0, 11, 9, 10, 5, 12, 8, 0, 2, 14, 13, 15, 0, 1, 0, 1, 1, 1, 1, 0, 1, 0, 1, 0, 1, 1, 1, 0]
Fitness: 1250.993428 	[4, 1, 0, 3, 6, 7, 0, 11, 9, 10, 5, 12, 8, 0, 2, 14, 13, 15, 0, 1, 0, 1, 1, 1, 1, 0, 1, 0, 1, 0, 1, 1, 1, 0]
Fitness: 1250.657445 	[9, 4, 0, 10, 12, 7, 2, 13, 3, 8, 0, 5, 11, 14, 0, 1, 6, 15, 0, 1, 0, 1, 1, 1, 1, 0, 1, 0, 1, 1, 0, 1, 1, 0]
Fitness: 1250.657445 	[9, 4, 0, 10, 12, 7, 2, 13, 3, 8, 0, 1, 6, 15, 0, 5, 11, 14, 0, 1, 0, 1, 1, 1, 1, 0, 1, 0, 1, 1, 0, 1, 1, 0]
Fitness: 1250.657445 	[9, 4, 0, 10, 12, 7, 2, 13, 3, 8, 0, 1, 6, 15, 0, 5, 11, 14, 0, 1, 0, 1, 1, 1, 1, 0, 1, 0, 1, 1, 0, 1, 1, 0]
Fitness: 1250.657445 	[9, 4, 0, 10, 12, 7, 2, 13, 3, 8, 0, 5, 11, 14, 0, 1, 6, 15, 0, 1, 0, 1, 1, 1, 1, 0, 1, 0, 1, 1, 0, 1, 1, 0]
Fitness: 1250.657445 	[9, 4, 0, 10, 12, 7, 2, 13, 3, 8, 0, 1, 6, 15, 0, 5, 11, 14, 0, 1, 0, 1, 1, 1, 1, 0, 1, 0, 1, 1, 0, 1, 1, 0]
Fitness: 1250.657445 	[9, 4, 0, 10, 12, 7, 2, 13, 3, 8, 0, 5, 11, 14, 0, 1, 6, 15, 0, 1, 0, 1, 1, 1, 1, 0, 1, 0, 1, 1, 0, 1, 1, 0]
Fitness: 1250.657445 	[9, 4, 0, 10, 12, 7, 2, 13, 3, 8, 0, 5, 11, 14, 0, 1, 6, 15, 0, 1, 0, 1, 1, 1, 1, 0, 1, 0, 1, 1, 0, 1, 1, 0]
Fitness: 1250.657445 	[9, 4, 0, 10, 12, 7, 2, 13, 3, 8, 0, 5, 11, 14, 0, 1, 6, 15, 0, 1, 0, 1, 1, 1, 1, 0, 1, 0, 1, 1, 0, 1, 1, 0]
Fitness: 1250.657445 	[9, 4, 0, 10, 12, 7, 2, 13, 3, 8, 0, 5, 11, 14, 0, 1, 6, 15, 0, 1, 0, 1, 1, 1, 1, 0, 1, 0, 1, 1, 0, 1, 1, 0]
Fitness: 1250.657445 	[9, 4, 0, 10, 12, 7, 2, 13, 3, 8, 0, 1, 6, 15, 0, 5, 11, 14, 0, 1, 0, 1, 1, 1, 1, 0, 1, 0, 1, 1, 0, 1, 1, 0]
Fitness: 1250.195095 	[6, 14, 13, 0, 4, 0, 1, 2, 3, 7, 15, 0, 11, 9, 10, 5, 12, 8, 0, 1, 0, 1, 1, 1, 0, 1, 1, 1, 1, 0, 1, 0, 1, 0]
Fitness: 1250.195095 	[6, 14, 13, 0, 4, 0, 11, 9, 10, 5, 12, 8, 0, 1, 2, 3, 7, 15, 0, 1, 0, 1, 1, 1, 0, 1, 1, 1, 1, 0, 1, 0, 1, 0]
Fitness: 1250.195095 	[6, 14, 13, 0, 4, 0, 11, 9, 10, 5, 12, 8, 0, 1, 2, 3, 7, 15, 0, 1, 0, 1, 1, 1, 0, 1, 1, 1, 1, 0, 1, 0, 1, 0]
Fitness: 1246.903020 	[1, 5, 0, 10, 3, 13, 0, 4, 9, 14, 0, 6, 12, 7, 2, 11, 15, 8, 0, 1, 0, 1, 1, 1, 0, 1, 0, 1, 1, 1, 0, 1, 1, 0]
Fitness: 1246.903020 	[1, 5, 0, 10, 3, 13, 0, 4, 9, 14, 0, 6, 12, 7, 2, 11, 15, 8, 0, 1, 0, 1, 1, 1, 0, 1, 0, 1, 1, 1, 0, 1, 1, 0]
Fitness: 1246.903020 	[1, 5, 0, 10, 3, 13, 0, 4, 9, 14, 0, 6, 12, 7, 2, 11, 15, 8, 0, 1, 0, 1, 1, 1, 0, 1, 0, 1, 1, 1, 0, 1, 1, 0]
Fitness: 1246.903020 	[1, 5, 0, 10, 3, 13, 0, 4, 9, 14, 0, 6, 12, 7, 2, 11, 15, 8, 0, 1, 0, 1, 1, 1, 0, 1, 0, 1, 1, 1, 0, 1, 1, 0]
Fitness: 1246.903020 	[1, 5, 0, 10, 3, 13, 0, 4, 9, 14, 0, 6, 12, 7, 2, 11, 15, 8, 0, 1, 0, 1, 1, 1, 0, 1, 0, 1, 1, 1, 0, 1, 1, 0]
Fitness: 1246.903020 	[1, 5, 0, 10, 3, 13, 0, 4, 9, 14, 0, 6, 12, 7, 2, 11, 15, 8, 0, 1, 0, 1, 1, 1, 0, 1, 0, 1, 1, 1, 0, 1, 1, 0]
Fitness: 1246.903020 	[1, 5, 0, 10, 3, 13, 0, 4, 9, 14, 0, 6, 12, 7, 2, 11, 15, 8, 0, 1, 0, 1, 1, 1, 0, 1, 0, 1, 1, 1, 0, 1, 1, 0]
Fitness: 1246.903020 	[1, 5, 0, 10, 3, 13, 0, 4, 9, 14, 0, 6, 12, 7, 2, 11, 15, 8, 0, 1, 0, 1, 1, 1, 0, 1, 0, 1, 1, 1, 0, 1, 1, 0]
Fitness: 1244.472428 	[1, 11, 9, 0, 4, 0, 10, 12, 7, 2, 13, 3, 8, 0, 6, 15, 5, 14, 0, 0, 1, 1, 1, 0, 1, 1, 1, 0, 1, 1, 0, 1, 1, 0]
Fitness: 1244.472428 	[1, 11, 9, 0, 4, 0, 10, 12, 7, 2, 13, 3, 8, 0, 6, 15, 5, 14, 0, 0, 1, 1, 1, 0, 1, 1, 1, 0, 1, 1, 0, 1, 1, 0]
Fitness: 1243.346647 	[5, 11, 0, 10, 12, 7, 2, 13, 3, 8, 0, 9, 4, 14, 0, 15, 1, 6, 0, 1, 0, 1, 1, 1, 0, 1, 1, 0, 1, 1, 0, 1, 1, 0]
Fitness: 1243.346647 	[5, 11, 0, 10, 12, 7, 2, 13, 3, 8, 0, 9, 4, 14, 0, 15, 1, 6, 0, 1, 0, 1, 1, 1, 0, 1, 1, 0, 1, 1, 0, 1, 1, 0]
Fitness: 1243.346647 	[5, 11, 0, 10, 12, 7, 2, 13, 3, 8, 0, 9, 4, 14, 0, 15, 1, 6, 0, 1, 0, 1, 1, 1, 0, 1, 1, 0, 1, 1, 0, 1, 1, 0]
Fitness: 1243.346647 	[5, 11, 0, 10, 12, 7, 2, 13, 3, 8, 0, 9, 4, 14, 0, 15, 1, 6, 0, 1, 0, 1, 1, 1, 0, 1, 1, 0, 1, 1, 0, 1, 1, 0]
Fitness: 1243.346647 	[5, 11, 0, 10, 12, 7, 2, 13, 3, 8, 0, 9, 4, 14, 0, 15, 1, 6, 0, 1, 0, 1, 1, 1, 0, 1, 1, 0, 1, 1, 0, 1, 1, 0]
Fitness: 1242.754473 	[1, 6, 0, 9, 4, 5, 0, 11, 14, 10, 3, 0, 7, 8, 2, 12, 13, 15, 0, 1, 0, 1, 1, 1, 0, 1, 1, 1, 0, 1, 0, 1, 1, 0]
Fitness: 1242.532091 	[1, 6, 0, 10, 8, 11, 14, 13, 15, 0, 2, 3, 9, 7, 12, 5, 0, 4, 0, 1, 0, 1, 1, 1, 0, 1, 0, 1, 0, 1, 1, 1, 1, 0]
Fitness: 1242.532091 	[1, 6, 0, 10, 8, 11, 14, 13, 15, 0, 2, 3, 9, 7, 12, 5, 0, 4, 0, 1, 0, 1, 1, 1, 0, 1, 0, 1, 0, 1, 1, 1, 1, 0]
Fitness: 1242.532091 	[1, 6, 0, 10, 8, 11, 14, 13, 15, 0, 2, 3, 9, 7, 12, 5, 0, 4, 0, 1, 0, 1, 1, 1, 0, 1, 0, 1, 0, 1, 1, 1, 1, 0]
Fitness: 1242.532091 	[1, 6, 0, 10, 8, 11, 14, 13, 15, 0, 2, 3, 9, 7, 12, 5, 0, 4, 0, 1, 0, 1, 1, 1, 0, 1, 0, 1, 0, 1, 1, 1, 1, 0]
Fitness: 1242.532091 	[1, 6, 0, 2, 3, 9, 7, 12, 5, 0, 10, 8, 11, 14, 13, 15, 0, 4, 0, 1, 0, 1, 1, 1, 0, 1, 0, 1, 0, 1, 1, 1, 1, 0]
Fitness: 1241.540232 	[1, 5, 0, 6, 12, 7, 2, 11, 15, 8, 0, 10, 3, 13, 0, 4, 9, 14, 0, 1, 0, 1, 1, 1, 0, 1, 0, 1, 1, 1, 0, 1, 1, 0]
Fitness: 1241.271005 	[9, 4, 0, 5, 11, 14, 0, 10, 12, 7, 2, 13, 3, 8, 0, 15, 1, 6, 0, 1, 0, 1, 1, 1, 0, 1, 1, 0, 1, 1, 0, 1, 1, 0]
Fitness: 1241.271005 	[9, 4, 0, 5, 11, 14, 0, 10, 12, 7, 2, 13, 3, 8, 0, 15, 1, 6, 0, 1, 0, 1, 1, 1, 0, 1, 1, 0, 1, 1, 0, 1, 1, 0]
Fitness: 1241.271005 	[9, 4, 0, 5, 11, 14, 0, 10, 12, 7, 2, 13, 3, 8, 0, 15, 1, 6, 0, 1, 0, 1, 1, 1, 0, 1, 1, 0, 1, 1, 0, 1, 1, 0]
Fitness: 1241.271005 	[9, 4, 0, 5, 11, 14, 0, 10, 12, 7, 2, 13, 3, 8, 0, 15, 1, 6, 0, 1, 0, 1, 1, 1, 0, 1, 1, 0, 1, 1, 0, 1, 1, 0]
Fitness: 1241.271005 	[9, 4, 0, 15, 1, 6, 0, 5, 11, 14, 0, 10, 12, 7, 2, 13, 3, 8, 0, 1, 0, 1, 1, 1, 0, 1, 1, 0, 1, 1, 0, 1, 1, 0]
Fitness: 1241.271005 	[9, 4, 0, 15, 1, 6, 0, 5, 11, 14, 0, 10, 12, 7, 2, 13, 3, 8, 0, 1, 0, 1, 1, 1, 0, 1, 1, 0, 1, 1, 0, 1, 1, 0]
Fitness: 1241.271005 	[9, 4, 0, 15, 1, 6, 0, 5, 11, 14, 0, 10, 12, 7, 2, 13, 3, 8, 0, 1, 0, 1, 1, 1, 0, 1, 1, 0, 1, 1, 0, 1, 1, 0]
Fitness: 1241.271005 	[9, 4, 0, 15, 1, 6, 0, 10, 12, 7, 2, 13, 3, 8, 0, 5, 11, 14, 0, 1, 0, 1, 1, 1, 0, 1, 1, 0, 1, 1, 0, 1, 1, 0]
Fitness: 1241.271005 	[9, 4, 0, 15, 1, 6, 0, 5, 11, 14, 0, 10, 12, 7, 2, 13, 3, 8, 0, 1, 0, 1, 1, 1, 0, 1, 1, 0, 1, 1, 0, 1, 1, 0]
Fitness: 1241.271005 	[9, 4, 0, 15, 1, 6, 0, 5, 11, 14, 0, 10, 12, 7, 2, 13, 3, 8, 0, 1, 0, 1, 1, 1, 0, 1, 1, 0, 1, 1, 0, 1, 1, 0]
Fitness: 1241.271005 	[9, 4, 0, 15, 1, 6, 0, 5, 11, 14, 0, 10, 12, 7, 2, 13, 3, 8, 0, 1, 0, 1, 1, 1, 0, 1, 1, 0, 1, 1, 0, 1, 1, 0]
Fitness: 1241.271005 	[9, 4, 0, 15, 1, 6, 0, 10, 12, 7, 2, 13, 3, 8, 0, 5, 11, 14, 0, 1, 0, 1, 1, 1, 0, 1, 1, 0, 1, 1, 0, 1, 1, 0]
Fitness: 1240.461123 	[2, 7, 10, 9, 0, 15, 3, 4, 8, 12, 14, 0, 11, 13, 1, 0, 5, 6, 0, 1, 0, 1, 0, 1, 1, 0, 1, 1, 1, 1, 0, 1, 1, 0]
Fitness: 1243.346647 	[5, 11, 0, 10, 12, 7, 2, 13, 3, 8, 0, 9, 4, 14, 0, 15, 1, 6, 0, 1, 0, 1, 1, 1, 0, 1, 1, 0, 1, 1, 0, 1, 1, 0]
Fitness: 1292.083738 	[1, 5, 0, 6, 11, 14, 15, 0, 9, 4, 0, 10, 12, 7, 2, 13, 3, 8, 0, 1, 0, 1, 1, 1, 0, 1, 1, 0, 1, 1, 0, 1, 1, 0]
Fitness: 1243.346647 	[9, 4, 0, 5, 11, 0, 15, 1, 6, 0, 10, 12, 7, 2, 13, 3, 8, 14, 0, 1, 0, 1, 1, 1, 0, 1, 1, 0, 1, 1, 0, 1, 1, 0]
Fitness: 1244.472428 	[1, 11, 9, 0, 4, 0, 10, 12, 7, 2, 13, 3, 8, 0, 6, 15, 5, 14, 0, 0, 1, 1, 1, 0, 1, 1, 1, 0, 1, 1, 0, 1, 1, 0]
Fitness: 1259.096965 	[1, 0, 5, 11, 14, 0, 9, 6, 4, 0, 10, 12, 7, 2, 13, 3, 8, 15, 0, 0, 1, 1, 1, 1, 0, 1, 1, 0, 1, 1, 0, 1, 1, 0]
Fitness: 1244.472428 	[4, 0, 10, 12, 7, 2, 13, 3, 8, 0, 9, 6, 1, 0, 11, 5, 14, 15, 0, 0, 1, 1, 1, 0, 1, 1, 1, 0, 1, 1, 0, 1, 1, 0]
Fitness: 1276.612504 	[1, 5, 0, 6, 12, 7, 2, 11, 15, 8, 0, 4, 9, 14, 0, 10, 3, 13, 0, 1, 0, 1, 1, 1, 0, 1, 0, 1, 0, 1, 1, 1, 1, 0]
Fitness: 1242.532091 	[1, 6, 0, 10, 8, 11, 14, 13, 15, 0, 2, 3, 9, 7, 12, 5, 0, 4, 0, 1, 0, 1, 1, 1, 0, 1, 0, 1, 0, 1, 1, 1, 1, 0]
Fitness: 1276.612504 	[1, 5, 0, 10, 3, 13, 0, 2, 6, 9, 7, 12, 8, 0, 4, 11, 14, 15, 0, 1, 0, 1, 1, 1, 0, 1, 0, 1, 1, 1, 0, 1, 1, 0]
Fitness: 1241.271005 	[9, 4, 0, 5, 11, 14, 0, 10, 12, 7, 2, 13, 3, 8, 0, 15, 1, 6, 0, 1, 0, 1, 1, 1, 0, 1, 1, 0, 1, 1, 0, 1, 1, 0]
Fitness: 1292.083738 	[1, 5, 0, 6, 11, 14, 15, 0, 10, 12, 7, 2, 13, 3, 8, 0, 9, 4, 0, 1, 0, 1, 1, 1, 0, 1, 1, 0, 1, 1, 0, 1, 1, 0]
Fitness: 1241.271005 	[1, 9, 0, 6, 4, 15, 0, 5, 11, 14, 0, 10, 12, 7, 2, 13, 3, 8, 0, 1, 0, 1, 1, 1, 0, 1, 1, 0, 1, 1, 0, 1, 1, 0]
Fitness: 1280.512293 	[1, 4, 0, 5, 11, 2, 0, 3, 7, 15, 8, 9, 10, 12, 0, 13, 6, 14, 0, 1, 0, 1, 1, 1, 0, 1, 0, 1, 1, 1, 0, 1, 1, 0]
Fitness: 1246.903020 	[1, 5, 0, 10, 3, 13, 0, 4, 9, 14, 0, 6, 12, 7, 2, 11, 15, 8, 0, 1, 0, 1, 1, 1, 0, 1, 0, 1, 1, 1, 0, 1, 1, 0]
Fitness: 1280.512293 	[1, 9, 0, 5, 11, 2, 0, 13, 6, 14, 0, 10, 12, 7, 3, 4, 15, 8, 0, 1, 0, 1, 1, 1, 0, 1, 1, 1, 1, 0, 1, 0, 1, 0]
Fitness: 1259.096965 	[1, 0, 9, 6, 4, 0, 5, 11, 14, 0, 10, 12, 7, 2, 13, 3, 8, 15, 0, 0, 1, 1, 1, 1, 1, 0, 1, 0, 1, 1, 0, 1, 1, 0]
Fitness: 1250.657445 	[9, 4, 0, 10, 12, 7, 2, 13, 3, 8, 0, 5, 11, 14, 0, 1, 6, 15, 0, 1, 0, 1, 1, 1, 1, 0, 1, 0, 1, 1, 0, 1, 1, 0]
Fitness: 1259.096965 	[1, 15, 0, 10, 12, 7, 2, 13, 3, 8, 0, 9, 6, 4, 0, 5, 11, 14, 0, 0, 1, 1, 1, 1, 0, 1, 1, 0, 1, 1, 0, 1, 1, 0]
Fitness: 1241.540232 	[1, 5, 0, 4, 9, 14, 0, 10, 12, 7, 2, 13, 3, 8, 15, 0, 6, 11, 0, 1, 0, 1, 1, 1, 0, 1, 0, 1, 1, 1, 0, 1, 1, 0]
Fitness: 1250.195095 	[6, 14, 13, 0, 4, 0, 11, 9, 10, 5, 12, 8, 0, 1, 2, 3, 7, 15, 0, 1, 0, 1, 1, 1, 1, 0, 1, 0, 1, 1, 0, 1, 1, 0]
Fitness: 1250.657445 	[9, 4, 0, 10, 12, 7, 2, 13, 3, 8, 0, 5, 11, 14, 0, 1, 6, 15, 0, 1, 0, 1, 1, 1, 1, 0, 1, 0, 1, 1, 0, 1, 1, 0]
Fitness: 1250.195095 	[1, 15, 0, 6, 14, 7, 2, 13, 3, 0, 4, 0, 11, 9, 10, 5, 12, 8, 0, 1, 0, 1, 1, 1, 0, 1, 1, 1, 1, 0, 1, 0, 1, 0]
Fitness: 1293.572184 	[6, 14, 13, 0, 1, 4, 0, 15, 7, 2, 3, 0, 11, 9, 10, 5, 12, 8, 0, 1, 0, 1, 1, 1, 0, 1, 1, 1, 1, 0, 1, 0, 1, 0]
Fitness: 1257.108062 	[1, 0, 9, 6, 4, 7, 0, 10, 12, 2, 13, 3, 8, 15, 0, 5, 11, 14, 0, 1, 0, 1, 1, 1, 0, 1, 1, 0, 1, 1, 0, 1, 1, 0]
Fitness: 1293.572184 	[15, 7, 2, 3, 0, 1, 4, 0, 10, 12, 9, 13, 6, 8, 0, 5, 11, 14, 0, 1, 0, 1, 1, 1, 0, 1, 1, 1, 1, 0, 1, 0, 1, 0]
Fitness: 1241.271005 	[2, 5, 0, 3, 8, 7, 0, 9, 4, 0, 15, 1, 6, 10, 11, 12, 13, 14, 0, 1, 0, 1, 1, 1, 0, 1, 1, 0, 1, 1, 0, 1, 1, 0]
Fitness: 1241.271005 	[9, 4, 0, 15, 1, 6, 0, 5, 11, 14, 0, 10, 12, 7, 2, 13, 3, 8, 0, 1, 1, 1, 1, 0, 0, 1, 1, 0, 1, 1, 0, 1, 1, 0]
Fitness: 1244.472428 	[1, 11, 9, 0, 4, 0, 10, 12, 7, 2, 13, 3, 8, 0, 6, 15, 5, 14, 0, 0, 1, 1, 1, 0, 1, 1, 1, 0, 1, 1, 0, 1, 1, 0]
Fitness: 1241.271005 	[2, 11, 3, 0, 15, 1, 6, 0, 9, 4, 0, 7, 8, 5, 14, 10, 12, 13, 0, 1, 0, 1, 1, 1, 0, 1, 1, 0, 1, 1, 0, 1, 1, 0]
Fitness: 1241.271005 	[9, 4, 0, 5, 11, 14, 0, 10, 12, 7, 2, 13, 3, 8, 0, 15, 1, 6, 0, 1, 0, 1, 1, 1, 0, 1, 1, 0, 1, 1, 0, 1, 1, 0]
Fitness: 1241.271005 	[9, 4, 0, 15, 1, 6, 0, 5, 11, 14, 0, 10, 12, 7, 2, 13, 3, 8, 0, 1, 0, 1, 1, 1, 0, 1, 1, 0, 1, 1, 0, 1, 1, 0]
Fitness: 1241.271005 	[9, 4, 0, 10, 12, 7, 2, 13, 3, 8, 0, 5, 11, 14, 0, 1, 6, 15, 0, 1, 0, 1, 1, 1, 0, 1, 1, 0, 1, 1, 0, 1, 1, 0]
Fitness: 1246.903020 	[1, 5, 0, 10, 3, 13, 0, 4, 9, 14, 0, 6, 12, 7, 2, 11, 15, 8, 0, 1, 0, 1, 1, 1, 0, 1, 0, 1, 1, 1, 0, 1, 1, 0]
Fitness: 1250.657445 	[9, 4, 0, 10, 12, 7, 2, 13, 3, 8, 0, 1, 6, 15, 0, 5, 11, 14, 0, 1, 0, 1, 1, 1, 1, 0, 1, 0, 1, 1, 0, 1, 1, 0]
Fitness: 1246.903020 	[9, 4, 0, 10, 14, 13, 3, 0, 6, 12, 7, 2, 11, 15, 8, 0, 1, 5, 0, 1, 0, 1, 1, 1, 0, 1, 0, 1, 1, 1, 0, 1, 1, 0]
Fitness: 1292.083738 	[1, 5, 0, 6, 11, 14, 15, 0, 10, 12, 7, 2, 13, 3, 8, 0, 9, 4, 0, 1, 0, 1, 1, 1, 0, 1, 1, 0, 1, 1, 0, 1, 1, 0]
Fitness: 1263.357940 	[1, 4, 0, 6, 14, 13, 0, 15, 7, 2, 3, 0, 11, 9, 10, 5, 12, 8, 0, 1, 0, 1, 1, 1, 0, 1, 1, 1, 1, 0, 1, 0, 1, 0]
Fitness: 1292.083738 	[2, 4, 0, 1, 5, 0, 6, 11, 14, 15, 0, 3, 9, 10, 13, 12, 8, 7, 0, 1, 0, 1, 1, 1, 0, 1, 1, 0, 1, 1, 0, 1, 1, 0]
Fitness: 1242.532091 	[1, 6, 0, 10, 8, 11, 14, 13, 15, 0, 2, 3, 9, 7, 12, 5, 0, 4, 0, 0, 1, 1, 1, 1, 0, 1, 1, 0, 0, 1, 1, 1, 1, 0]
Fitness: 1259.096965 	[1, 0, 9, 6, 4, 0, 5, 11, 14, 0, 10, 12, 7, 2, 13, 3, 8, 15, 0, 0, 1, 1, 1, 1, 0, 1, 1, 0, 1, 1, 0, 1, 1, 0]
Fitness: 1242.532091 	[2, 3, 9, 7, 12, 5, 0, 4, 0, 1, 11, 14, 0, 10, 6, 13, 8, 15, 0, 1, 0, 1, 1, 1, 0, 1, 0, 1, 0, 1, 1, 1, 1, 0]
Fitness: 1250.657445 	[9, 4, 0, 10, 12, 7, 2, 13, 3, 8, 0, 1, 6, 15, 0, 5, 11, 14, 0, 1, 0, 1, 1, 1, 1, 0, 1, 0, 1, 1, 0, 1, 1, 0]
Fitness: 1263.357940 	[1, 4, 0, 6, 14, 13, 0, 15, 7, 2, 3, 0, 11, 9, 10, 5, 12, 8, 0, 1, 0, 1, 1, 1, 0, 1, 1, 1, 1, 0, 1, 0, 1, 0]
Fitness: 1250.657445 	[9, 4, 0, 5, 11, 14, 0, 15, 7, 2, 3, 0, 1, 13, 10, 6, 12, 8, 0, 1, 0, 1, 1, 1, 1, 0, 1, 0, 1, 1, 0, 1, 1, 0]
Fitness: 1263.164821 	[1, 5, 0, 10, 12, 7, 2, 13, 3, 8, 0, 9, 4, 0, 6, 11, 14, 15, 0, 0, 1, 1, 1, 1, 0, 1, 1, 0, 1, 1, 0, 1, 1, 0]
Fitness: 1243.346647 	[5, 11, 0, 10, 12, 7, 2, 13, 3, 8, 0, 9, 4, 14, 0, 15, 1, 6, 0, 1, 0, 1, 1, 1, 0, 1, 1, 0, 1, 1, 0, 1, 1, 0]
Fitness: 1263.164821 	[4, 11, 0, 6, 9, 14, 15, 0, 10, 12, 7, 2, 13, 3, 8, 0, 1, 5, 0, 0, 1, 1, 1, 1, 0, 1, 1, 0, 1, 1, 0, 1, 1, 0]
Fitness: 1241.271005 	[9, 4, 0, 15, 1, 6, 0, 5, 11, 14, 0, 10, 12, 7, 2, 13, 3, 8, 0, 1, 0, 1, 1, 1, 0, 1, 0, 1, 1, 1, 0, 1, 1, 0]
Fitness: 1246.903020 	[1, 5, 0, 10, 3, 13, 0, 4, 9, 14, 0, 6, 12, 7, 2, 11, 15, 8, 0, 1, 0, 1, 1, 1, 0, 1, 0, 1, 1, 1, 0, 1, 1, 0]
Fitness: 1241.271005 	[9, 5, 0, 15, 1, 6, 0, 10, 12, 7, 2, 13, 3, 8, 0, 4, 14, 11, 0, 1, 0, 1, 1, 1, 0, 1, 1, 0, 1, 1, 0, 1, 1, 0]
Fitness: 1246.903020 	[1, 5, 0, 10, 3, 13, 0, 4, 9, 14, 0, 6, 12, 7, 2, 11, 15, 8, 0, 0, 1, 1, 1, 1, 0, 1, 0, 1, 1, 1, 0, 1, 1, 0]
Fitness: 1256.083807 	[5, 4, 0, 7, 8, 2, 10, 12, 13, 15, 0, 3, 1, 6, 0, 14, 9, 11, 0, 0, 1, 1, 1, 1, 0, 1, 1, 0, 1, 1, 0, 1, 1, 0]
Fitness: 1246.903020 	[9, 4, 0, 3, 14, 10, 13, 0, 6, 12, 7, 2, 11, 15, 8, 0, 1, 5, 0, 1, 0, 1, 1, 1, 0, 1, 0, 1, 1, 1, 0, 1, 1, 0]
Fitness: 1242.754473 	[1, 6, 0, 9, 4, 5, 0, 11, 14, 10, 3, 0, 7, 8, 2, 12, 13, 15, 0, 0, 1, 1, 1, 1, 0, 1, 1, 0, 1, 1, 0, 1, 1, 0]
Fitness: 1256.083807 	[5, 4, 0, 7, 8, 2, 10, 12, 13, 15, 0, 3, 1, 6, 0, 14, 9, 11, 0, 0, 1, 1, 1, 1, 0, 1, 1, 0, 1, 1, 0, 1, 1, 0]
Fitness: 1242.754473 	[11, 14, 10, 3, 0, 9, 4, 5, 0, 2, 1, 6, 0, 7, 8, 12, 13, 15, 0, 1, 0, 1, 1, 1, 0, 1, 1, 1, 0, 1, 0, 1, 1, 0]
Fitness: 1263.357940 	[15, 6, 0, 14, 7, 2, 13, 3, 0, 1, 4, 0, 11, 9, 10, 5, 12, 8, 0, 1, 0, 1, 1, 1, 0, 1, 1, 1, 1, 0, 1, 0, 1, 0]
Fitness: 1259.096965 	[1, 0, 9, 6, 4, 0, 5, 11, 14, 0, 10, 12, 7, 2, 13, 3, 8, 15, 0, 0, 1, 1, 1, 1, 0, 1, 0, 1, 1, 1, 0, 1, 1, 0]
Fitness: 1246.903020 	[1, 5, 0, 10, 3, 13, 0, 4, 9, 14, 0, 6, 12, 7, 2, 11, 15, 8, 0, 1, 0, 1, 1, 1, 0, 1, 0, 1, 1, 1, 0, 1, 1, 0]
Fitness: 1259.096965 	[1, 9, 0, 4, 6, 0, 5, 11, 14, 0, 10, 12, 7, 2, 13, 3, 8, 15, 0, 0, 1, 1, 1, 1, 0, 1, 1, 0, 1, 1, 0, 1, 1, 0]
Fitness: 1259.096965 	[1, 0, 9, 6, 4, 0, 5, 11, 14, 0, 10, 12, 7, 2, 13, 3, 8, 15, 0, 0, 0, 1, 1, 1, 1, 1, 1, 0, 1, 1, 0, 1, 1, 0]
Fitness: 1250.657445 	[9, 4, 0, 10, 12, 7, 2, 13, 3, 8, 0, 5, 11, 14, 0, 1, 6, 15, 0, 1, 0, 1, 1, 1, 1, 0, 1, 0, 1, 1, 0, 1, 1, 0]
Fitness: 1259.096965 	[9, 4, 0, 10, 12, 7, 2, 13, 3, 8, 15, 0, 1, 0, 11, 6, 5, 14, 0, 0, 1, 1, 1, 1, 0, 1, 1, 0, 1, 1, 0, 1, 1, 0]
Fitness: 1259.096965 	[1, 0, 9, 6, 4, 0, 10, 12, 7, 2, 13, 3, 8, 15, 0, 5, 11, 14, 0, 0, 1, 1, 1, 1, 0, 1, 1, 0, 1, 1, 0, 1, 1, 0]
Fitness: 1276.612504 	[1, 5, 0, 6, 12, 7, 2, 11, 15, 8, 0, 4, 9, 14, 0, 10, 3, 13, 0, 1, 0, 1, 1, 1, 0, 1, 0, 1, 1, 1, 0, 1, 1, 0]
Fitness: 1259.096965 	[1, 9, 0, 6, 4, 0, 10, 12, 7, 2, 13, 3, 8, 15, 0, 5, 11, 14, 0, 0, 1, 1, 1, 1, 0, 1, 1, 0, 1, 1, 0, 1, 1, 0]
Fitness: 1262.738390 	[1, 4, 0, 6, 14, 13, 0, 15, 7, 2, 3, 0, 11, 9, 10, 5, 12, 8, 0, 1, 0, 1, 1, 1, 0, 1, 1, 0, 1, 1, 0, 1, 1, 0]
Fitness: 1280.955092 	[1, 4, 0, 6, 14, 13, 0, 5, 11, 2, 0, 3, 7, 15, 8, 9, 10, 12, 0, 1, 0, 1, 1, 1, 0, 1, 1, 1, 1, 0, 1, 0, 1, 0]
Fitness: 1262.738390 	[2, 3, 0, 6, 14, 13, 0, 1, 4, 0, 11, 9, 10, 5, 12, 8, 15, 7, 0, 1, 0, 1, 1, 1, 0, 1, 1, 0, 1, 1, 0, 1, 1, 0]
Fitness: 1242.532091 	[1, 0, 10, 8, 11, 14, 13, 15, 0, 2, 3, 9, 7, 12, 5, 0, 4, 6, 0, 1, 1, 0, 1, 1, 0, 1, 0, 1, 0, 1, 1, 1, 1, 0]
Fitness: 1276.612504 	[4, 9, 14, 3, 0, 6, 12, 7, 2, 11, 15, 8, 0, 1, 5, 0, 10, 13, 0, 1, 0, 1, 1, 1, 0, 1, 1, 1, 1, 1, 0, 0, 1, 0]
Fitness: 1250.195095 	[6, 14, 13, 0, 4, 3, 0, 11, 9, 10, 5, 12, 8, 0, 1, 2, 7, 15, 0, 1, 0, 1, 1, 1, 1, 1, 1, 0, 1, 1, 0, 0, 1, 0]
Fitness: 1241.271005 	[1, 9, 15, 0, 6, 4, 0, 5, 11, 14, 0, 10, 12, 7, 2, 13, 3, 8, 0, 1, 0, 1, 1, 1, 0, 1, 1, 0, 0, 1, 1, 1, 1, 0]
Fitness: 1292.083738 	[2, 4, 0, 5, 0, 6, 11, 14, 15, 1, 0, 3, 9, 10, 13, 12, 8, 7, 0, 1, 0, 1, 1, 1, 0, 1, 1, 1, 1, 1, 0, 1, 0, 0]
Fitness: 1250.657445 	[4, 0, 10, 12, 7, 2, 13, 3, 8, 0, 1, 6, 15, 0, 5, 11, 14, 9, 0, 1, 0, 0, 1, 1, 1, 0, 1, 1, 1, 1, 0, 1, 1, 0]
Fitness: 1242.532091 	[1, 6, 0, 2, 3, 7, 12, 5, 0, 10, 8, 11, 14, 13, 15, 9, 0, 4, 0, 1, 0, 1, 1, 0, 0, 1, 0, 1, 1, 1, 1, 1, 1, 0]
Fitness: 1259.096965 	[1, 0, 9, 6, 4, 12, 0, 10, 7, 2, 13, 3, 8, 15, 0, 5, 11, 14, 0, 1, 1, 1, 1, 0, 0, 1, 1, 0, 1, 1, 0, 1, 1, 0]
Fitness: 1243.346647 	[5, 11, 0, 10, 12, 7, 2, 13, 8, 0, 9, 4, 14, 3, 0, 15, 1, 6, 0, 1, 1, 1, 1, 1, 0, 1, 1, 0, 1, 1, 0, 0, 1, 0]
Fitness: 1280.955092 	[1, 4, 0, 14, 13, 0, 5, 11, 2, 0, 3, 7, 15, 8, 9, 10, 12, 6, 0, 1, 0, 1, 1, 1, 0, 1, 1, 1, 1, 0, 1, 1, 0, 0]
Fitness: 1241.271005 	[5, 0, 15, 1, 6, 0, 10, 12, 7, 2, 13, 3, 8, 0, 4, 14, 11, 9, 0, 1, 0, 1, 0, 1, 1, 1, 1, 0, 1, 1, 0, 1, 1, 0]
Fitness: 1262.738390 	[4, 0, 6, 14, 13, 0, 15, 7, 2, 3, 0, 11, 9, 10, 5, 12, 8, 1, 0, 1, 0, 1, 0, 1, 0, 1, 1, 0, 1, 1, 1, 1, 1, 0]
Fitness: 1250.657445 	[9, 4, 15, 0, 10, 12, 7, 2, 13, 3, 8, 0, 1, 6, 0, 5, 11, 14, 0, 1, 0, 1, 1, 1, 1, 0, 1, 1, 1, 1, 0, 1, 0, 0]
Fitness: 1241.540232 	[1, 5, 0, 4, 14, 0, 10, 12, 7, 2, 13, 3, 8, 15, 0, 6, 11, 9, 0, 1, 1, 1, 1, 1, 0, 1, 0, 1, 1, 1, 0, 1, 0, 0]
Fitness: 1246.903020 	[1, 5, 0, 10, 3, 13, 0, 4, 9, 0, 6, 12, 7, 2, 11, 15, 8, 14, 0, 0, 0, 1, 1, 1, 0, 1, 1, 1, 1, 1, 0, 1, 1, 0]
Fitness: 1242.532091 	[2, 3, 9, 7, 12, 5, 15, 0, 4, 0, 1, 11, 14, 0, 10, 6, 13, 8, 0, 1, 0, 1, 1, 1, 0, 1, 1, 1, 0, 0, 1, 1, 1, 0]
Fitness: 1250.657445 	[9, 4, 0, 10, 12, 7, 2, 13, 3, 8, 11, 0, 5, 14, 0, 1, 6, 15, 0, 1, 0, 1, 1, 0, 1, 0, 1, 0, 1, 1, 1, 1, 1, 0]
Fitness: 1263.357940 	[1, 4, 0, 6, 14, 13, 0, 11, 9, 10, 12, 8, 0, 15, 7, 2, 3, 5, 0, 1, 0, 1, 0, 1, 0, 1, 1, 1, 1, 1, 1, 0, 1, 0]
Fitness: 1276.612504 	[1, 5, 0, 6, 12, 7, 2, 15, 8, 0, 4, 9, 14, 11, 0, 10, 3, 13, 0, 1, 0, 1, 1, 1, 0, 1, 0, 1, 1, 0, 1, 1, 1, 0]
Fitness: 1292.083738 	[1, 0, 6, 11, 14, 15, 0, 9, 4, 0, 10, 12, 7, 2, 13, 3, 8, 5, 0, 1, 0, 1, 1, 1, 1, 1, 1, 0, 0, 1, 0, 1, 1, 0]
Fitness: 1246.903020 	[1, 5, 0, 10, 3, 13, 4, 0, 9, 14, 0, 6, 12, 7, 2, 11, 15, 8, 0, 1, 1, 1, 1, 1, 0, 0, 0, 1, 1, 1, 0, 1, 1, 0]
Fitness: 1246.903020 	[1, 5, 0, 10, 3, 13, 0, 4, 9, 14, 6, 0, 12, 7, 2, 11, 15, 8, 0, 1, 1, 1, 1, 1, 0, 1, 0, 1, 1, 1, 0, 1, 0, 0]
Fitness: 1250.657445 	[9, 4, 0, 10, 12, 7, 2, 13, 8, 0, 5, 11, 14, 3, 0, 1, 6, 15, 0, 1, 0, 1, 1, 1, 0, 1, 1, 0, 1, 1, 0, 1, 1, 0]
Fitness: 1259.096965 	[1, 9, 4, 0, 6, 0, 5, 11, 14, 0, 10, 12, 7, 2, 13, 3, 8, 15, 0, 1, 1, 1, 1, 1, 0, 1, 1, 0, 0, 1, 0, 1, 1, 0]
Fitness: 1259.096965 	[1, 0, 5, 14, 0, 9, 6, 4, 11, 0, 10, 12, 7, 2, 13, 3, 8, 15, 0, 0, 1, 0, 1, 1, 1, 1, 1, 0, 1, 1, 0, 1, 1, 0]
Fitness: 1246.903020 	[5, 0, 10, 3, 13, 0, 4, 9, 14, 0, 6, 12, 7, 2, 11, 15, 8, 1, 0, 1, 0, 1, 1, 0, 1, 1, 0, 1, 1, 1, 0, 1, 1, 0]
Fitness: 1246.903020 	[1, 5, 4, 0, 10, 3, 13, 0, 9, 14, 0, 6, 12, 7, 2, 11, 15, 8, 0, 1, 0, 0, 1, 1, 0, 1, 1, 1, 1, 1, 0, 1, 1, 0]
Fitness: 1250.657445 	[9, 4, 0, 10, 12, 7, 2, 13, 3, 0, 5, 11, 14, 0, 1, 6, 15, 8, 0, 1, 0, 1, 1, 1, 1, 0, 1, 1, 0, 1, 0, 1, 1, 0]
Fitness: 1280.512293 	[4, 0, 5, 11, 2, 0, 3, 7, 15, 8, 9, 10, 12, 0, 13, 6, 14, 1, 0, 0, 0, 1, 1, 1, 1, 1, 0, 1, 1, 1, 0, 1, 1, 0]
Fitness: 1243.346647 	[5, 11, 1, 0, 10, 12, 7, 2, 13, 3, 8, 0, 9, 4, 14, 0, 15, 6, 0, 0, 1, 1, 1, 1, 0, 1, 1, 0, 1, 1, 0, 1, 1, 0]
Fitness: 1242.754473 	[11, 14, 10, 3, 1, 0, 9, 4, 5, 0, 2, 6, 0, 7, 8, 12, 13, 15, 0, 1, 0, 1, 1, 1, 0, 1, 0, 1, 1, 1, 0, 1, 1, 0]
Fitness: 1263.164821 	[1, 5, 11, 0, 10, 12, 7, 2, 13, 3, 8, 0, 9, 4, 0, 6, 14, 15, 0, 0, 1, 1, 1, 1, 1, 1, 1, 0, 0, 1, 0, 1, 1, 0]
Fitness: 1272.235892 	[1, 4, 0, 9, 6, 0, 10, 12, 7, 2, 13, 8, 15, 0, 5, 11, 14, 3, 0, 1, 1, 1, 1, 1, 0, 0, 1, 0, 1, 1, 0, 1, 1, 0]
Fitness: 1244.472428 	[1, 11, 9, 0, 10, 12, 7, 2, 0, 13, 3, 8, 4, 0, 6, 15, 5, 14, 0, 1, 1, 1, 0, 0, 1, 1, 1, 0, 1, 1, 0, 1, 1, 0]
Fitness: 1276.612504 	[1, 5, 13, 0, 6, 12, 7, 2, 11, 15, 8, 0, 4, 9, 14, 0, 10, 3, 0, 0, 0, 1, 1, 1, 1, 1, 0, 1, 1, 1, 0, 1, 1, 0]
Fitness: 1292.083738 	[5, 0, 6, 11, 14, 15, 1, 0, 10, 12, 7, 2, 13, 3, 8, 0, 9, 4, 0, 1, 0, 1, 1, 1, 0, 1, 0, 0, 1, 1, 1, 1, 1, 0]
Fitness: 1241.271005 	[9, 0, 5, 11, 14, 0, 10, 12, 7, 2, 13, 3, 8, 0, 15, 1, 6, 4, 0, 1, 0, 1, 1, 1, 0, 1, 0, 1, 1, 1, 0, 1, 1, 0]
Fitness: 1242.532091 	[1, 6, 0, 8, 11, 14, 13, 15, 0, 2, 3, 9, 7, 12, 5, 0, 4, 10, 0, 0, 0, 1, 1, 1, 0, 1, 1, 0, 1, 1, 1, 1, 1, 0]
Fitness: 1292.083738 	[1, 0, 9, 4, 0, 10, 12, 7, 2, 13, 3, 8, 0, 6, 11, 14, 15, 5, 0, 1, 1, 1, 1, 0, 0, 1, 1, 0, 1, 1, 0, 1, 1, 0]
Fitness: 1263.357940 	[1, 4, 0, 14, 13, 0, 15, 7, 2, 3, 0, 11, 9, 10, 5, 12, 8, 6, 0, 1, 0, 1, 1, 1, 0, 1, 1, 1, 1, 0, 0, 1, 1, 0]
Fitness: 1241.540232 	[1, 0, 6, 12, 7, 2, 11, 15, 8, 0, 10, 3, 13, 0, 4, 9, 14, 5, 0, 1, 1, 1, 1, 0, 0, 1, 0, 1, 1, 1, 0, 1, 1, 0]
Fitness: 1276.612504 	[1, 5, 14, 0, 6, 12, 7, 2, 11, 15, 8, 0, 4, 9, 0, 10, 3, 13, 0, 1, 0, 1, 1, 1, 1, 1, 0, 1, 1, 1, 0, 1, 0, 0]
Fitness: 1246.903020 	[9, 4, 0, 10, 14, 13, 3, 0, 6, 12, 7, 2, 15, 8, 0, 1, 5, 11, 0, 1, 0, 1, 1, 0, 0, 1, 0, 1, 1, 1, 1, 1, 1, 0]
Fitness: 1256.083807 	[4, 0, 7, 8, 2, 10, 12, 13, 15, 0, 3, 1, 6, 5, 0, 14, 9, 11, 0, 1, 1, 1, 1, 1, 0, 1, 1, 0, 0, 1, 0, 1, 1, 0]
Fitness: 1246.903020 	[1, 5, 0, 10, 3, 13, 11, 0, 4, 9, 14, 0, 6, 12, 7, 2, 15, 8, 0, 1, 0, 1, 1, 1, 0, 0, 0, 1, 1, 1, 1, 1, 1, 0]
Fitness: 1259.096965 	[1, 5, 0, 9, 6, 4, 0, 11, 14, 0, 10, 12, 7, 2, 13, 3, 8, 15, 0, 0, 1, 1, 0, 1, 0, 1, 1, 1, 1, 1, 0, 1, 1, 0]
Fitness: 1241.271005 	[9, 4, 0, 10, 12, 7, 2, 13, 3, 8, 0, 5, 11, 0, 1, 6, 15, 14, 0, 1, 0, 1, 0, 1, 1, 1, 1, 0, 1, 1, 0, 1, 1, 0]
Fitness: 1241.271005 	[4, 0, 15, 1, 6, 0, 5, 11, 14, 0, 10, 12, 7, 2, 13, 3, 8, 9, 0, 1, 0, 1, 1, 1, 0, 1, 1, 0, 0, 1, 1, 1, 1, 0]
Fitness: 1246.903020 	[1, 5, 3, 0, 10, 13, 0, 4, 9, 14, 0, 6, 12, 7, 2, 11, 15, 8, 0, 1, 0, 1, 1, 1, 0, 1, 1, 1, 1, 1, 0, 0, 1, 0]
Fitness: 1242.754473 	[1, 6, 7, 0, 9, 4, 5, 0, 11, 14, 10, 3, 0, 8, 2, 12, 13, 15, 0, 1, 0, 1, 1, 1, 0, 1, 1, 1, 0, 0, 1, 1, 1, 0]
Fitness: 1246.903020 	[10, 14, 13, 3, 0, 9, 4, 0, 6, 12, 7, 2, 11, 15, 8, 0, 1, 5, 0, 1, 0, 1, 1, 1, 0, 1, 0, 1, 1, 1, 0, 1, 1, 0]
Fitness: 1261.265493 	[5, 11, 0, 1, 0, 9, 4, 14, 0, 10, 12, 7, 2, 13, 3, 8, 15, 6, 0, 1, 0, 1, 1, 1, 0, 1, 1, 0, 1, 1, 0, 1, 1, 0]
Fitness: 1241.271005 	[9, 4, 0, 15, 1, 6, 0, 10, 12, 7, 2, 13, 3, 8, 0, 5, 11, 14, 0, 1, 0, 1, 1, 1, 0, 1, 1, 0, 1, 1, 0, 1, 1, 0]
Fitness: 1250.993428 	[4, 1, 0, 2, 14, 13, 15, 0, 11, 9, 10, 5, 12, 8, 0, 3, 6, 7, 0, 1, 0, 1, 1, 1, 1, 0, 1, 0, 1, 0, 1, 1, 1, 0]
Fitness: 1246.903020 	[6, 12, 7, 2, 11, 15, 8, 0, 10, 3, 13, 0, 4, 9, 14, 0, 1, 5, 0, 1, 0, 1, 1, 1, 0, 1, 0, 1, 1, 1, 0, 1, 1, 0]
Fitness: 1241.271005 	[5, 11, 14, 0, 9, 0, 10, 12, 7, 2, 13, 3, 8, 0, 15, 1, 6, 4, 0, 1, 0, 1, 1, 1, 0, 1, 0, 1, 1, 1, 0, 1, 1, 0]
Fitness: 1250.657445 	[1, 6, 15, 0, 10, 12, 7, 2, 13, 3, 8, 0, 5, 11, 14, 0, 9, 4, 0, 1, 0, 1, 1, 1, 1, 0, 1, 0, 1, 1, 0, 1, 1, 0]
Fitness: 1253.794401 	[5, 11, 0, 9, 4, 14, 0, 10, 12, 7, 2, 13, 3, 8, 0, 15, 1, 6, 0, 1, 0, 1, 1, 1, 1, 0, 1, 0, 1, 1, 0, 1, 1, 0]
Fitness: 1292.083738 	[1, 0, 6, 11, 14, 15, 0, 10, 12, 7, 2, 13, 3, 8, 5, 0, 9, 4, 0, 1, 0, 1, 1, 1, 1, 1, 1, 0, 0, 1, 0, 1, 1, 0]
Fitness: 1250.195095 	[6, 14, 13, 0, 1, 2, 3, 7, 15, 0, 11, 9, 10, 5, 12, 8, 0, 4, 0, 1, 0, 1, 1, 1, 0, 1, 1, 1, 1, 0, 1, 0, 1, 0]
Fitness: 1263.357940 	[1, 4, 0, 11, 9, 10, 5, 12, 8, 0, 15, 7, 2, 3, 0, 6, 14, 13, 0, 1, 0, 1, 1, 1, 0, 1, 1, 1, 1, 0, 1, 0, 1, 0]
Fitness: 1263.357940 	[15, 7, 2, 3, 0, 14, 13, 0, 1, 4, 0, 11, 9, 10, 5, 12, 8, 6, 0, 1, 0, 1, 1, 1, 0, 1, 1, 1, 1, 0, 0, 1, 1, 0]
Fitness: 1246.903020 	[1, 5, 0, 10, 3, 13, 11, 0, 6, 12, 7, 2, 15, 8, 0, 4, 9, 14, 0, 1, 0, 1, 1, 1, 0, 0, 0, 1, 1, 1, 1, 1, 1, 0]
Fitness: 1242.754473 	[1, 6, 0, 11, 14, 10, 3, 0, 9, 4, 5, 0, 7, 8, 2, 12, 13, 15, 0, 1, 0, 1, 1, 1, 0, 1, 1, 1, 0, 1, 0, 1, 1, 0]
Fitness: 1256.083807 	[3, 1, 6, 0, 7, 8, 2, 10, 12, 13, 15, 0, 5, 4, 0, 14, 9, 11, 0, 0, 1, 1, 1, 1, 0, 1, 1, 0, 1, 1, 0, 1, 1, 0]
Fitness: 1276.612504 	[10, 13, 0, 6, 12, 7, 2, 11, 15, 8, 0, 1, 5, 0, 4, 9, 14, 3, 0, 1, 0, 1, 1, 1, 0, 1, 1, 1, 1, 1, 0, 0, 1, 0]
Fitness: 1244.472428 	[4, 0, 10, 12, 7, 2, 13, 3, 8, 0, 11, 5, 14, 15, 0, 9, 6, 1, 0, 0, 1, 1, 1, 0, 1, 1, 1, 0, 1, 1, 0, 1, 1, 0]
Fitness: 1292.083738 	[10, 12, 7, 2, 13, 3, 8, 0, 9, 4, 0, 1, 5, 0, 6, 11, 14, 15, 0, 1, 0, 1, 1, 1, 0, 1, 1, 0, 1, 1, 0, 1, 1, 0]
Fitness: 1276.612504 	[10, 3, 13, 0, 6, 12, 7, 2, 11, 15, 8, 0, 4, 9, 14, 0, 1, 5, 0, 1, 0, 1, 1, 1, 0, 1, 0, 1, 1, 1, 0, 1, 1, 0]
Fitness: 1242.532091 	[4, 0, 2, 3, 9, 7, 12, 5, 0, 1, 11, 14, 0, 10, 6, 13, 8, 15, 0, 1, 0, 1, 1, 1, 0, 1, 0, 1, 0, 1, 1, 1, 1, 0]
Fitness: 1243.346647 	[9, 4, 14, 0, 10, 12, 7, 2, 13, 3, 8, 0, 5, 11, 0, 15, 1, 6, 0, 1, 0, 1, 1, 1, 0, 1, 1, 0, 1, 1, 0, 1, 1, 0]
Fitness: 1292.083738 	[1, 5, 0, 10, 12, 7, 2, 13, 3, 8, 0, 6, 11, 14, 15, 0, 9, 4, 0, 1, 0, 1, 1, 1, 0, 1, 1, 0, 1, 1, 0, 1, 1, 0]
Fitness: 1280.955092 	[3, 7, 15, 8, 9, 10, 12, 0, 6, 14, 13, 0, 5, 11, 2, 0, 1, 4, 0, 1, 0, 1, 1, 1, 0, 1, 1, 1, 1, 0, 1, 0, 1, 0]
Fitness: 1292.083738 	[9, 4, 0, 6, 11, 14, 15, 0, 10, 12, 7, 2, 13, 3, 8, 0, 1, 5, 0, 1, 0, 1, 1, 1, 0, 1, 1, 0, 1, 1, 0, 1, 1, 0]
Fitness: 1241.271005 	[9, 4, 0, 5, 11, 14, 0, 15, 1, 6, 0, 10, 12, 7, 2, 13, 3, 8, 0, 1, 0, 1, 1, 1, 0, 1, 1, 0, 1, 1, 0, 1, 1, 0]
Fitness: 1250.657445 	[1, 6, 15, 0, 10, 12, 7, 2, 13, 3, 8, 0, 5, 11, 14, 0, 9, 4, 0, 1, 0, 1, 1, 1, 1, 0, 1, 0, 1, 1, 0, 1, 1, 0]
Fitness: 1242.532091 	[2, 3, 9, 7, 12, 5, 0, 10, 8, 11, 14, 13, 15, 0, 1, 6, 0, 4, 0, 1, 0, 1, 1, 1, 0, 1, 0, 1, 0, 1, 1, 1, 1, 0]
Fitness: 1280.512293 	[1, 9, 0, 10, 12, 7, 3, 4, 15, 8, 0, 13, 6, 14, 0, 5, 11, 2, 0, 1, 0, 1, 1, 1, 0, 1, 1, 1, 1, 0, 1, 0, 1, 0]
Fitness: 1263.164821 	[6, 9, 14, 15, 0, 4, 11, 0, 10, 12, 7, 2, 13, 3, 8, 0, 1, 5, 0, 0, 1, 1, 1, 1, 0, 1, 1, 0, 1, 1, 0, 1, 1, 0]
Fitness: 1259.096965 	[10, 12, 7, 2, 13, 3, 8, 15, 0, 9, 4, 0, 1, 0, 11, 6, 5, 14, 0, 0, 1, 1, 1, 1, 0, 1, 1, 0, 1, 1, 0, 1, 1, 0]
Fitness: 1259.096965 	[5, 11, 14, 0, 9, 6, 4, 0, 1, 0, 10, 12, 7, 2, 13, 3, 8, 15, 0, 0, 1, 1, 1, 1, 0, 1, 1, 0, 1, 1, 0, 1, 1, 0]
Fitness: 1293.572184 	[15, 7, 2, 3, 0, 1, 4, 0, 5, 11, 14, 0, 10, 12, 9, 13, 6, 8, 0, 1, 0, 1, 1, 1, 0, 1, 1, 1, 1, 0, 1, 0, 1, 0]
Fitness: 1259.096965 	[10, 12, 7, 2, 13, 3, 8, 15, 0, 5, 14, 0, 9, 6, 4, 11, 0, 1, 0, 0, 1, 0, 1, 1, 1, 1, 1, 0, 1, 1, 0, 1, 1, 0]
Fitness: 1246.903020 	[1, 5, 0, 10, 3, 13, 0, 6, 12, 7, 2, 11, 15, 8, 0, 4, 9, 14, 0, 1, 0, 1, 1, 1, 0, 1, 0, 1, 1, 1, 0, 1, 1, 0]
Fitness: 1259.096965 	[1, 0, 10, 12, 7, 2, 13, 3, 8, 15, 0, 5, 11, 14, 0, 9, 6, 4, 0, 0, 1, 1, 1, 1, 0, 1, 1, 0, 1, 1, 0, 1, 1, 0]
Fitness: 1259.096965 	[9, 6, 4, 0, 1, 0, 5, 11, 14, 0, 10, 12, 7, 2, 13, 3, 8, 15, 0, 0, 1, 1, 1, 1, 0, 1, 1, 0, 1, 1, 0, 1, 1, 0]
Fitness: 1255.260604 	[15, 1, 6, 9, 0, 10, 12, 7, 2, 13, 3, 8, 0, 4, 14, 0, 5, 11, 0, 1, 0, 1, 1, 1, 1, 0, 1, 0, 1, 1, 0, 1, 1, 0]
Fitness: 1292.083738 	[1, 5, 0, 10, 12, 7, 2, 13, 3, 8, 0, 6, 11, 14, 15, 0, 9, 4, 0, 1, 0, 1, 1, 1, 0, 1, 1, 0, 1, 1, 0, 1, 1, 0]
Fitness: 1259.096965 	[1, 0, 10, 12, 7, 2, 13, 3, 8, 15, 0, 9, 6, 4, 0, 5, 11, 14, 0, 0, 1, 1, 1, 1, 0, 1, 1, 0, 1, 1, 0, 1, 1, 0]
Fitness: 1263.357940 	[6, 14, 13, 0, 1, 4, 0, 15, 7, 2, 3, 0, 11, 9, 10, 5, 12, 8, 0, 1, 0, 1, 1, 1, 0, 1, 1, 1, 1, 0, 1, 0, 1, 0]
Fitness: 1250.657445 	[9, 4, 0, 10, 12, 7, 2, 13, 3, 8, 0, 1, 6, 15, 0, 5, 11, 14, 0, 1, 0, 1, 1, 1, 1, 0, 1, 0, 1, 1, 0, 1, 1, 0]
Fitness: 1276.612504 	[4, 9, 14, 0, 6, 12, 7, 2, 11, 15, 8, 0, 10, 3, 13, 0, 1, 5, 0, 1, 0, 1, 1, 1, 0, 1, 0, 1, 1, 1, 0, 1, 1, 0]
Fitness: 1263.357940 	[1, 4, 0, 11, 9, 10, 5, 12, 8, 0, 15, 7, 2, 3, 0, 6, 14, 13, 0, 1, 0, 1, 1, 1, 0, 1, 1, 1, 1, 0, 1, 0, 1, 0]
Fitness: 1292.083738 	[1, 5, 0, 2, 4, 0, 6, 11, 14, 15, 0, 3, 9, 10, 13, 12, 8, 7, 0, 1, 0, 1, 1, 1, 0, 1, 1, 0, 1, 1, 0, 1, 1, 0]
Fitness: 1243.346647 	[5, 11, 1, 0, 15, 6, 0, 9, 4, 14, 0, 10, 12, 7, 2, 13, 3, 8, 0, 0, 1, 1, 1, 1, 0, 1, 1, 0, 1, 1, 0, 1, 1, 0]
Fitness: 1242.532091 	[1, 6, 0, 10, 8, 11, 14, 13, 15, 9, 0, 2, 3, 7, 12, 5, 0, 4, 0, 1, 0, 1, 1, 0, 0, 1, 0, 1, 1, 1, 1, 1, 1, 0]
Fitness: 1257.108062 	[1, 0, 10, 12, 2, 13, 3, 8, 15, 0, 9, 6, 4, 7, 0, 5, 11, 14, 0, 1, 0, 1, 1, 1, 0, 1, 1, 0, 1, 1, 0, 1, 1, 0]
Fitness: 1241.271005 	[9, 4, 0, 10, 12, 7, 2, 13, 3, 8, 0, 5, 11, 14, 0, 15, 1, 6, 0, 1, 0, 1, 1, 1, 0, 1, 1, 0, 1, 1, 0, 1, 1, 0]
Fitness: 1241.271005 	[9, 4, 0, 15, 1, 6, 0, 10, 12, 7, 2, 13, 3, 8, 0, 5, 11, 14, 0, 1, 0, 1, 1, 1, 0, 1, 0, 1, 1, 1, 0, 1, 1, 0]
Fitness: 1250.657445 	[5, 11, 14, 0, 10, 12, 7, 2, 13, 3, 8, 0, 1, 6, 15, 0, 9, 4, 0, 1, 0, 1, 1, 1, 1, 0, 1, 0, 1, 1, 0, 1, 1, 0]
Time: 0.44037