Fitness: 1310.851899 	[6, 14, 13, 0, 1, 4, 0, 5, 11, 2, 0, 3, 7, 15, 8, 9, 10, 12, 0, 1, 0, 1, 1, 1, 0, 1, 1, 1, 1, 0, 1, 0, 1, 0]
Fitness: 1293.572184 	[6, 14, 13, 0, 1, 4, 0, 15, 7, 2, 3, 0, 11, 9, 10, 5, 12, 8, 0, 1, 0, 1, 1, 1, 0, 1, 1, 1, 1, 0, 1, 0, 1, 0]
Fitness: 1293.572184 	[6, 14, 13, 0, 1, 4, 0, 15, 7, 2, 3, 0, 11, 9, 10, 5, 12, 8, 0, 1, 0, 1, 1, 1, 0, 1, 1, 1, 1, 0, 1, 0, 1, 0]
Fitness: 1293.572184 	[6, 14, 13, 0, 1, 4, 0, 15, 7, 2, 3, 0, 11, 9, 10, 5, 12, 8, 0, 1, 0, 1, 1, 1, 0, 1, 1, 1, 1, 0, 1, 0, 1, 0]
Fitness: 1293.572184 	[6, 14, 13, 0, 1, 4, 0, 15, 7, 2, 3, 0, 11, 9, 10, 5, 12, 8, 0, 1, 0, 1, 1, 1, 0, 1, 1, 1, 1, 0, 1, 0, 1, 0]
Fitness: 1292.534895 	[1, 5, 0, 2, 4, 0, 6, 11, 14, 15, 0, 3, 9, 10, 13, 12, 8, 7, 0, 1, 0, 1, 1, 1, 0, 1, 1, 0, 1, 1, 0, 1, 1, 0]
Fitness: 1292.534895 	[1, 5, 0, 2, 4, 0, 6, 11, 14, 15, 0, 3, 9, 10, 13, 12, 8, 7, 0, 1, 0, 1, 1, 1, 0, 1, 1, 0, 1, 1, 0, 1, 1, 0]
Fitness: 1292.083738 	[1, 5, 0, 6, 11, 14, 15, 0, 10, 12, 7, 2, 13, 3, 8, 0, 9, 4, 0, 1, 0, 1, 1, 1, 0, 1, 1, 0, 1, 1, 0, 1, 1, 0]
Fitness: 1292.083738 	[1, 5, 0, 6, 11, 14, 15, 0, 10, 12, 7, 2, 13, 3, 8, 0, 9, 4, 0, 1, 0, 1, 1, 1, 0, 1, 1, 0, 1, 1, 0, 1, 1, 0]
Fitness: 1292.083738 	[1, 5, 0, 6, 11, 14, 15, 0, 10, 12, 7, 2, 13, 3, 8, 0, 9, 4, 0, 1, 0, 1, 1, 1, 0, 1, 1, 0, 1, 1, 0, 1, 1, 0]
Fitness: 1292.083738 	[1, 5, 0, 6, 11, 14, 15, 0, 9, 4, 0, 10, 12, 7, 2, 13, 3, 8, 0, 1, 0, 1, 1, 1, 0, 1, 1, 0, 1, 1, 0, 1, 1, 0]
Fitness: 1292.083738 	[1, 5, 0, 6, 11, 14, 15, 0, 9, 4, 0, 10, 12, 7, 2, 13, 3, 8, 0, 1, 0, 1, 1, 1, 0, 1, 1, 0, 1, 1, 0, 1, 1, 0]
Fitness: 1292.083738 	[1, 5, 0, 6, 11, 14, 15, 0, 10, 12, 7, 2, 13, 3, 8, 0, 9, 4, 0, 1, 0, 1, 1, 1, 0, 1, 1, 0, 1, 1, 0, 1, 1, 0]
Fitness: 1292.083738 	[1, 5, 0, 6, 11, 14, 15, 0, 10, 12, 7, 2, 13, 3, 8, 0, 9, 4, 0, 1, 0, 1, 1, 1, 0, 1, 1, 0, 1, 1, 0, 1, 1, 0]
Fitness: 1292.083738 	[1, 5, 0, 6, 11, 14, 15, 0, 10, 12, 7, 2, 13, 3, 8, 0, 9, 4, 0, 1, 0, 1, 1, 1, 0, 1, 1, 0, 1, 1, 0, 1, 1, 0]
Fitness: 1292.083738 	[1, 5, 0, 6, 11, 14, 15, 0, 9, 4, 0, 10, 12, 7, 2, 13, 3, 8, 0, 1, 0, 1, 1, 1, 0, 1, 1, 0, 1, 1, 0, 1, 1, 0]
Fitness: 1292.083738 	[1, 5, 0, 6, 11, 14, 15, 0, 10, 12, 7, 2, 13, 3, 8, 0, 9, 4, 0, 1, 0, 1, 1, 1, 0, 1, 1, 0, 1, 1, 0, 1, 1, 0]
Fitness: 1292.083738 	[1, 5, 0, 9, 4, 0, 6, 11, 14, 15, 0, 10, 12, 7, 2, 13, 3, 8, 0, 1, 0, 1, 1, 1, 0, 1, 1, 0, 1, 1, 0, 1, 1, 0]
Fitness: 1292.083738 	[1, 5, 0, 10, 12, 7, 2, 13, 3, 8, 0, 9, 4, 0, 6, 11, 14, 15, 0, 1, 0, 1, 1, 1, 0, 1, 1, 0, 1, 1, 0, 1, 1, 0]
Fitness: 1292.083738 	[1, 5, 0, 10, 12, 7, 2, 13, 3, 8, 0, 6, 11, 14, 15, 0, 9, 4, 0, 1, 0, 1, 1, 1, 0, 1, 1, 0, 1, 1, 0, 1, 1, 0]
Fitness: 1292.083738 	[1, 5, 0, 10, 12, 7, 2, 13, 3, 8, 0, 6, 11, 14, 15, 0, 9, 4, 0, 1, 0, 1, 1, 1, 0, 1, 1, 0, 1, 1, 0, 1, 1, 0]
Fitness: 1292.083738 	[1, 5, 0, 10, 12, 7, 2, 13, 3, 8, 0, 6, 11, 14, 15, 0, 9, 4, 0, 1, 0, 1, 1, 1, 0, 1, 1, 0, 1, 1, 0, 1, 1, 0]
Fitness: 1292.083738 	[1, 5, 0, 10, 12, 7, 2, 13, 3, 8, 0, 6, 11, 14, 15, 0, 9, 4, 0, 1, 0, 1, 1, 1, 0, 1, 1, 0, 1, 1, 0, 1, 1, 0]
Fitness: 1292.083738 	[1, 5, 0, 9, 4, 0, 10, 12, 7, 2, 13, 3, 8, 0, 6, 11, 14, 15, 0, 1, 0, 1, 1, 1, 0, 1, 1, 0, 1, 1, 0, 1, 1, 0]
Fitness: 1292.083738 	[1, 5, 0, 9, 4, 0, 10, 12, 7, 2, 13, 3, 8, 0, 6, 11, 14, 15, 0, 1, 0, 1, 1, 1, 0, 1, 1, 0, 1, 1, 0, 1, 1, 0]
Fitness: 1281.804109 	[1, 5, 0, 6, 12, 7, 2, 11, 15, 8, 0, 4, 9, 0, 10, 3, 13, 14, 0, 1, 0, 1, 1, 1, 0, 1, 1, 0, 1, 1, 0, 1, 1, 0]
Fitness: 1280.955092 	[1, 4, 0, 6, 14, 13, 0, 5, 11, 2, 0, 3, 7, 15, 8, 9, 10, 12, 0, 1, 0, 1, 1, 1, 0, 1, 1, 1, 1, 0, 1, 0, 1, 0]
Fitness: 1280.955092 	[1, 4, 0, 6, 14, 13, 0, 5, 11, 2, 0, 3, 7, 15, 8, 9, 10, 12, 0, 1, 0, 1, 1, 1, 0, 1, 1, 1, 1, 0, 1, 0, 1, 0]
Fitness: 1280.955092 	[1, 4, 0, 6, 14, 13, 0, 5, 11, 2, 0, 3, 7, 15, 8, 9, 10, 12, 0, 1, 0, 1, 1, 1, 0, 1, 1, 1, 1, 0, 1, 0, 1, 0]
Fitness: 1280.955092 	[1, 4, 0, 6, 14, 13, 0, 5, 11, 2, 0, 3, 7, 15, 8, 9, 10, 12, 0, 1, 0, 1, 1, 1, 0, 1, 1, 1, 1, 0, 1, 0, 1, 0]
Fitness: 1280.955092 	[1, 4, 0, 6, 14, 13, 0, 5, 11, 2, 0, 3, 7, 15, 8, 9, 10, 12, 0, 1, 0, 1, 1, 1, 0, 1, 1, 1, 1, 0, 1, 0, 1, 0]
Fitness: 1280.512293 	[1, 4, 0, 5, 11, 2, 0, 3, 7, 15, 8, 9, 10, 12, 0, 13, 6, 14, 0, 1, 0, 1, 1, 1, 0, 1, 1, 1, 1, 0, 1, 0, 1, 0]
Fitness: 1278.325493 	[11, 4, 0, 6, 14, 2, 0, 1, 5, 0, 3, 9, 10, 13, 12, 8, 7, 15, 0, 1, 0, 1, 1, 1, 0, 1, 1, 0, 1, 1, 0, 1, 1, 0]
Fitness: 1276.612504 	[4, 9, 14, 0, 6, 12, 7, 2, 11, 15, 8, 0, 1, 5, 0, 10, 3, 13, 0, 1, 0, 1, 1, 1, 0, 1, 0, 1, 1, 1, 0, 1, 1, 0]
Fitness: 1276.612504 	[4, 9, 14, 0, 6, 12, 7, 2, 11, 15, 8, 0, 1, 5, 0, 10, 3, 13, 0, 1, 0, 1, 1, 1, 0, 1, 0, 1, 1, 1, 0, 1, 1, 0]
Fitness: 1276.612504 	[1, 5, 0, 6, 12, 7, 2, 11, 15, 8, 0, 4, 9, 14, 0, 10, 3, 13, 0, 1, 0, 1, 1, 1, 0, 1, 0, 1, 1, 1, 0, 1, 1, 0]
Fitness: 1276.612504 	[1, 5, 0, 6, 12, 7, 2, 11, 15, 8, 0, 4, 9, 14, 0, 10, 3, 13, 0, 1, 0, 1, 1, 1, 0, 1, 0, 1, 1, 1, 0, 1, 1, 0]
Fitness: 1276.612504 	[1, 5, 0, 6, 12, 7, 2, 11, 15, 8, 0, 4, 9, 14, 0, 10, 3, 13, 0, 1, 0, 1, 1, 1, 0, 1, 0, 1, 1, 1, 0, 1, 1, 0]
Fitness: 1276.612504 	[1, 5, 0, 6, 12, 7, 2, 11, 15, 8, 0, 4, 9, 14, 0, 10, 3, 13, 0, 1, 0, 1, 1, 1, 0, 1, 0, 1, 1, 1, 0, 1, 1, 0]
Fitness: 1276.612504 	[1, 5, 0, 6, 12, 7, 2, 11, 15, 8, 0, 4, 9, 14, 0, 10, 3, 13, 0, 1, 0, 1, 1, 1, 0, 1, 0, 1, 1, 1, 0, 1, 1, 0]
Fitness: 1276.612504 	[1, 5, 0, 6, 12, 7, 2, 11, 15, 8, 0, 4, 9, 14, 0, 10, 3, 13, 0, 1, 0, 1, 1, 1, 0, 1, 0, 1, 1, 1, 0, 1, 1, 0]
Fitness: 1273.723625 	[5, 4, 0, 7, 8, 2, 10, 12, 13, 15, 0, 3, 1, 6, 0, 14, 9, 11, 0, 0, 1, 1, 1, 1, 0, 1, 0, 1, 1, 1, 0, 1, 1, 0]
Fitness: 1272.235892 	[1, 0, 9, 6, 4, 0, 10, 12, 7, 2, 13, 8, 15, 0, 5, 11, 14, 3, 0, 1, 0, 1, 1, 1, 0, 1, 1, 0, 1, 1, 0, 1, 1, 0]
Fitness: 1269.489739 	[1, 11, 0, 10, 12, 7, 2, 13, 3, 8, 0, 9, 4, 14, 0, 5, 6, 15, 0, 1, 0, 1, 1, 1, 1, 0, 1, 0, 1, 1, 0, 1, 1, 0]
Fitness: 1269.024957 	[2, 4, 0, 1, 5, 0, 6, 11, 14, 15, 0, 3, 9, 10, 13, 12, 8, 7, 0, 1, 0, 1, 1, 1, 0, 1, 1, 0, 1, 1, 0, 1, 1, 0]
Fitness: 1269.024957 	[2, 4, 0, 1, 5, 0, 6, 11, 14, 15, 0, 3, 9, 10, 13, 12, 8, 7, 0, 1, 0, 1, 1, 1, 0, 1, 1, 0, 1, 1, 0, 1, 1, 0]
Fitness: 1268.283452 	[9, 4, 0, 6, 11, 14, 15, 0, 10, 12, 7, 2, 13, 3, 8, 0, 1, 5, 0, 1, 0, 1, 1, 1, 0, 1, 1, 0, 1, 1, 0, 1, 1, 0]
Fitness: 1268.283452 	[9, 4, 0, 6, 11, 14, 15, 0, 10, 12, 7, 2, 13, 3, 8, 0, 1, 5, 0, 1, 0, 1, 1, 1, 0, 1, 1, 0, 1, 1, 0, 1, 1, 0]
Fitness: 1266.086998 	[1, 2, 0, 9, 4, 0, 5, 11, 14, 0, 3, 6, 7, 8, 10, 12, 13, 15, 0, 1, 0, 1, 1, 1, 0, 1, 1, 0, 1, 1, 0, 1, 1, 0]
Fitness: 1266.086998 	[1, 2, 0, 9, 4, 0, 5, 11, 14, 0, 3, 6, 7, 8, 10, 12, 13, 15, 0, 1, 0, 1, 1, 1, 0, 1, 1, 0, 1, 1, 0, 1, 1, 0]
Fitness: 1263.357940 	[1, 4, 0, 6, 14, 13, 0, 11, 9, 10, 5, 12, 8, 0, 15, 7, 2, 3, 0, 1, 0, 1, 1, 1, 0, 1, 1, 1, 1, 0, 1, 0, 1, 0]
Fitness: 1263.357940 	[1, 4, 0, 6, 14, 13, 0, 15, 7, 2, 3, 0, 11, 9, 10, 5, 12, 8, 0, 1, 0, 1, 1, 1, 0, 1, 1, 1, 1, 0, 1, 0, 1, 0]
Fitness: 1263.357940 	[1, 4, 0, 6, 14, 13, 0, 15, 7, 2, 3, 0, 11, 9, 10, 5, 12, 8, 0, 1, 0, 1, 1, 1, 0, 1, 1, 1, 1, 0, 1, 0, 1, 0]
Fitness: 1263.357940 	[1, 4, 0, 6, 14, 13, 0, 15, 7, 2, 3, 0, 11, 9, 10, 5, 12, 8, 0, 1, 0, 1, 1, 1, 0, 1, 1, 1, 1, 0, 1, 0, 1, 0]
Fitness: 1263.357940 	[1, 4, 0, 6, 14, 13, 0, 15, 7, 2, 3, 0, 11, 9, 10, 5, 12, 8, 0, 1, 0, 1, 1, 1, 0, 1, 1, 1, 1, 0, 1, 0, 1, 0]
Fitness: 1263.357940 	[1, 4, 0, 6, 14, 13, 0, 15, 7, 2, 3, 0, 11, 9, 10, 5, 12, 8, 0, 1, 0, 1, 1, 1, 0, 1, 1, 1, 1, 0, 1, 0, 1, 0]
Fitness: 1263.357940 	[1, 4, 0, 6, 14, 13, 0, 15, 7, 2, 3, 0, 11, 9, 10, 5, 12, 8, 0, 1, 0, 1, 1, 1, 0, 1, 1, 1, 1, 0, 1, 0, 1, 0]
Fitness: 1263.357940 	[1, 4, 0, 6, 14, 13, 0, 11, 9, 10, 5, 12, 8, 0, 15, 7, 2, 3, 0, 1, 0, 1, 1, 1, 0, 1, 1, 1, 1, 0, 1, 0, 1, 0]
Fitness: 1263.357940 	[1, 4, 0, 6, 14, 13, 0, 15, 7, 2, 3, 0, 11, 9, 10, 5, 12, 8, 0, 1, 0, 1, 1, 1, 0, 1, 1, 1, 1, 0, 1, 0, 1, 0]
Fitness: 1263.357940 	[1, 4, 0, 6, 14, 13, 0, 15, 7, 2, 3, 0, 11, 9, 10, 5, 12, 8, 0, 1, 0, 1, 1, 1, 0, 1, 1, 1, 1, 0, 1, 0, 1, 0]
Fitness: 1263.301671 	[1, 4, 0, 11, 9, 10, 5, 12, 8, 0, 13, 6, 2, 0, 3, 7, 15, 14, 0, 1, 0, 1, 1, 1, 0, 1, 1, 0, 1, 1, 0, 1, 1, 0]
Fitness: 1263.301671 	[1, 4, 0, 3, 7, 15, 14, 0, 13, 6, 2, 0, 11, 9, 10, 5, 12, 8, 0, 1, 0, 1, 1, 1, 0, 1, 1, 0, 1, 1, 0, 1, 1, 0]
Fitness: 1263.164821 	[1, 5, 0, 10, 12, 7, 2, 13, 3, 8, 0, 9, 4, 0, 6, 11, 14, 15, 0, 0, 1, 1, 1, 1, 0, 1, 1, 0, 1, 1, 0, 1, 1, 0]
Fitness: 1263.164821 	[1, 5, 0, 10, 12, 7, 2, 13, 3, 8, 0, 9, 4, 0, 6, 11, 14, 15, 0, 0, 1, 1, 1, 1, 0, 1, 1, 0, 1, 1, 0, 1, 1, 0]
Fitness: 1263.164821 	[1, 5, 0, 10, 12, 7, 2, 13, 3, 8, 0, 9, 4, 0, 6, 11, 14, 15, 0, 0, 1, 1, 1, 1, 0, 1, 1, 0, 1, 1, 0, 1, 1, 0]
Fitness: 1262.738390 	[1, 4, 0, 6, 14, 13, 0, 15, 7, 2, 3, 0, 11, 9, 10, 5, 12, 8, 0, 1, 0, 1, 1, 1, 0, 1, 1, 0, 1, 1, 0, 1, 1, 0]
Fitness: 1262.738390 	[1, 4, 0, 6, 14, 13, 0, 15, 7, 2, 3, 0, 11, 9, 10, 5, 12, 8, 0, 1, 0, 1, 1, 1, 0, 1, 1, 0, 1, 1, 0, 1, 1, 0]
Fitness: 1262.738390 	[1, 4, 0, 6, 14, 13, 0, 15, 7, 2, 3, 0, 11, 9, 10, 5, 12, 8, 0, 1, 0, 1, 1, 1, 0, 1, 1, 0, 1, 1, 0, 1, 1, 0]
Fitness: 1262.738390 	[1, 4, 0, 6, 14, 13, 0, 15, 7, 2, 3, 0, 11, 9, 10, 5, 12, 8, 0, 1, 0, 1, 1, 1, 0, 1, 1, 0, 1, 1, 0, 1, 1, 0]
Fitness: 1262.738390 	[1, 4, 0, 6, 14, 13, 0, 15, 7, 2, 3, 0, 11, 9, 10, 5, 12, 8, 0, 1, 0, 1, 1, 1, 0, 1, 1, 0, 1, 1, 0, 1, 1, 0]
Fitness: 1262.738390 	[1, 4, 0, 6, 14, 13, 0, 15, 7, 2, 3, 0, 11, 9, 10, 5, 12, 8, 0, 1, 0, 1, 1, 1, 0, 1, 1, 0, 1, 1, 0, 1, 1, 0]
Fitness: 1262.738390 	[1, 4, 0, 6, 14, 13, 0, 15, 7, 2, 3, 0, 11, 9, 10, 5, 12, 8, 0, 1, 0, 1, 1, 1, 0, 1, 1, 0, 1, 1, 0, 1, 1, 0]
Fitness: 1262.738390 	[1, 4, 0, 15, 7, 2, 3, 0, 6, 14, 13, 0, 11, 9, 10, 5, 12, 8, 0, 1, 0, 1, 1, 1, 0, 1, 1, 0, 1, 1, 0, 1, 1, 0]
Fitness: 1262.136704 	[9, 4, 0, 1, 2, 0, 5, 11, 14, 0, 3, 6, 7, 8, 10, 12, 13, 15, 0, 1, 0, 1, 1, 1, 0, 1, 1, 0, 1, 1, 0, 1, 1, 0]
Fitness: 1261.265493 	[1, 0, 5, 11, 0, 9, 4, 14, 0, 10, 12, 7, 2, 13, 3, 8, 15, 6, 0, 1, 0, 1, 1, 1, 0, 1, 1, 0, 1, 1, 0, 1, 1, 0]
Fitness: 1261.265493 	[1, 0, 5, 11, 0, 9, 4, 14, 0, 10, 12, 7, 2, 13, 3, 8, 15, 6, 0, 1, 0, 1, 1, 1, 0, 1, 1, 0, 1, 1, 0, 1, 1, 0]
Fitness: 1261.265493 	[1, 0, 5, 11, 0, 9, 4, 14, 0, 10, 12, 7, 2, 13, 3, 8, 15, 6, 0, 1, 0, 1, 1, 1, 0, 1, 1, 0, 1, 1, 0, 1, 1, 0]
Fitness: 1261.265493 	[1, 0, 5, 11, 0, 10, 12, 7, 2, 13, 3, 8, 15, 6, 0, 9, 4, 14, 0, 1, 0, 1, 1, 1, 0, 1, 1, 0, 1, 1, 0, 1, 1, 0]
Fitness: 1260.301538 	[1, 11, 0, 10, 12, 7, 2, 13, 3, 8, 0, 9, 4, 0, 5, 6, 15, 14, 0, 1, 0, 1, 1, 1, 0, 1, 1, 0, 1, 1, 0, 1, 1, 0]
Fitness: 1260.189349 	[1, 3, 0, 5, 11, 14, 0, 9, 6, 4, 0, 10, 12, 7, 2, 13, 8, 15, 0, 1, 0, 1, 1, 1, 0, 1, 1, 0, 1, 1, 0, 1, 1, 0]
Fitness: 1259.096965 	[1, 0, 10, 12, 7, 2, 13, 3, 8, 15, 0, 9, 6, 4, 0, 5, 11, 14, 0, 0, 1, 1, 1, 1, 0, 1, 1, 0, 1, 1, 0, 1, 1, 0]
Fitness: 1259.096965 	[1, 0, 10, 12, 7, 2, 13, 3, 8, 15, 0, 9, 6, 4, 0, 5, 11, 14, 0, 0, 1, 1, 1, 1, 0, 1, 1, 0, 1, 1, 0, 1, 1, 0]
Fitness: 1259.096965 	[1, 0, 10, 12, 7, 2, 13, 3, 8, 15, 0, 5, 11, 14, 0, 9, 6, 4, 0, 0, 1, 1, 1, 1, 0, 1, 1, 0, 1, 1, 0, 1, 1, 0]
Fitness: 1259.096965 	[1, 0, 10, 12, 7, 2, 13, 3, 8, 15, 0, 5, 11, 14, 0, 9, 6, 4, 0, 0, 1, 1, 1, 1, 0, 1, 1, 0, 1, 1, 0, 1, 1, 0]
Fitness: 1259.096965 	[1, 0, 5, 11, 14, 0, 9, 6, 4, 0, 10, 12, 7, 2, 13, 3, 8, 15, 0, 0, 1, 1, 1, 1, 0, 1, 1, 0, 1, 1, 0, 1, 1, 0]
Fitness: 1259.096965 	[1, 0, 5, 11, 14, 0, 9, 6, 4, 0, 10, 12, 7, 2, 13, 3, 8, 15, 0, 0, 1, 1, 1, 1, 0, 1, 1, 0, 1, 1, 0, 1, 1, 0]
Fitness: 1259.096965 	[1, 0, 5, 11, 14, 0, 10, 12, 7, 2, 13, 3, 8, 15, 0, 9, 6, 4, 0, 0, 1, 1, 1, 1, 0, 1, 1, 0, 1, 1, 0, 1, 1, 0]
Fitness: 1259.096965 	[1, 0, 9, 6, 4, 0, 5, 11, 14, 0, 10, 12, 7, 2, 13, 3, 8, 15, 0, 0, 1, 1, 1, 1, 0, 1, 1, 0, 1, 1, 0, 1, 1, 0]
Fitness: 1259.096965 	[1, 0, 9, 6, 4, 0, 5, 11, 14, 0, 10, 12, 7, 2, 13, 3, 8, 15, 0, 0, 1, 1, 1, 1, 0, 1, 1, 0, 1, 1, 0, 1, 1, 0]
Fitness: 1259.096965 	[1, 0, 9, 6, 4, 0, 10, 12, 7, 2, 13, 3, 8, 15, 0, 5, 11, 14, 0, 0, 1, 1, 1, 1, 0, 1, 1, 0, 1, 1, 0, 1, 1, 0]
Fitness: 1259.096965 	[1, 0, 9, 6, 4, 0, 5, 11, 14, 0, 10, 12, 7, 2, 13, 3, 8, 15, 0, 0, 1, 1, 1, 1, 0, 1, 1, 0, 1, 1, 0, 1, 1, 0]
Fitness: 1259.096965 	[1, 0, 9, 6, 4, 0, 5, 11, 14, 0, 10, 12, 7, 2, 13, 3, 8, 15, 0, 0, 1, 1, 1, 1, 0, 1, 1, 0, 1, 1, 0, 1, 1, 0]
Fitness: 1259.096965 	[1, 0, 9, 6, 4, 0, 5, 11, 14, 0, 10, 12, 7, 2, 13, 3, 8, 15, 0, 0, 1, 1, 1, 1, 0, 1, 1, 0, 1, 1, 0, 1, 1, 0]
Fitness: 1259.096965 	[1, 0, 9, 6, 4, 0, 10, 12, 7, 2, 13, 3, 8, 15, 0, 5, 11, 14, 0, 0, 1, 1, 1, 1, 0, 1, 1, 0, 1, 1, 0, 1, 1, 0]
Fitness: 1259.096965 	[1, 0, 9, 6, 4, 0, 5, 11, 14, 0, 10, 12, 7, 2, 13, 3, 8, 15, 0, 0, 1, 1, 1, 1, 0, 1, 1, 0, 1, 1, 0, 1, 1, 0]
Fitness: 1259.096965 	[1, 0, 9, 6, 4, 0, 5, 11, 14, 0, 10, 12, 7, 2, 13, 3, 8, 15, 0, 0, 1, 1, 1, 1, 0, 1, 1, 0, 1, 1, 0, 1, 1, 0]
Fitness: 1259.096965 	[1, 0, 9, 6, 4, 0, 5, 11, 14, 0, 10, 12, 7, 2, 13, 3, 8, 15, 0, 0, 1, 1, 1, 1, 0, 1, 1, 0, 1, 1, 0, 1, 1, 0]
Fitness: 1259.096965 	[1, 0, 9, 6, 4, 0, 10, 12, 7, 2, 13, 3, 8, 15, 0, 5, 11, 14, 0, 0, 1, 1, 1, 1, 0, 1, 1, 0, 1, 1, 0, 1, 1, 0]
Fitness: 1259.096965 	[1, 0, 9, 6, 4, 0, 5, 11, 14, 0, 10, 12, 7, 2, 13, 3, 8, 15, 0, 0, 1, 1, 1, 1, 0, 1, 1, 0, 1, 1, 0, 1, 1, 0]
Fitness: 1259.096965 	[1, 0, 9, 6, 4, 0, 10, 12, 7, 2, 13, 3, 8, 15, 0, 5, 11, 14, 0, 0, 1, 1, 1, 1, 0, 1, 1, 0, 1, 1, 0, 1, 1, 0]
Fitness: 1292.083738 	[1, 5, 0, 9, 4, 0, 6, 11, 14, 15, 0, 10, 12, 7, 2, 13, 3, 8, 0, 1, 0, 1, 1, 1, 0, 1, 1, 1, 1, 0, 0, 1, 1, 0]
Fitness: 1263.357940 	[1, 4, 0, 6, 14, 13, 0, 15, 7, 2, 3, 0, 11, 9, 10, 5, 12, 8, 0, 1, 0, 1, 1, 1, 0, 1, 1, 1, 1, 0, 1, 0, 1, 0]
Fitness: 1292.083738 	[1, 4, 0, 10, 12, 7, 2, 13, 3, 8, 0, 6, 11, 14, 15, 0, 9, 5, 0, 1, 0, 1, 1, 1, 0, 1, 1, 0, 1, 1, 0, 1, 1, 0]
Fitness: 1262.136704 	[9, 4, 0, 1, 2, 0, 5, 11, 14, 0, 3, 6, 7, 8, 10, 12, 13, 15, 0, 1, 0, 1, 1, 1, 0, 1, 1, 0, 1, 1, 0, 1, 1, 0]
Fitness: 1263.164821 	[1, 5, 0, 10, 12, 7, 2, 13, 3, 8, 0, 9, 4, 0, 6, 11, 14, 15, 0, 0, 1, 1, 1, 1, 0, 1, 1, 0, 1, 1, 0, 1, 1, 0]
Fitness: 1262.136704 	[9, 5, 0, 11, 4, 14, 0, 1, 2, 0, 3, 6, 7, 8, 10, 12, 13, 15, 0, 1, 0, 1, 1, 1, 0, 1, 1, 0, 1, 1, 0, 1, 1, 0]
Fitness: 1260.301538 	[1, 0, 5, 6, 15, 14, 0, 10, 12, 7, 2, 13, 3, 8, 0, 9, 11, 4, 0, 1, 0, 1, 1, 1, 0, 1, 1, 0, 1, 1, 0, 1, 1, 0]
Fitness: 1293.572184 	[6, 14, 13, 0, 1, 4, 0, 15, 7, 2, 3, 0, 11, 9, 10, 5, 12, 8, 0, 1, 0, 1, 1, 1, 0, 1, 1, 1, 1, 0, 1, 0, 1, 0]
Fitness: 1263.357940 	[1, 4, 0, 6, 14, 13, 0, 15, 7, 2, 3, 0, 11, 9, 10, 5, 12, 8, 0, 1, 0, 1, 1, 1, 0, 1, 1, 1, 1, 0, 1, 0, 1, 0]
Fitness: 1293.572184 	[2, 3, 0, 1, 4, 0, 11, 9, 10, 5, 12, 8, 0, 6, 7, 13, 14, 15, 0, 1, 0, 1, 1, 1, 0, 1, 1, 1, 1, 0, 1, 0, 1, 0]
Fitness: 1292.083738 	[1, 5, 0, 6, 11, 14, 15, 0, 9, 4, 0, 10, 12, 7, 2, 13, 3, 8, 0, 1, 0, 1, 1, 1, 0, 1, 1, 0, 1, 1, 0, 1, 1, 0]
Fitness: 1262.738390 	[1, 4, 0, 6, 14, 13, 0, 15, 7, 2, 3, 0, 11, 9, 10, 5, 12, 8, 0, 1, 0, 1, 1, 1, 0, 1, 1, 0, 1, 1, 0, 1, 1, 0]
Fitness: 1292.083738 	[9, 4, 0, 10, 12, 7, 2, 13, 3, 8, 0, 15, 1, 6, 14, 0, 11, 5, 0, 1, 0, 1, 1, 1, 0, 1, 1, 0, 1, 1, 0, 1, 1, 0]
Fitness: 1263.301671 	[1, 4, 0, 3, 7, 15, 14, 0, 13, 6, 2, 0, 11, 9, 10, 5, 12, 8, 0, 1, 0, 1, 1, 1, 0, 1, 1, 0, 1, 1, 0, 1, 1, 0]
Fitness: 1268.283452 	[9, 4, 0, 6, 11, 14, 15, 0, 10, 12, 7, 2, 13, 3, 8, 0, 1, 5, 0, 1, 0, 1, 1, 1, 0, 1, 1, 0, 1, 1, 0, 1, 1, 0]
Fitness: 1263.301671 	[3, 4, 0, 11, 9, 10, 5, 12, 8, 0, 13, 6, 2, 0, 1, 15, 14, 7, 0, 1, 0, 1, 1, 1, 0, 1, 1, 0, 1, 1, 0, 1, 1, 0]
Fitness: 1276.612504 	[1, 5, 0, 6, 12, 7, 2, 11, 15, 8, 0, 4, 9, 14, 0, 10, 3, 13, 0, 1, 0, 1, 1, 1, 0, 1, 0, 1, 1, 1, 0, 1, 1, 0]
Fitness: 1259.096965 	[1, 0, 10, 12, 7, 2, 13, 3, 8, 15, 0, 5, 11, 14, 0, 9, 6, 4, 0, 0, 1, 1, 1, 1, 0, 1, 1, 0, 1, 1, 0, 1, 1, 0]
Fitness: 1276.612504 	[1, 0, 4, 9, 14, 0, 6, 12, 7, 2, 11, 15, 8, 0, 13, 10, 3, 5, 0, 1, 0, 1, 1, 1, 0, 1, 0, 1, 1, 1, 0, 1, 1, 0]
Fitness: 1292.083738 	[1, 5, 0, 10, 12, 7, 2, 13, 3, 8, 0, 6, 11, 14, 15, 0, 9, 4, 0, 1, 0, 1, 1, 1, 0, 1, 1, 0, 1, 1, 0, 1, 1, 0]
Fitness: 1266.086998 	[1, 2, 0, 9, 4, 0, 5, 11, 14, 0, 3, 6, 7, 8, 10, 12, 13, 15, 0, 1, 0, 1, 1, 1, 0, 1, 1, 0, 1, 1, 0, 1, 1, 0]
Fitness: 1292.083738 	[9, 4, 0, 10, 12, 7, 2, 13, 3, 8, 0, 5, 11, 14, 0, 1, 6, 15, 0, 1, 0, 1, 1, 1, 0, 1, 1, 0, 1, 1, 0, 1, 1, 0]
Fitness: 1261.265493 	[1, 0, 5, 11, 0, 10, 12, 7, 2, 13, 3, 8, 15, 6, 0, 9, 4, 14, 0, 1, 0, 1, 1, 1, 0, 1, 1, 0, 1, 1, 0, 1, 1, 0]
Fitness: 1276.612504 	[1, 5, 0, 6, 12, 7, 2, 11, 15, 8, 0, 4, 9, 14, 0, 10, 3, 13, 0, 1, 0, 1, 1, 1, 0, 1, 0, 1, 1, 1, 0, 1, 1, 0]
Fitness: 1261.265493 	[10, 12, 7, 2, 13, 3, 8, 15, 6, 0, 5, 11, 0, 4, 9, 14, 0, 1, 0, 1, 0, 1, 1, 1, 0, 1, 1, 0, 1, 1, 0, 1, 1, 0]
Fitness: 1292.083738 	[1, 5, 0, 6, 11, 14, 15, 0, 10, 12, 7, 2, 13, 3, 8, 0, 9, 4, 0, 1, 0, 1, 1, 1, 0, 1, 1, 0, 1, 1, 0, 1, 1, 0]
Fitness: 1261.265493 	[1, 0, 5, 11, 0, 9, 4, 14, 0, 10, 12, 7, 2, 13, 3, 8, 15, 6, 0, 1, 0, 1, 1, 1, 0, 1, 1, 0, 1, 1, 0, 1, 1, 0]
Fitness: 1292.083738 	[9, 0, 6, 11, 14, 15, 0, 1, 5, 0, 10, 12, 7, 2, 13, 3, 8, 4, 0, 1, 0, 1, 1, 1, 0, 1, 1, 0, 1, 1, 0, 1, 1, 0]
Fitness: 1262.738390 	[1, 4, 0, 6, 14, 13, 0, 15, 7, 2, 3, 0, 11, 9, 10, 5, 12, 8, 0, 1, 0, 1, 1, 1, 0, 1, 1, 0, 1, 1, 0, 1, 1, 0]
Fitness: 1292.534895 	[1, 5, 0, 2, 4, 0, 6, 11, 14, 15, 0, 3, 9, 10, 13, 12, 8, 7, 0, 1, 0, 1, 1, 1, 0, 1, 1, 0, 1, 1, 0, 1, 1, 0]
Fitness: 1262.738390 	[1, 5, 0, 8, 4, 0, 15, 7, 2, 3, 0, 6, 14, 13, 9, 10, 11, 12, 0, 1, 0, 1, 1, 1, 0, 1, 1, 0, 1, 1, 0, 1, 1, 0]
Fitness: 1278.325493 	[11, 4, 0, 6, 14, 2, 0, 1, 5, 0, 3, 9, 10, 13, 12, 8, 7, 15, 0, 1, 0, 1, 1, 1, 0, 1, 1, 0, 1, 1, 0, 1, 1, 0]
Fitness: 1259.096965 	[1, 0, 9, 6, 4, 0, 5, 11, 14, 0, 10, 12, 7, 2, 13, 3, 8, 15, 0, 0, 1, 1, 1, 1, 0, 1, 1, 0, 1, 1, 0, 1, 1, 0]
Fitness: 1278.325493 	[11, 0, 3, 9, 10, 13, 12, 8, 7, 15, 0, 1, 5, 0, 4, 6, 14, 2, 0, 1, 0, 1, 1, 1, 0, 1, 1, 0, 1, 1, 0, 1, 1, 0]
Fitness: 1263.357940 	[1, 4, 0, 6, 14, 13, 0, 15, 7, 2, 3, 0, 11, 9, 10, 5, 12, 8, 0, 1, 0, 1, 1, 1, 0, 1, 1, 1, 1, 0, 1, 0, 1, 0]
Fitness: 1293.572184 	[6, 14, 13, 0, 1, 4, 0, 15, 7, 2, 3, 0, 11, 9, 10, 5, 12, 8, 0, 1, 0, 1, 1, 1, 0, 1, 1, 1, 1, 0, 1, 0, 1, 0]
Fitness: 1263.357940 	[2, 3, 15, 0, 6, 14, 13, 0, 1, 4, 0, 11, 9, 10, 5, 12, 8, 7, 0, 1, 0, 1, 1, 1, 0, 1, 1, 1, 1, 0, 1, 0, 1, 0]
Fitness: 1269.024957 	[2, 4, 0, 1, 5, 0, 6, 11, 14, 15, 0, 3, 9, 10, 13, 12, 8, 7, 0, 1, 0, 1, 1, 1, 0, 1, 1, 0, 1, 1, 0, 1, 1, 0]
Fitness: 1262.738390 	[1, 4, 0, 6, 14, 13, 0, 15, 7, 2, 3, 0, 11, 9, 10, 5, 12, 8, 0, 1, 0, 1, 1, 1, 0, 1, 1, 0, 1, 1, 0, 1, 1, 0]
Fitness: 1269.024957 	[1, 4, 0, 6, 11, 14, 15, 0, 3, 9, 10, 13, 12, 8, 7, 0, 2, 5, 0, 1, 0, 1, 1, 1, 0, 1, 1, 0, 1, 1, 0, 1, 1, 0]
Fitness: 1259.096965 	[1, 0, 9, 6, 4, 0, 5, 11, 14, 0, 10, 12, 7, 2, 13, 3, 8, 15, 0, 0, 1, 1, 1, 1, 0, 1, 1, 0, 1, 1, 0, 1, 1, 0]
Fitness: 1292.083738 	[1, 5, 0, 9, 4, 0, 10, 12, 7, 2, 13, 3, 8, 0, 6, 11, 14, 15, 0, 1, 0, 1, 1, 1, 0, 1, 1, 0, 1, 1, 0, 1, 1, 0]
Fitness: 1259.096965 	[1, 6, 0, 9, 4, 0, 5, 11, 14, 0, 10, 12, 7, 2, 13, 3, 8, 15, 0, 0, 1, 1, 1, 1, 0, 1, 1, 0, 1, 1, 0, 1, 1, 0]
Fitness: 1259.096965 	[1, 0, 9, 6, 4, 0, 10, 12, 7, 2, 13, 3, 8, 15, 0, 5, 11, 14, 0, 0, 1, 1, 1, 1, 0, 1, 1, 0, 1, 1, 0, 1, 1, 0]
Fitness: 1259.096965 	[1, 0, 9, 6, 4, 0, 10, 12, 7, 2, 13, 3, 8, 15, 0, 5, 11, 14, 0, 0, 1, 1, 1, 1, 0, 1, 1, 0, 1, 1, 0, 1, 1, 0]
Fitness: 1259.096965 	[2, 0, 9, 6, 4, 0, 5, 11, 14, 0, 1, 3, 7, 8, 10, 12, 13, 15, 0, 0, 1, 1, 1, 1, 0, 1, 1, 0, 1, 1, 0, 1, 1, 0]
Fitness: 1280.955092 	[1, 4, 0, 6, 14, 13, 0, 5, 11, 2, 0, 3, 7, 15, 8, 9, 10, 12, 0, 1, 0, 1, 1, 1, 0, 1, 1, 1, 1, 0, 1, 0, 1, 0]
Fitness: 1259.096965 	[1, 0, 9, 6, 4, 0, 5, 11, 14, 0, 10, 12, 7, 2, 13, 3, 8, 15, 0, 0, 1, 1, 1, 1, 0, 1, 1, 0, 1, 1, 0, 1, 1, 0]
Fitness: 1280.955092 	[3, 7, 15, 8, 9, 10, 12, 0, 6, 14, 13, 0, 5, 11, 1, 0, 4, 2, 0, 1, 0, 1, 1, 1, 0, 1, 1, 1, 1, 0, 1, 0, 1, 0]
Fitness: 1292.083738 	[1, 5, 0, 10, 12, 7, 2, 13, 3, 8, 0, 6, 11, 14, 15, 0, 9, 4, 0, 1, 0, 1, 1, 1, 0, 1, 1, 0, 1, 1, 0, 1, 1, 0]
Fitness: 1260.189349 	[1, 3, 0, 5, 11, 14, 0, 9, 6, 4, 0, 10, 12, 7, 2, 13, 8, 15, 0, 1, 0, 1, 1, 1, 0, 1, 1, 0, 1, 1, 0, 1, 1, 0]
Fitness: 1292.083738 	[10, 12, 7, 2, 13, 3, 8, 0, 9, 4, 0, 1, 6, 11, 0, 5, 14, 15, 0, 1, 0, 1, 1, 1, 0, 1, 1, 0, 1, 1, 0, 1, 1, 0]
Fitness: 1276.612504 	[1, 5, 0, 6, 12, 7, 2, 11, 15, 8, 0, 4, 9, 14, 0, 10, 3, 13, 0, 1, 0, 1, 1, 1, 0, 1, 1, 0, 1, 1, 0, 1, 1, 0]
Fitness: 1292.083738 	[1, 5, 0, 9, 4, 0, 10, 12, 7, 2, 13, 3, 8, 0, 6, 11, 14, 15, 0, 1, 0, 1, 1, 1, 0, 1, 1, 0, 1, 1, 0, 1, 1, 0]
Fitness: 1276.612504 	[1, 5, 0, 9, 4, 0, 10, 3, 13, 0, 6, 12, 7, 2, 11, 15, 8, 14, 0, 1, 0, 1, 1, 1, 0, 1, 0, 1, 1, 1, 0, 1, 1, 0]
Fitness: 1263.357940 	[1, 4, 0, 6, 14, 13, 0, 15, 7, 2, 3, 0, 11, 9, 10, 5, 12, 8, 0, 1, 0, 1, 1, 1, 0, 1, 1, 1, 1, 0, 1, 0, 1, 0]
Fitness: 1262.738390 	[1, 4, 0, 6, 14, 13, 0, 15, 7, 2, 3, 0, 11, 9, 10, 5, 12, 8, 0, 1, 0, 1, 1, 1, 0, 1, 1, 0, 1, 1, 0, 1, 1, 0]
Fitness: 1263.357940 	[2, 3, 0, 1, 4, 0, 6, 14, 13, 0, 11, 9, 10, 5, 12, 8, 15, 7, 0, 1, 0, 1, 1, 1, 0, 1, 1, 1, 1, 0, 1, 0, 1, 0]
Fitness: 1266.086998 	[1, 2, 0, 9, 4, 0, 5, 11, 14, 0, 3, 6, 7, 8, 10, 12, 13, 15, 0, 1, 0, 1, 1, 1, 0, 1, 1, 1, 1, 0, 1, 0, 1, 0]
Fitness: 1263.357940 	[1, 4, 0, 6, 14, 13, 0, 11, 9, 10, 5, 12, 8, 0, 15, 7, 2, 3, 0, 1, 0, 1, 1, 1, 0, 1, 1, 1, 1, 0, 1, 0, 1, 0]
Fitness: 1266.086998 	[6, 4, 0, 5, 11, 14, 0, 1, 2, 0, 15, 7, 8, 3, 9, 10, 12, 13, 0, 1, 0, 1, 1, 1, 0, 1, 1, 0, 1, 1, 0, 1, 1, 0]
Fitness: 1259.096965 	[1, 0, 5, 11, 14, 0, 10, 12, 7, 2, 13, 3, 8, 15, 0, 9, 6, 4, 0, 0, 1, 1, 1, 1, 0, 1, 1, 0, 1, 1, 0, 1, 1, 0]
Fitness: 1262.738390 	[1, 4, 0, 6, 14, 13, 0, 15, 7, 2, 3, 0, 11, 9, 10, 5, 12, 8, 0, 1, 0, 1, 1, 1, 0, 1, 1, 0, 1, 1, 0, 1, 1, 0]
Fitness: 1259.096965 	[1, 0, 9, 6, 4, 0, 15, 7, 2, 3, 0, 11, 13, 10, 5, 12, 8, 14, 0, 0, 1, 1, 1, 1, 0, 1, 1, 0, 1, 1, 0, 1, 1, 0]
Fitness: 1292.083738 	[1, 5, 0, 6, 11, 14, 15, 0, 10, 12, 7, 2, 13, 3, 8, 0, 9, 4, 0, 1, 0, 1, 1, 1, 0, 1, 1, 0, 1, 1, 0, 1, 1, 0]
Fitness: 1259.096965 	[1, 0, 9, 6, 4, 0, 10, 12, 7, 2, 13, 3, 8, 15, 0, 5, 11, 14, 0, 0, 1, 1, 1, 1, 0, 1, 1, 0, 1, 1, 0, 1, 1, 0]
Fitness: 1292.083738 	[11, 0, 9, 6, 4, 0, 1, 5, 0, 10, 12, 7, 2, 13, 3, 8, 14, 15, 0, 1, 0, 1, 1, 1, 0, 1, 1, 0, 1, 1, 0, 1, 1, 0]
Fitness: 1259.096965 	[1, 0, 9, 6, 4, 0, 5, 11, 14, 0, 10, 12, 7, 2, 13, 3, 8, 15, 0, 0, 1, 1, 1, 1, 0, 1, 1, 0, 1, 1, 0, 1, 1, 0]
Fitness: 1259.096965 	[1, 0, 9, 6, 4, 0, 5, 11, 14, 0, 10, 12, 7, 2, 13, 3, 8, 15, 0, 0, 1, 1, 1, 1, 0, 1, 1, 0, 1, 1, 0, 1, 1, 0]
Fitness: 1259.096965 	[2, 0, 9, 6, 4, 0, 5, 11, 14, 0, 1, 3, 7, 8, 10, 12, 13, 15, 0, 0, 1, 1, 1, 1, 0, 1, 1, 0, 1, 1, 0, 1, 1, 0]
Fitness: 1292.083738 	[1, 5, 0, 6, 11, 14, 15, 0, 10, 12, 7, 2, 13, 3, 8, 0, 9, 4, 0, 1, 0, 1, 1, 1, 0, 1, 1, 1, 1, 0, 1, 0, 1, 0]
Fitness: 1263.357940 	[1, 4, 0, 6, 14, 13, 0, 11, 9, 10, 5, 12, 8, 0, 15, 7, 2, 3, 0, 1, 0, 1, 1, 1, 0, 1, 1, 1, 1, 0, 1, 0, 1, 0]
Fitness: 1292.083738 	[1, 5, 0, 6, 11, 14, 15, 0, 4, 9, 10, 13, 12, 8, 0, 7, 2, 3, 0, 1, 0, 1, 1, 1, 0, 1, 1, 0, 1, 1, 0, 1, 1, 0]
Fitness: 1263.357940 	[1, 4, 8, 0, 6, 14, 13, 0, 15, 7, 2, 3, 0, 11, 9, 10, 5, 12, 0, 1, 0, 1, 1, 1, 0, 0, 1, 1, 1, 1, 1, 0, 1, 0]
Fitness: 1261.265493 	[1, 0, 5, 11, 0, 9, 4, 14, 8, 0, 10, 12, 7, 2, 13, 3, 15, 6, 0, 1, 0, 1, 0, 1, 1, 1, 1, 0, 1, 1, 0, 1, 1, 0]
Fitness: 1259.096965 	[1, 0, 5, 14, 0, 9, 6, 4, 11, 0, 10, 12, 7, 2, 13, 3, 8, 15, 0, 0, 1, 1, 1, 1, 1, 1, 1, 0, 1, 1, 0, 1, 0, 0]
Fitness: 1292.083738 	[1, 0, 10, 12, 7, 2, 13, 3, 8, 5, 0, 6, 11, 14, 15, 0, 9, 4, 0, 1, 0, 0, 1, 1, 0, 1, 1, 0, 1, 1, 1, 1, 1, 0]
Fitness: 1281.804109 	[1, 0, 6, 12, 7, 2, 11, 15, 8, 5, 0, 4, 9, 0, 10, 3, 13, 14, 0, 1, 0, 0, 1, 1, 0, 1, 1, 0, 1, 1, 1, 1, 1, 0]
Fitness: 1292.083738 	[1, 5, 0, 9, 4, 14, 0, 10, 12, 7, 2, 13, 3, 8, 0, 6, 11, 15, 0, 1, 0, 1, 1, 0, 1, 1, 1, 0, 1, 1, 0, 1, 1, 0]
Fitness: 1259.096965 	[1, 0, 6, 4, 0, 5, 11, 14, 0, 10, 12, 7, 2, 13, 3, 8, 15, 9, 0, 1, 1, 1, 1, 0, 0, 1, 1, 0, 1, 1, 0, 1, 1, 0]
Fitness: 1292.083738 	[1, 5, 0, 10, 7, 2, 13, 3, 8, 0, 6, 11, 14, 15, 0, 9, 4, 12, 0, 1, 0, 1, 1, 1, 0, 1, 0, 1, 1, 1, 0, 1, 1, 0]
Fitness: 1259.096965 	[1, 0, 9, 6, 4, 0, 10, 12, 7, 2, 13, 3, 8, 15, 11, 0, 5, 14, 0, 0, 1, 1, 1, 0, 1, 1, 1, 0, 1, 1, 0, 1, 1, 0]
Fitness: 1259.096965 	[1, 9, 0, 6, 4, 0, 10, 12, 7, 2, 13, 3, 8, 15, 0, 5, 11, 14, 0, 0, 1, 1, 1, 0, 0, 1, 1, 0, 1, 1, 1, 1, 1, 0]
Fitness: 1292.083738 	[1, 5, 0, 6, 11, 14, 15, 0, 10, 12, 7, 13, 3, 8, 0, 9, 4, 2, 0, 1, 0, 1, 1, 1, 1, 1, 0, 0, 1, 1, 0, 1, 1, 0]
Fitness: 1293.572184 	[6, 14, 13, 4, 0, 1, 0, 15, 7, 2, 3, 0, 11, 9, 10, 5, 12, 8, 0, 1, 0, 1, 1, 1, 1, 1, 1, 1, 1, 0, 0, 0, 1, 0]
Fitness: 1261.265493 	[1, 0, 5, 11, 9, 0, 4, 14, 0, 10, 12, 7, 2, 13, 3, 8, 15, 6, 0, 1, 1, 0, 1, 1, 0, 1, 1, 0, 1, 1, 0, 1, 1, 0]
Fitness: 1293.572184 	[6, 14, 13, 0, 1, 4, 0, 15, 7, 2, 3, 11, 0, 9, 10, 5, 12, 8, 0, 1, 0, 1, 1, 1, 0, 1, 1, 1, 1, 0, 1, 1, 0, 0]
Fitness: 1263.164821 	[1, 0, 10, 12, 7, 2, 13, 3, 8, 0, 9, 4, 0, 6, 11, 14, 15, 5, 0, 0, 1, 1, 1, 1, 0, 1, 1, 0, 1, 1, 1, 1, 0, 0]
Fitness: 1263.357940 	[1, 0, 6, 14, 13, 0, 15, 7, 2, 3, 0, 11, 9, 10, 5, 12, 8, 4, 0, 1, 0, 1, 1, 0, 0, 1, 1, 1, 1, 0, 1, 1, 1, 0]
Fitness: 1292.083738 	[1, 5, 0, 6, 14, 15, 0, 10, 12, 7, 2, 13, 3, 8, 11, 0, 9, 4, 0, 1, 0, 1, 1, 1, 0, 1, 1, 0, 1, 1, 1, 1, 0, 0]
Fitness: 1280.955092 	[1, 4, 0, 6, 14, 13, 0, 5, 2, 0, 3, 7, 15, 8, 9, 10, 12, 11, 0, 1, 0, 1, 1, 1, 0, 1, 1, 1, 1, 1, 1, 0, 0, 0]
Fitness: 1263.357940 	[1, 0, 6, 14, 13, 0, 15, 7, 2, 3, 0, 11, 9, 10, 5, 12, 8, 4, 0, 0, 0, 1, 1, 1, 0, 1, 1, 1, 1, 0, 1, 1, 1, 0]
Fitness: 1268.283452 	[9, 4, 15, 0, 6, 11, 14, 0, 10, 12, 7, 2, 13, 3, 8, 0, 1, 5, 0, 1, 0, 1, 1, 1, 1, 1, 1, 0, 1, 1, 0, 0, 1, 0]
Fitness: 1292.083738 	[1, 5, 0, 9, 4, 0, 10, 12, 7, 13, 3, 8, 0, 6, 11, 14, 15, 2, 0, 1, 0, 0, 1, 1, 0, 1, 1, 0, 1, 1, 1, 1, 1, 0]
Fitness: 1259.096965 	[1, 0, 5, 14, 0, 9, 6, 4, 0, 10, 12, 7, 2, 13, 3, 8, 15, 11, 0, 0, 1, 1, 1, 0, 1, 1, 1, 0, 1, 1, 0, 1, 1, 0]
Fitness: 1292.083738 	[1, 5, 0, 9, 0, 6, 11, 14, 15, 0, 10, 12, 7, 2, 13, 3, 8, 4, 0, 0, 1, 1, 1, 1, 0, 1, 1, 1, 1, 0, 0, 1, 1, 0]
Fitness: 1260.189349 	[1, 3, 6, 0, 5, 11, 14, 0, 9, 4, 0, 10, 12, 7, 2, 13, 8, 15, 0, 0, 0, 1, 1, 1, 1, 1, 1, 0, 1, 1, 0, 1, 1, 0]
Fitness: 1293.572184 	[6, 14, 13, 0, 1, 4, 0, 15, 7, 2, 0, 11, 9, 10, 5, 12, 8, 3, 0, 1, 1, 1, 1, 1, 0, 1, 1, 0, 1, 0, 1, 0, 1, 0]
Fitness: 1280.955092 	[1, 4, 0, 6, 14, 13, 15, 0, 5, 11, 2, 0, 3, 7, 8, 9, 10, 12, 0, 1, 0, 1, 1, 1, 0, 1, 1, 1, 1, 0, 1, 1, 0, 0]
Fitness: 1262.738390 	[1, 0, 6, 14, 13, 0, 15, 7, 2, 3, 0, 11, 9, 10, 5, 12, 8, 4, 0, 1, 0, 1, 1, 1, 0, 1, 1, 0, 1, 1, 1, 0, 1, 0]
Fitness: 1263.357940 	[2, 3, 15, 0, 6, 14, 13, 0, 1, 0, 11, 9, 10, 5, 12, 8, 7, 4, 0, 1, 0, 1, 1, 1, 0, 1, 1, 1, 0, 0, 1, 1, 1, 0]
Fitness: 1263.301671 	[1, 4, 8, 0, 11, 9, 10, 5, 12, 0, 13, 6, 2, 0, 3, 7, 15, 14, 0, 1, 0, 1, 1, 1, 0, 1, 1, 1, 1, 1, 0, 1, 0, 0]
Fitness: 1259.096965 	[1, 11, 0, 9, 6, 4, 0, 10, 12, 7, 2, 13, 3, 8, 15, 0, 5, 14, 0, 0, 1, 1, 0, 1, 0, 1, 1, 1, 1, 1, 0, 1, 1, 0]
Fitness: 1263.357940 	[1, 0, 6, 14, 13, 0, 15, 7, 2, 3, 0, 11, 9, 10, 5, 12, 8, 4, 0, 1, 1, 1, 0, 1, 0, 1, 1, 1, 1, 0, 1, 0, 1, 0]
Fitness: 1276.612504 	[1, 5, 0, 6, 12, 7, 11, 15, 8, 0, 4, 9, 14, 0, 10, 3, 13, 2, 0, 1, 0, 1, 1, 0, 0, 1, 1, 1, 1, 1, 0, 1, 1, 0]
Fitness: 1292.083738 	[1, 5, 0, 6, 11, 14, 15, 0, 10, 12, 7, 2, 13, 3, 8, 4, 0, 9, 0, 1, 1, 1, 1, 1, 0, 1, 0, 0, 1, 1, 0, 1, 1, 0]
Fitness: 1276.612504 	[1, 5, 0, 6, 7, 2, 11, 15, 8, 0, 4, 9, 14, 0, 10, 3, 13, 12, 0, 1, 0, 1, 1, 1, 1, 1, 0, 1, 1, 1, 0, 0, 1, 0]
Fitness: 1259.096965 	[1, 14, 0, 9, 6, 4, 0, 10, 12, 7, 2, 13, 3, 8, 15, 0, 5, 11, 0, 0, 1, 1, 1, 1, 1, 1, 1, 0, 1, 0, 0, 1, 1, 0]
Fitness: 1280.955092 	[1, 4, 0, 6, 14, 13, 5, 0, 11, 2, 0, 3, 7, 15, 8, 9, 10, 12, 0, 1, 0, 1, 1, 1, 0, 1, 1, 1, 1, 1, 0, 0, 1, 0]
Fitness: 1260.189349 	[1, 3, 0, 5, 11, 14, 0, 9, 6, 4, 10, 0, 12, 7, 2, 13, 8, 15, 0, 1, 0, 1, 1, 1, 1, 1, 1, 0, 0, 1, 0, 1, 1, 0]
Fitness: 1262.738390 	[1, 4, 0, 6, 14, 13, 2, 0, 15, 7, 3, 0, 11, 9, 10, 5, 12, 8, 0, 1, 0, 1, 0, 1, 1, 1, 1, 0, 1, 1, 0, 1, 1, 0]
Fitness: 1292.083738 	[1, 5, 0, 6, 11, 14, 15, 0, 9, 4, 13, 0, 10, 12, 7, 2, 3, 8, 0, 1, 0, 0, 1, 1, 0, 1, 1, 1, 1, 1, 0, 1, 1, 0]
Fitness: 1276.612504 	[1, 5, 9, 0, 6, 12, 7, 2, 11, 15, 8, 0, 4, 14, 0, 10, 3, 13, 0, 1, 0, 1, 0, 1, 1, 1, 0, 1, 1, 1, 0, 1, 1, 0]
Fitness: 1292.083738 	[1, 5, 6, 0, 11, 14, 15, 0, 10, 12, 7, 2, 13, 3, 8, 0, 9, 4, 0, 1, 0, 1, 1, 1, 0, 1, 1, 1, 1, 1, 1, 0, 0, 0]
Fitness: 1259.096965 	[10, 12, 7, 2, 0, 9, 6, 4, 1, 0, 5, 11, 14, 0, 13, 3, 8, 15, 0, 0, 1, 1, 0, 1, 1, 1, 1, 0, 1, 1, 0, 1, 1, 0]
Fitness: 1259.096965 	[1, 0, 9, 4, 0, 5, 11, 14, 0, 10, 12, 7, 2, 13, 3, 8, 15, 6, 0, 0, 1, 0, 1, 1, 1, 1, 1, 0, 1, 1, 0, 1, 1, 0]
Fitness: 1259.096965 	[1, 14, 0, 9, 6, 4, 0, 5, 11, 0, 10, 12, 7, 2, 13, 3, 8, 15, 0, 1, 1, 1, 1, 1, 0, 0, 1, 0, 1, 1, 0, 1, 1, 0]
Fitness: 1262.738390 	[1, 0, 6, 14, 13, 4, 0, 15, 7, 2, 3, 0, 11, 9, 10, 5, 12, 8, 0, 1, 0, 1, 1, 0, 0, 1, 1, 1, 1, 1, 0, 1, 1, 0]
Fitness: 1292.083738 	[1, 5, 0, 10, 12, 7, 2, 13, 3, 8, 0, 6, 11, 14, 15, 4, 0, 9, 0, 1, 1, 1, 1, 1, 0, 1, 1, 0, 1, 1, 0, 1, 0, 0]
Fitness: 1259.096965 	[1, 0, 5, 11, 14, 0, 10, 12, 7, 2, 13, 3, 8, 15, 9, 0, 6, 4, 0, 1, 1, 1, 1, 1, 0, 1, 1, 0, 1, 0, 0, 1, 1, 0]
Fitness: 1276.612504 	[4, 9, 14, 0, 12, 7, 2, 11, 15, 8, 0, 1, 5, 6, 0, 10, 3, 13, 0, 1, 0, 1, 1, 0, 1, 1, 0, 1, 1, 1, 0, 1, 1, 0]
Fitness: 1259.096965 	[1, 0, 9, 6, 4, 11, 0, 15, 7, 2, 3, 0, 13, 10, 5, 12, 8, 14, 0, 1, 1, 1, 1, 1, 0, 1, 1, 0, 1, 1, 0, 1, 0, 0]
Fitness: 1263.301671 	[3, 4, 0, 11, 9, 10, 5, 12, 8, 13, 0, 6, 2, 0, 1, 15, 14, 7, 0, 1, 0, 1, 1, 0, 0, 1, 1, 1, 1, 1, 0, 1, 1, 0]
Fitness: 1292.083738 	[10, 12, 7, 2, 13, 3, 8, 0, 1, 5, 0, 6, 11, 14, 15, 0, 9, 4, 0, 1, 0, 1, 1, 1, 0, 1, 1, 0, 1, 1, 0, 1, 1, 0]
Fitness: 1263.357940 	[15, 7, 2, 3, 0, 6, 14, 13, 0, 1, 4, 0, 11, 9, 10, 5, 12, 8, 0, 1, 0, 1, 1, 1, 0, 1, 1, 1, 1, 0, 1, 0, 1, 0]
Fitness: 1292.534895 	[3, 9, 10, 13, 12, 8, 7, 0, 2, 4, 0, 6, 11, 14, 15, 0, 1, 5, 0, 1, 0, 1, 1, 1, 0, 1, 1, 0, 1, 1, 0, 1, 1, 0]
Fitness: 1292.083738 	[10, 12, 7, 2, 13, 3, 8, 0, 6, 11, 14, 15, 0, 9, 4, 0, 1, 5, 0, 1, 0, 1, 1, 1, 0, 1, 1, 0, 1, 1, 0, 1, 1, 0]
Fitness: 1278.325493 	[11, 0, 4, 6, 14, 2, 0, 1, 5, 0, 3, 9, 10, 13, 12, 8, 7, 15, 0, 1, 0, 1, 1, 1, 0, 1, 1, 0, 1, 1, 0, 1, 1, 0]
Fitness: 1262.738390 	[6, 14, 13, 0, 1, 4, 0, 15, 7, 2, 3, 0, 11, 9, 10, 5, 12, 8, 0, 1, 0, 1, 1, 1, 0, 1, 1, 0, 1, 1, 0, 1, 1, 0]
Fitness: 1259.096965 	[9, 6, 4, 0, 1, 0, 5, 11, 14, 0, 10, 12, 7, 2, 13, 3, 8, 15, 0, 0, 1, 1, 1, 1, 0, 1, 1, 0, 1, 1, 0, 1, 1, 0]
Fitness: 1260.189349 	[10, 12, 7, 2, 13, 8, 15, 0, 5, 11, 14, 0, 9, 6, 4, 0, 1, 3, 0, 1, 0, 1, 1, 1, 0, 1, 1, 0, 1, 1, 0, 1, 1, 0]
Fitness: 1292.083738 	[1, 5, 0, 6, 11, 14, 15, 0, 10, 12, 7, 2, 13, 3, 8, 0, 9, 4, 0, 1, 0, 1, 1, 1, 0, 1, 1, 0, 1, 1, 0, 1, 1, 0]
Fitness: 1263.357940 	[1, 4, 0, 11, 9, 10, 5, 12, 8, 0, 15, 7, 2, 3, 0, 6, 14, 13, 0, 1, 0, 1, 1, 1, 0, 1, 1, 1, 1, 0, 1, 0, 1, 0]
Fitness: 1259.096965 	[9, 6, 4, 0, 1, 0, 5, 11, 14, 0, 10, 12, 7, 2, 13, 3, 8, 15, 0, 0, 1, 1, 1, 1, 0, 1, 1, 0, 1, 1, 0, 1, 1, 0]
Fitness: 1292.083738 	[1, 5, 0, 10, 12, 7, 2, 13, 3, 8, 0, 9, 4, 0, 6, 11, 14, 15, 0, 1, 0, 1, 1, 1, 0, 1, 1, 0, 1, 1, 0, 1, 1, 0]
Fitness: 1263.357940 	[6, 14, 13, 0, 1, 4, 0, 11, 9, 10, 5, 12, 8, 0, 15, 7, 2, 3, 0, 1, 0, 1, 1, 1, 0, 1, 1, 1, 1, 0, 1, 0, 1, 0]
Fitness: 1276.612504 	[4, 9, 14, 0, 6, 12, 7, 2, 11, 15, 8, 0, 1, 5, 0, 10, 3, 13, 0, 1, 0, 1, 1, 1, 0, 1, 0, 1, 1, 1, 0, 1, 1, 0]
Fitness: 1269.024957 	[6, 11, 14, 15, 0, 1, 5, 0, 2, 4, 0, 3, 9, 10, 13, 12, 8, 7, 0, 1, 0, 1, 1, 1, 0, 1, 1, 0, 1, 1, 0, 1, 1, 0]
Fitness: 1262.738390 	[11, 9, 10, 5, 12, 8, 0, 6, 14, 13, 0, 15, 7, 2, 3, 0, 1, 4, 0, 1, 0, 1, 1, 1, 0, 1, 1, 0, 1, 1, 0, 1, 1, 0]
Fitness: 1292.083738 	[6, 11, 14, 15, 0, 9, 0, 1, 5, 0, 10, 12, 7, 2, 13, 3, 8, 4, 0, 1, 0, 1, 1, 1, 0, 1, 1, 0, 1, 1, 0, 1, 1, 0]
Fitness: 1269.024957 	[3, 9, 10, 13, 12, 8, 7, 0, 1, 5, 0, 6, 11, 14, 15, 0, 2, 4, 0, 1, 0, 1, 1, 1, 0, 1, 1, 0, 1, 1, 0, 1, 1, 0]
Fitness: 1293.572184 	[6, 14, 13, 0, 15, 7, 2, 0, 1, 4, 0, 11, 9, 10, 5, 12, 8, 3, 0, 1, 1, 1, 1, 1, 0, 1, 1, 0, 1, 0, 1, 0, 1, 0]
Fitness: 1259.096965 	[1, 0, 5, 14, 0, 10, 12, 7, 2, 13, 3, 8, 15, 11, 0, 9, 6, 4, 0, 0, 1, 1, 1, 0, 1, 1, 1, 0, 1, 1, 0, 1, 1, 0]
Fitness: 1292.083738 	[1, 5, 0, 9, 0, 10, 12, 7, 2, 13, 3, 8, 4, 0, 6, 11, 14, 15, 0, 1, 1, 1, 1, 1, 0, 1, 0, 0, 1, 1, 0, 1, 1, 0]
Fitness: 1259.096965 	[5, 14, 0, 1, 0, 9, 6, 4, 11, 0, 10, 12, 7, 2, 13, 3, 8, 15, 0, 0, 1, 1, 1, 1, 1, 1, 1, 0, 1, 1, 0, 1, 0, 0]
Fitness: 1269.489739 	[5, 6, 15, 0, 10, 12, 7, 2, 13, 3, 8, 0, 9, 4, 14, 0, 1, 11, 0, 1, 0, 1, 1, 1, 1, 0, 1, 0, 1, 1, 0, 1, 1, 0]
Fitness: 1292.083738 	[1, 5, 0, 6, 11, 14, 15, 0, 10, 12, 7, 2, 13, 3, 8, 0, 9, 4, 0, 1, 0, 1, 1, 1, 0, 1, 1, 0, 1, 1, 0, 1, 1, 0]
Fitness: 1259.096965 	[1, 6, 0, 10, 12, 7, 2, 13, 3, 8, 15, 0, 5, 11, 14, 0, 9, 4, 0, 0, 1, 1, 1, 1, 0, 1, 1, 0, 1, 1, 0, 1, 1, 0]
Fitness: 1292.083738 	[9, 4, 13, 0, 6, 11, 14, 15, 0, 1, 5, 0, 10, 12, 7, 2, 3, 8, 0, 1, 0, 0, 1, 1, 0, 1, 1, 1, 1, 1, 0, 1, 1, 0]
Fitness: 1259.096965 	[5, 11, 14, 0, 10, 12, 7, 2, 13, 3, 8, 15, 0, 9, 6, 4, 0, 1, 0, 0, 1, 1, 1, 1, 0, 1, 1, 0, 1, 1, 0, 1, 1, 0]
Fitness: 1263.357940 	[15, 7, 2, 3, 0, 6, 14, 13, 0, 1, 4, 0, 11, 9, 10, 5, 12, 8, 0, 1, 0, 1, 1, 1, 0, 1, 1, 1, 1, 0, 1, 0, 1, 0]
Fitness: 1259.096965 	[9, 6, 4, 0, 10, 12, 7, 2, 13, 3, 8, 15, 0, 5, 11, 14, 0, 1, 0, 0, 1, 1, 1, 1, 0, 1, 1, 0, 1, 1, 0, 1, 1, 0]
Fitness: 1292.083738 	[1, 5, 0, 9, 4, 0, 10, 12, 7, 2, 13, 3, 8, 0, 6, 11, 14, 15, 0, 1, 0, 1, 1, 1, 0, 1, 1, 1, 1, 0, 0, 1, 1, 0]
Fitness: 1259.096965 	[1, 0, 10, 12, 7, 2, 13, 3, 8, 15, 9, 0, 5, 11, 14, 0, 6, 4, 0, 1, 1, 1, 1, 1, 0, 1, 1, 0, 1, 0, 0, 1, 1, 0]
Fitness: 1260.189349 	[9, 6, 4, 10, 0, 5, 11, 14, 0, 1, 3, 0, 12, 7, 2, 13, 8, 15, 0, 1, 0, 1, 1, 1, 1, 1, 1, 0, 0, 1, 0, 1, 1, 0]
Fitness: 1259.096965 	[5, 11, 14, 0, 9, 6, 4, 0, 10, 12, 7, 2, 13, 3, 8, 15, 0, 1, 0, 0, 1, 1, 1, 1, 0, 1, 1, 0, 1, 1, 0, 1, 1, 0]
Fitness: 1259.096965 	[10, 12, 7, 2, 13, 3, 8, 15, 0, 9, 6, 4, 0, 5, 11, 14, 0, 1, 0, 0, 1, 1, 1, 1, 0, 1, 1, 0, 1, 1, 0, 1, 1, 0]
Fitness: 1262.738390 	[15, 7, 2, 3, 0, 6, 14, 13, 0, 1, 4, 0, 11, 9, 10, 5, 12, 8, 0, 1, 0, 1, 1, 1, 0, 1, 1, 0, 1, 1, 0, 1, 1, 0]
Fitness: 1268.283452 	[6, 11, 14, 15, 0, 9, 4, 0, 10, 12, 7, 2, 13, 3, 8, 0, 1, 5, 0, 1, 0, 1, 1, 1, 0, 1, 1, 0, 1, 1, 0, 1, 1, 0]
Fitness: 1259.096965 	[10, 12, 7, 2, 13, 3, 8, 15, 0, 5, 11, 14, 0, 1, 0, 9, 6, 4, 0, 0, 1, 1, 1, 1, 0, 1, 1, 0, 1, 1, 0, 1, 1, 0]
Fitness: 1259.096965 	[1, 0, 10, 12, 7, 2, 13, 3, 8, 15, 0, 5, 11, 14, 0, 9, 6, 4, 0, 0, 1, 1, 1, 1, 0, 1, 1, 0, 1, 1, 0, 1, 1, 0]
Fitness: 1263.357940 	[1, 0, 15, 7, 2, 3, 0, 6, 14, 13, 0, 11, 9, 10, 5, 12, 8, 4, 0, 1, 1, 1, 0, 1, 0, 1, 1, 1, 1, 0, 1, 0, 1, 0]
Fitness: 1292.083738 	[1, 5, 0, 10, 12, 7, 2, 13, 3, 8, 0, 9, 0, 6, 11, 14, 15, 4, 0, 1, 1, 1, 1, 1, 0, 1, 1, 0, 1, 1, 0, 1, 0, 0]
Fitness: 1259.096965 	[1, 0, 5, 11, 14, 0, 10, 12, 7, 2, 13, 3, 8, 15, 0, 9, 6, 4, 0, 0, 1, 1, 1, 1, 0, 1, 1, 0, 1, 1, 0, 1, 1, 0]
Fitness: 1263.164821 	[10, 12, 7, 2, 13, 3, 8, 0, 1, 5, 0, 9, 4, 0, 6, 11, 14, 15, 0, 0, 1, 1, 1, 1, 0, 1, 1, 0, 1, 1, 0, 1, 1, 0]
Fitness: 1260.301538 	[10, 12, 7, 2, 13, 3, 8, 0, 5, 6, 15, 14, 0, 1, 0, 9, 11, 4, 0, 1, 0, 1, 1, 1, 0, 1, 1, 0, 1, 1, 0, 1, 1, 0]
Fitness: 1263.357940 	[1, 4, 0, 15, 7, 2, 3, 0, 6, 14, 13, 0, 11, 9, 10, 5, 12, 8, 0, 1, 0, 1, 1, 1, 0, 1, 1, 1, 1, 0, 1, 0, 1, 0]
Fitness: 1262.738390 	[1, 4, 0, 11, 9, 10, 5, 12, 8, 0, 15, 7, 2, 3, 0, 6, 14, 13, 0, 1, 0, 1, 1, 1, 0, 1, 1, 0, 1, 1, 0, 1, 1, 0]
Fitness: 1276.612504 	[10, 3, 13, 0, 6, 12, 7, 2, 11, 15, 8, 0, 4, 9, 14, 0, 1, 5, 0, 1, 0, 1, 1, 1, 0, 1, 0, 1, 1, 1, 0, 1, 1, 0]
Fitness: 1263.357940 	[1, 4, 0, 11, 9, 10, 5, 12, 8, 0, 15, 7, 2, 3, 0, 6, 14, 13, 0, 1, 0, 1, 1, 1, 0, 1, 1, 1, 1, 0, 1, 0, 1, 0]
Fitness: 1268.283452 	[9, 4, 15, 0, 6, 11, 14, 0, 1, 5, 0, 10, 12, 7, 2, 13, 3, 8, 0, 1, 0, 1, 1, 1, 1, 1, 1, 0, 1, 1, 0, 0, 1, 0]
Fitness: 1262.738390 	[1, 5, 0, 8, 4, 0, 6, 14, 13, 9, 10, 11, 12, 0, 15, 7, 2, 3, 0, 1, 0, 1, 1, 1, 0, 1, 1, 0, 1, 1, 0, 1, 1, 0]
Fitness: 1280.955092 	[3, 7, 15, 8, 9, 10, 12, 11, 0, 6, 14, 13, 0, 5, 2, 0, 1, 4, 0, 1, 0, 1, 1, 1, 0, 1, 1, 1, 1, 1, 1, 0, 0, 0]
Time: 0.49392