Fitness: 1310.851899 	[6, 14, 13, 0, 1, 4, 0, 3, 7, 15, 8, 9, 10, 12, 0, 5, 11, 2, 0, 1, 0, 1, 1, 1, 0, 1, 1, 1, 1, 0, 1, 0, 1, 0]
Fitness: 1310.851899 	[6, 14, 13, 0, 1, 4, 0, 5, 11, 2, 0, 3, 7, 15, 8, 9, 10, 12, 0, 1, 0, 1, 1, 1, 0, 1, 1, 1, 1, 0, 1, 0, 1, 0]
Fitness: 1310.851899 	[6, 14, 13, 0, 1, 4, 0, 5, 11, 2, 0, 3, 7, 15, 8, 9, 10, 12, 0, 1, 0, 1, 1, 1, 0, 1, 1, 1, 1, 0, 1, 0, 1, 0]
Fitness: 1295.009585 	[1, 4, 0, 6, 11, 14, 15, 0, 3, 9, 10, 13, 12, 8, 7, 0, 2, 5, 0, 1, 0, 1, 1, 1, 0, 1, 1, 0, 1, 1, 0, 1, 1, 0]
Fitness: 1294.558360 	[1, 4, 0, 10, 12, 7, 2, 13, 3, 8, 0, 6, 11, 14, 15, 0, 9, 5, 0, 1, 0, 1, 1, 1, 0, 1, 1, 0, 1, 1, 0, 1, 1, 0]
Fitness: 1293.572184 	[6, 14, 13, 0, 1, 4, 0, 15, 7, 2, 3, 0, 11, 9, 10, 5, 12, 8, 0, 1, 0, 1, 1, 1, 0, 1, 1, 1, 1, 0, 1, 0, 1, 0]
Fitness: 1293.572184 	[6, 14, 13, 0, 1, 4, 0, 15, 7, 2, 3, 0, 11, 9, 10, 5, 12, 8, 0, 1, 0, 1, 1, 1, 0, 1, 1, 1, 1, 0, 1, 0, 1, 0]
Fitness: 1293.572184 	[6, 14, 13, 0, 1, 4, 0, 15, 7, 2, 3, 0, 11, 9, 10, 5, 12, 8, 0, 1, 0, 1, 1, 1, 0, 1, 1, 1, 1, 0, 1, 0, 1, 0]
Fitness: 1293.572184 	[6, 14, 13, 0, 1, 4, 0, 15, 7, 2, 3, 0, 11, 9, 10, 5, 12, 8, 0, 1, 0, 1, 1, 1, 0, 1, 1, 1, 1, 0, 1, 0, 1, 0]
Fitness: 1293.572184 	[6, 14, 13, 0, 1, 4, 0, 15, 7, 2, 3, 0, 11, 9, 10, 5, 12, 8, 0, 1, 0, 1, 1, 1, 0, 1, 1, 1, 1, 0, 1, 0, 1, 0]
Fitness: 1293.572184 	[6, 14, 13, 0, 1, 4, 0, 15, 7, 2, 3, 0, 11, 9, 10, 5, 12, 8, 0, 1, 0, 1, 1, 1, 0, 1, 1, 1, 1, 0, 1, 0, 1, 0]
Fitness: 1293.572184 	[6, 14, 13, 0, 1, 4, 0, 11, 9, 10, 5, 12, 8, 0, 15, 7, 2, 3, 0, 1, 0, 1, 1, 1, 0, 1, 1, 1, 1, 0, 1, 0, 1, 0]
Fitness: 1293.572184 	[6, 14, 13, 0, 1, 4, 0, 15, 7, 2, 3, 0, 11, 9, 10, 5, 12, 8, 0, 1, 0, 1, 1, 1, 0, 1, 1, 1, 1, 0, 1, 0, 1, 0]
Fitness: 1293.572184 	[6, 14, 13, 0, 1, 4, 0, 15, 7, 2, 3, 0, 11, 9, 10, 5, 12, 8, 0, 1, 0, 1, 1, 1, 0, 1, 1, 1, 1, 0, 1, 0, 1, 0]
Fitness: 1293.572184 	[6, 14, 13, 0, 1, 4, 0, 15, 7, 2, 3, 0, 11, 9, 10, 5, 12, 8, 0, 1, 0, 1, 1, 1, 0, 1, 1, 1, 1, 0, 1, 0, 1, 0]
Fitness: 1292.534895 	[1, 5, 0, 6, 11, 14, 15, 0, 2, 4, 0, 3, 9, 10, 13, 12, 8, 7, 0, 1, 0, 1, 1, 1, 0, 1, 1, 0, 1, 1, 0, 1, 1, 0]
Fitness: 1292.534895 	[1, 5, 0, 2, 4, 0, 6, 11, 14, 15, 0, 3, 9, 10, 13, 12, 8, 7, 0, 1, 0, 1, 1, 1, 0, 1, 1, 0, 1, 1, 0, 1, 1, 0]
Fitness: 1292.534895 	[1, 5, 0, 2, 4, 0, 6, 11, 14, 15, 0, 3, 9, 10, 13, 12, 8, 7, 0, 1, 0, 1, 1, 1, 0, 1, 1, 0, 1, 1, 0, 1, 1, 0]
Fitness: 1292.534895 	[1, 5, 0, 2, 4, 0, 6, 11, 14, 15, 0, 3, 9, 10, 13, 12, 8, 7, 0, 1, 0, 1, 1, 1, 0, 1, 1, 0, 1, 1, 0, 1, 1, 0]
Fitness: 1292.083738 	[1, 5, 0, 6, 11, 14, 15, 0, 10, 12, 7, 2, 13, 3, 8, 0, 9, 4, 0, 1, 0, 1, 1, 1, 0, 1, 1, 0, 1, 1, 0, 1, 1, 0]
Fitness: 1292.083738 	[1, 5, 0, 6, 11, 14, 15, 0, 10, 12, 7, 2, 13, 3, 8, 0, 9, 4, 0, 1, 0, 1, 1, 1, 0, 1, 1, 0, 1, 1, 0, 1, 1, 0]
Fitness: 1292.083738 	[1, 5, 0, 6, 11, 14, 15, 0, 10, 12, 7, 2, 13, 3, 8, 0, 9, 4, 0, 1, 0, 1, 1, 1, 0, 1, 1, 0, 1, 1, 0, 1, 1, 0]
Fitness: 1292.083738 	[1, 5, 0, 6, 11, 14, 15, 0, 9, 4, 0, 10, 12, 7, 2, 13, 3, 8, 0, 1, 0, 1, 1, 1, 0, 1, 1, 0, 1, 1, 0, 1, 1, 0]
Fitness: 1292.083738 	[1, 5, 0, 6, 11, 14, 15, 0, 9, 4, 0, 10, 12, 7, 2, 13, 3, 8, 0, 1, 0, 1, 1, 1, 0, 1, 1, 0, 1, 1, 0, 1, 1, 0]
Fitness: 1292.083738 	[1, 5, 0, 6, 11, 14, 15, 0, 10, 12, 7, 2, 13, 3, 8, 0, 9, 4, 0, 1, 0, 1, 1, 1, 0, 1, 1, 0, 1, 1, 0, 1, 1, 0]
Fitness: 1292.083738 	[1, 5, 0, 6, 11, 14, 15, 0, 10, 12, 7, 2, 13, 3, 8, 0, 9, 4, 0, 1, 0, 1, 1, 1, 0, 1, 1, 0, 1, 1, 0, 1, 1, 0]
Fitness: 1292.083738 	[1, 5, 0, 6, 11, 14, 15, 0, 10, 12, 7, 2, 13, 3, 8, 0, 9, 4, 0, 1, 0, 1, 1, 1, 0, 1, 1, 0, 1, 1, 0, 1, 1, 0]
Fitness: 1292.083738 	[1, 5, 0, 6, 11, 14, 15, 0, 9, 4, 0, 10, 12, 7, 2, 13, 3, 8, 0, 1, 0, 1, 1, 1, 0, 1, 1, 0, 1, 1, 0, 1, 1, 0]
Fitness: 1292.083738 	[1, 5, 0, 6, 11, 14, 15, 0, 10, 12, 7, 2, 13, 3, 8, 0, 9, 4, 0, 1, 0, 1, 1, 1, 0, 1, 1, 0, 1, 1, 0, 1, 1, 0]
Fitness: 1292.083738 	[1, 5, 0, 6, 11, 14, 15, 0, 9, 4, 0, 10, 12, 7, 2, 13, 3, 8, 0, 1, 0, 1, 1, 1, 0, 1, 1, 0, 1, 1, 0, 1, 1, 0]
Fitness: 1292.083738 	[1, 5, 0, 6, 11, 14, 15, 0, 10, 12, 7, 2, 13, 3, 8, 0, 9, 4, 0, 1, 0, 1, 1, 1, 0, 1, 1, 0, 1, 1, 0, 1, 1, 0]
Fitness: 1292.083738 	[1, 5, 0, 6, 11, 14, 15, 0, 10, 12, 7, 2, 13, 3, 8, 0, 9, 4, 0, 1, 0, 1, 1, 1, 0, 1, 1, 0, 1, 1, 0, 1, 1, 0]
Fitness: 1292.083738 	[1, 5, 0, 6, 11, 14, 15, 0, 10, 12, 7, 2, 13, 3, 8, 0, 9, 4, 0, 1, 0, 1, 1, 1, 0, 1, 1, 0, 1, 1, 0, 1, 1, 0]
Fitness: 1292.083738 	[1, 5, 0, 6, 11, 14, 15, 0, 10, 12, 7, 2, 13, 3, 8, 0, 9, 4, 0, 1, 0, 1, 1, 1, 0, 1, 1, 0, 1, 1, 0, 1, 1, 0]
Fitness: 1292.083738 	[1, 5, 0, 6, 11, 14, 15, 0, 10, 12, 7, 2, 13, 3, 8, 0, 9, 4, 0, 1, 0, 1, 1, 1, 0, 1, 1, 0, 1, 1, 0, 1, 1, 0]
Fitness: 1292.083738 	[1, 5, 0, 6, 11, 14, 15, 0, 10, 12, 7, 2, 13, 3, 8, 0, 9, 4, 0, 1, 0, 1, 1, 1, 0, 1, 1, 0, 1, 1, 0, 1, 1, 0]
Fitness: 1292.083738 	[1, 5, 0, 6, 11, 14, 15, 0, 9, 4, 0, 10, 12, 7, 2, 13, 3, 8, 0, 1, 0, 1, 1, 1, 0, 1, 1, 0, 1, 1, 0, 1, 1, 0]
Fitness: 1292.083738 	[1, 5, 0, 6, 11, 14, 15, 0, 10, 12, 7, 2, 13, 3, 8, 0, 9, 4, 0, 1, 0, 1, 1, 1, 0, 1, 1, 0, 1, 1, 0, 1, 1, 0]
Fitness: 1292.083738 	[1, 5, 0, 6, 11, 14, 15, 0, 10, 12, 7, 2, 13, 3, 8, 0, 9, 4, 0, 1, 0, 1, 1, 1, 0, 1, 1, 0, 1, 1, 0, 1, 1, 0]
Fitness: 1292.083738 	[1, 5, 0, 6, 11, 14, 15, 0, 9, 4, 0, 10, 12, 7, 2, 13, 3, 8, 0, 1, 0, 1, 1, 1, 0, 1, 1, 0, 1, 1, 0, 1, 1, 0]
Fitness: 1292.083738 	[1, 5, 0, 6, 11, 14, 15, 0, 9, 4, 0, 10, 12, 7, 2, 13, 3, 8, 0, 1, 0, 1, 1, 1, 0, 1, 1, 0, 1, 1, 0, 1, 1, 0]
Fitness: 1292.083738 	[1, 5, 0, 6, 11, 14, 15, 0, 10, 12, 7, 2, 13, 3, 8, 0, 9, 4, 0, 1, 0, 1, 1, 1, 0, 1, 1, 0, 1, 1, 0, 1, 1, 0]
Fitness: 1292.083738 	[1, 5, 0, 6, 11, 14, 15, 0, 10, 12, 7, 2, 13, 3, 8, 0, 9, 4, 0, 1, 0, 1, 1, 1, 0, 1, 1, 0, 1, 1, 0, 1, 1, 0]
Fitness: 1292.083738 	[1, 5, 0, 6, 11, 14, 15, 0, 10, 12, 7, 2, 13, 3, 8, 0, 9, 4, 0, 1, 0, 1, 1, 1, 0, 1, 1, 0, 1, 1, 0, 1, 1, 0]
Fitness: 1292.083738 	[1, 5, 0, 9, 4, 0, 6, 11, 14, 15, 0, 10, 12, 7, 2, 13, 3, 8, 0, 1, 0, 1, 1, 1, 0, 1, 1, 0, 1, 1, 0, 1, 1, 0]
Fitness: 1292.083738 	[1, 5, 0, 9, 4, 0, 6, 11, 14, 15, 0, 10, 12, 7, 2, 13, 3, 8, 0, 1, 0, 1, 1, 1, 0, 1, 1, 0, 1, 1, 0, 1, 1, 0]
Fitness: 1292.083738 	[1, 5, 0, 9, 4, 0, 6, 11, 14, 15, 0, 10, 12, 7, 2, 13, 3, 8, 0, 1, 0, 1, 1, 1, 0, 1, 1, 0, 1, 1, 0, 1, 1, 0]
Fitness: 1292.083738 	[1, 5, 0, 9, 4, 0, 6, 11, 14, 15, 0, 10, 12, 7, 2, 13, 3, 8, 0, 1, 0, 1, 1, 1, 0, 1, 1, 0, 1, 1, 0, 1, 1, 0]
Fitness: 1292.083738 	[1, 5, 0, 9, 4, 0, 6, 11, 14, 15, 0, 2, 3, 7, 8, 10, 12, 13, 0, 1, 0, 1, 1, 1, 0, 1, 1, 0, 1, 1, 0, 1, 1, 0]
Fitness: 1292.083738 	[1, 5, 0, 10, 12, 7, 2, 13, 3, 8, 0, 9, 4, 0, 6, 11, 14, 15, 0, 1, 0, 1, 1, 1, 0, 1, 1, 0, 1, 1, 0, 1, 1, 0]
Fitness: 1292.083738 	[1, 5, 0, 10, 12, 7, 2, 13, 3, 8, 0, 9, 4, 0, 6, 11, 14, 15, 0, 1, 0, 1, 1, 1, 0, 1, 1, 0, 1, 1, 0, 1, 1, 0]
Fitness: 1292.083738 	[1, 5, 0, 10, 12, 7, 2, 13, 3, 8, 0, 9, 4, 0, 6, 11, 14, 15, 0, 1, 0, 1, 1, 1, 0, 1, 1, 0, 1, 1, 0, 1, 1, 0]
Fitness: 1292.083738 	[1, 5, 0, 10, 12, 7, 2, 13, 3, 8, 0, 9, 4, 0, 6, 11, 14, 15, 0, 1, 0, 1, 1, 1, 0, 1, 1, 0, 1, 1, 0, 1, 1, 0]
Fitness: 1292.083738 	[1, 5, 0, 10, 12, 7, 2, 13, 3, 8, 0, 9, 4, 0, 6, 11, 14, 15, 0, 1, 0, 1, 1, 1, 0, 1, 1, 0, 1, 1, 0, 1, 1, 0]
Fitness: 1292.083738 	[1, 5, 0, 10, 12, 7, 2, 13, 3, 8, 0, 6, 11, 14, 15, 0, 9, 4, 0, 1, 0, 1, 1, 1, 0, 1, 1, 0, 1, 1, 0, 1, 1, 0]
Fitness: 1292.083738 	[1, 5, 0, 10, 12, 7, 2, 13, 3, 8, 0, 6, 11, 14, 15, 0, 9, 4, 0, 1, 0, 1, 1, 1, 0, 1, 1, 0, 1, 1, 0, 1, 1, 0]
Fitness: 1292.083738 	[1, 5, 0, 10, 12, 7, 2, 13, 3, 8, 0, 6, 11, 14, 15, 0, 9, 4, 0, 1, 0, 1, 1, 1, 0, 1, 1, 0, 1, 1, 0, 1, 1, 0]
Fitness: 1292.083738 	[1, 5, 0, 10, 12, 7, 2, 13, 3, 8, 0, 6, 11, 14, 15, 0, 9, 4, 0, 1, 0, 1, 1, 1, 0, 1, 1, 0, 1, 1, 0, 1, 1, 0]
Fitness: 1292.083738 	[1, 5, 0, 10, 12, 7, 2, 13, 3, 8, 0, 6, 11, 14, 15, 0, 9, 4, 0, 1, 0, 1, 1, 1, 0, 1, 1, 0, 1, 1, 0, 1, 1, 0]
Fitness: 1292.083738 	[1, 5, 0, 10, 12, 7, 2, 13, 3, 8, 0, 6, 11, 14, 15, 0, 9, 4, 0, 1, 0, 1, 1, 1, 0, 1, 1, 0, 1, 1, 0, 1, 1, 0]
Fitness: 1292.083738 	[1, 5, 0, 10, 12, 7, 2, 13, 3, 8, 0, 6, 11, 14, 15, 0, 9, 4, 0, 1, 0, 1, 1, 1, 0, 1, 1, 0, 1, 1, 0, 1, 1, 0]
Fitness: 1292.083738 	[1, 5, 0, 10, 12, 7, 2, 13, 3, 8, 0, 6, 11, 14, 15, 0, 9, 4, 0, 1, 0, 1, 1, 1, 0, 1, 1, 0, 1, 1, 0, 1, 1, 0]
Fitness: 1292.083738 	[1, 5, 0, 9, 4, 0, 10, 12, 7, 2, 13, 3, 8, 0, 6, 11, 14, 15, 0, 1, 0, 1, 1, 1, 0, 1, 1, 0, 1, 1, 0, 1, 1, 0]
Fitness: 1292.083738 	[1, 5, 0, 9, 4, 0, 10, 12, 7, 2, 13, 3, 8, 0, 6, 11, 14, 15, 0, 1, 0, 1, 1, 1, 0, 1, 1, 0, 1, 1, 0, 1, 1, 0]
Fitness: 1292.083738 	[1, 5, 0, 9, 4, 0, 10, 12, 7, 2, 13, 3, 8, 0, 6, 11, 14, 15, 0, 1, 0, 1, 1, 1, 0, 1, 1, 0, 1, 1, 0, 1, 1, 0]
Fitness: 1292.083738 	[1, 5, 0, 9, 4, 0, 10, 12, 7, 2, 13, 3, 8, 0, 6, 11, 14, 15, 0, 1, 0, 1, 1, 1, 0, 1, 1, 0, 1, 1, 0, 1, 1, 0]
Fitness: 1292.083738 	[1, 5, 0, 9, 4, 0, 10, 12, 7, 2, 13, 3, 8, 0, 6, 11, 14, 15, 0, 1, 0, 1, 1, 1, 0, 1, 1, 0, 1, 1, 0, 1, 1, 0]
Fitness: 1292.083738 	[1, 5, 0, 9, 4, 0, 10, 12, 7, 2, 13, 3, 8, 0, 6, 11, 14, 15, 0, 1, 0, 1, 1, 1, 0, 1, 1, 0, 1, 1, 0, 1, 1, 0]
Fitness: 1281.804109 	[1, 5, 0, 6, 12, 7, 2, 11, 15, 8, 0, 4, 9, 0, 10, 3, 13, 14, 0, 1, 0, 1, 1, 1, 0, 1, 1, 0, 1, 1, 0, 1, 1, 0]
Fitness: 1281.531716 	[1, 0, 5, 6, 15, 14, 0, 10, 12, 7, 2, 13, 3, 8, 0, 9, 11, 4, 0, 1, 0, 1, 1, 1, 0, 1, 1, 0, 1, 1, 0, 1, 1, 0]
Fitness: 1281.531716 	[1, 0, 5, 6, 15, 14, 0, 10, 12, 7, 2, 13, 3, 8, 0, 9, 11, 4, 0, 1, 0, 1, 1, 1, 0, 1, 1, 0, 1, 1, 0, 1, 1, 0]
Fitness: 1280.955092 	[1, 4, 0, 6, 14, 13, 0, 5, 11, 2, 0, 3, 7, 15, 8, 9, 10, 12, 0, 1, 0, 1, 1, 1, 0, 1, 1, 1, 1, 0, 1, 0, 1, 0]
Fitness: 1280.955092 	[1, 4, 0, 6, 14, 13, 0, 5, 11, 2, 0, 3, 7, 15, 8, 9, 10, 12, 0, 1, 0, 1, 1, 1, 0, 1, 1, 1, 1, 0, 1, 0, 1, 0]
Fitness: 1280.955092 	[1, 4, 0, 6, 14, 13, 0, 5, 11, 2, 0, 3, 7, 15, 8, 9, 10, 12, 0, 1, 0, 1, 1, 1, 0, 1, 1, 1, 1, 0, 1, 0, 1, 0]
Fitness: 1280.955092 	[1, 4, 0, 6, 14, 13, 0, 5, 11, 2, 0, 3, 7, 15, 8, 9, 10, 12, 0, 1, 0, 1, 1, 1, 0, 1, 1, 1, 1, 0, 1, 0, 1, 0]
Fitness: 1280.955092 	[1, 4, 0, 6, 14, 13, 0, 5, 11, 2, 0, 3, 7, 15, 8, 9, 10, 12, 0, 1, 0, 1, 1, 1, 0, 1, 1, 1, 1, 0, 1, 0, 1, 0]
Fitness: 1280.955092 	[1, 4, 0, 6, 14, 13, 0, 5, 11, 2, 0, 3, 7, 15, 8, 9, 10, 12, 0, 1, 0, 1, 1, 1, 0, 1, 1, 1, 1, 0, 1, 0, 1, 0]
Fitness: 1280.955092 	[1, 4, 0, 6, 14, 13, 0, 5, 11, 2, 0, 3, 7, 15, 8, 9, 10, 12, 0, 1, 0, 1, 1, 1, 0, 1, 1, 1, 1, 0, 1, 0, 1, 0]
Fitness: 1280.955092 	[1, 4, 0, 6, 14, 13, 0, 5, 11, 2, 0, 3, 7, 15, 8, 9, 10, 12, 0, 1, 0, 1, 1, 1, 0, 1, 1, 1, 1, 0, 1, 0, 1, 0]
Fitness: 1280.512293 	[1, 4, 0, 5, 11, 2, 0, 3, 7, 15, 8, 9, 10, 12, 0, 13, 6, 14, 0, 1, 0, 1, 1, 1, 0, 1, 1, 1, 1, 0, 1, 0, 1, 0]
Fitness: 1280.512293 	[1, 4, 0, 5, 11, 2, 0, 3, 7, 15, 8, 9, 10, 12, 0, 13, 6, 14, 0, 1, 0, 1, 1, 1, 0, 1, 1, 1, 1, 0, 1, 0, 1, 0]
Fitness: 1280.512293 	[1, 4, 0, 2, 11, 5, 0, 3, 7, 15, 8, 9, 10, 12, 0, 6, 14, 13, 0, 1, 0, 1, 1, 1, 0, 1, 1, 1, 1, 0, 1, 0, 1, 0]
Fitness: 1280.512293 	[1, 4, 0, 5, 11, 2, 0, 6, 14, 13, 0, 3, 7, 15, 8, 9, 10, 12, 0, 1, 0, 1, 1, 1, 0, 1, 1, 1, 1, 0, 1, 0, 1, 0]
Fitness: 1280.269179 	[1, 5, 0, 2, 4, 0, 6, 11, 14, 15, 0, 3, 9, 10, 13, 12, 8, 7, 0, 1, 0, 1, 1, 1, 0, 1, 1, 1, 1, 0, 1, 0, 1, 0]
Fitness: 1278.699010 	[2, 4, 13, 0, 6, 11, 14, 15, 0, 1, 5, 0, 3, 7, 8, 9, 10, 12, 0, 1, 0, 1, 1, 1, 0, 1, 1, 0, 1, 1, 0, 1, 1, 0]
Fitness: 1278.325493 	[11, 4, 0, 6, 14, 2, 0, 1, 5, 0, 3, 9, 10, 13, 12, 8, 7, 15, 0, 1, 0, 1, 1, 1, 0, 1, 1, 0, 1, 1, 0, 1, 1, 0]
Fitness: 1278.325493 	[11, 4, 0, 6, 14, 2, 0, 1, 5, 0, 3, 9, 10, 13, 12, 8, 7, 15, 0, 1, 0, 1, 1, 1, 0, 1, 1, 0, 1, 1, 0, 1, 1, 0]
Fitness: 1276.612504 	[4, 9, 14, 0, 6, 12, 7, 2, 11, 15, 8, 0, 1, 5, 0, 10, 3, 13, 0, 1, 0, 1, 1, 1, 0, 1, 0, 1, 1, 1, 0, 1, 1, 0]
Fitness: 1276.612504 	[4, 9, 14, 0, 6, 12, 7, 2, 11, 15, 8, 0, 1, 5, 0, 10, 3, 13, 0, 1, 0, 1, 1, 1, 0, 1, 0, 1, 1, 1, 0, 1, 1, 0]
Fitness: 1276.612504 	[4, 9, 14, 0, 6, 12, 7, 2, 11, 15, 8, 0, 1, 5, 0, 10, 3, 13, 0, 1, 0, 1, 1, 1, 0, 1, 0, 1, 1, 1, 0, 1, 1, 0]
Fitness: 1276.612504 	[4, 9, 14, 0, 6, 12, 7, 2, 11, 15, 8, 0, 1, 5, 0, 10, 3, 13, 0, 1, 0, 1, 1, 1, 0, 1, 0, 1, 1, 1, 0, 1, 1, 0]
Fitness: 1276.612504 	[1, 5, 0, 6, 12, 7, 2, 11, 15, 8, 0, 4, 9, 14, 0, 10, 3, 13, 0, 1, 0, 1, 1, 1, 0, 1, 0, 1, 1, 1, 0, 1, 1, 0]
Fitness: 1276.612504 	[1, 5, 0, 6, 12, 7, 2, 11, 15, 8, 0, 4, 9, 14, 0, 10, 3, 13, 0, 1, 0, 1, 1, 1, 0, 1, 0, 1, 1, 1, 0, 1, 1, 0]
Fitness: 1276.612504 	[1, 5, 0, 6, 12, 7, 2, 11, 15, 8, 0, 4, 9, 14, 0, 10, 3, 13, 0, 1, 0, 1, 1, 1, 0, 1, 0, 1, 1, 1, 0, 1, 1, 0]
Fitness: 1276.612504 	[1, 5, 0, 6, 12, 7, 2, 11, 15, 8, 0, 4, 9, 14, 0, 10, 3, 13, 0, 1, 0, 1, 1, 1, 0, 1, 0, 1, 1, 1, 0, 1, 1, 0]
Fitness: 1276.612504 	[1, 5, 0, 6, 12, 7, 2, 11, 15, 8, 0, 4, 9, 14, 0, 10, 3, 13, 0, 1, 0, 1, 1, 1, 0, 1, 0, 1, 1, 1, 0, 1, 1, 0]
Fitness: 1276.612504 	[1, 5, 0, 6, 12, 7, 2, 11, 15, 8, 0, 4, 9, 14, 0, 10, 3, 13, 0, 1, 0, 1, 1, 1, 0, 1, 0, 1, 1, 1, 0, 1, 1, 0]
Fitness: 1276.612504 	[1, 5, 0, 6, 12, 7, 2, 11, 15, 8, 0, 4, 9, 14, 0, 10, 3, 13, 0, 1, 0, 1, 1, 1, 0, 1, 0, 1, 1, 1, 0, 1, 1, 0]
Fitness: 1276.612504 	[1, 5, 0, 6, 12, 7, 2, 11, 15, 8, 0, 4, 9, 14, 0, 10, 3, 13, 0, 1, 0, 1, 1, 1, 0, 1, 0, 1, 1, 1, 0, 1, 1, 0]
Fitness: 1276.612504 	[1, 5, 0, 6, 12, 7, 2, 11, 15, 8, 0, 4, 9, 14, 0, 10, 3, 13, 0, 1, 0, 1, 1, 1, 0, 1, 0, 1, 1, 1, 0, 1, 1, 0]
Fitness: 1292.083738 	[1, 5, 0, 10, 12, 7, 2, 13, 3, 8, 0, 6, 11, 14, 15, 0, 9, 4, 0, 1, 0, 1, 1, 1, 0, 1, 1, 0, 1, 1, 0, 1, 1, 0]
Fitness: 1293.572184 	[6, 14, 13, 0, 1, 4, 0, 15, 7, 2, 3, 0, 11, 9, 10, 5, 12, 8, 0, 1, 0, 1, 1, 1, 0, 1, 1, 1, 1, 0, 1, 0, 1, 0]
Fitness: 1292.083738 	[6, 14, 11, 0, 1, 5, 0, 10, 12, 7, 2, 13, 3, 8, 0, 9, 4, 15, 0, 1, 0, 1, 1, 1, 0, 1, 1, 0, 1, 1, 0, 1, 1, 0]
Fitness: 1310.851899 	[6, 14, 13, 0, 1, 4, 0, 3, 7, 15, 8, 9, 10, 12, 0, 5, 11, 2, 0, 1, 0, 1, 1, 1, 0, 1, 1, 0, 1, 1, 0, 1, 1, 0]
Fitness: 1292.083738 	[1, 5, 0, 6, 11, 14, 15, 0, 10, 12, 7, 2, 13, 3, 8, 0, 9, 4, 0, 1, 0, 1, 1, 1, 0, 1, 1, 0, 1, 1, 0, 1, 1, 0]
Fitness: 1310.851899 	[3, 7, 15, 0, 1, 4, 0, 11, 5, 6, 2, 13, 14, 0, 8, 9, 10, 12, 0, 1, 0, 1, 1, 1, 0, 1, 1, 1, 1, 0, 1, 0, 1, 0]
Fitness: 1292.534895 	[1, 5, 0, 2, 4, 0, 6, 11, 14, 15, 0, 3, 9, 10, 13, 12, 8, 7, 0, 1, 0, 1, 1, 1, 0, 1, 1, 0, 1, 1, 0, 1, 1, 0]
Fitness: 1278.325493 	[11, 4, 0, 6, 14, 2, 0, 1, 5, 0, 3, 9, 10, 13, 12, 8, 7, 15, 0, 1, 0, 1, 1, 1, 0, 1, 1, 0, 1, 1, 0, 1, 1, 0]
Fitness: 1292.534895 	[11, 6, 0, 2, 4, 0, 1, 5, 0, 3, 9, 10, 13, 12, 8, 7, 15, 14, 0, 1, 0, 1, 1, 1, 0, 1, 1, 0, 1, 1, 0, 1, 1, 0]
Fitness: 1292.083738 	[1, 5, 0, 6, 11, 14, 15, 0, 10, 12, 7, 2, 13, 3, 8, 0, 9, 4, 0, 1, 0, 1, 1, 1, 0, 1, 1, 0, 1, 1, 0, 1, 1, 0]
Fitness: 1292.083738 	[1, 5, 0, 6, 11, 14, 15, 0, 10, 12, 7, 2, 13, 3, 8, 0, 9, 4, 0, 1, 0, 1, 1, 1, 0, 1, 1, 0, 1, 1, 0, 1, 1, 0]
Fitness: 1292.083738 	[1, 5, 0, 10, 12, 7, 2, 13, 3, 8, 0, 6, 11, 14, 15, 0, 9, 4, 0, 1, 0, 1, 1, 1, 0, 1, 1, 0, 1, 1, 0, 1, 1, 0]
Fitness: 1293.572184 	[6, 14, 13, 0, 1, 4, 0, 15, 7, 2, 3, 0, 11, 9, 10, 5, 12, 8, 0, 1, 0, 1, 1, 1, 0, 1, 1, 1, 1, 0, 1, 0, 1, 0]
Fitness: 1280.955092 	[1, 4, 0, 6, 14, 13, 0, 5, 11, 2, 0, 3, 7, 15, 8, 9, 10, 12, 0, 1, 0, 1, 1, 1, 0, 1, 1, 1, 1, 0, 1, 0, 1, 0]
Fitness: 1293.572184 	[11, 9, 10, 5, 12, 8, 0, 1, 4, 0, 13, 6, 2, 0, 3, 7, 15, 14, 0, 1, 0, 1, 1, 1, 0, 1, 1, 1, 1, 0, 1, 0, 1, 0]
Fitness: 1292.083738 	[1, 5, 0, 10, 12, 7, 2, 13, 3, 8, 0, 6, 11, 14, 15, 0, 9, 4, 0, 1, 0, 1, 1, 1, 0, 1, 1, 0, 1, 1, 0, 1, 1, 0]
Fitness: 1292.083738 	[1, 5, 0, 9, 4, 0, 10, 12, 7, 2, 13, 3, 8, 0, 6, 11, 14, 15, 0, 1, 0, 1, 1, 1, 0, 1, 1, 0, 1, 1, 0, 1, 1, 0]
Fitness: 1292.083738 	[2, 3, 0, 9, 4, 0, 6, 11, 14, 15, 0, 1, 5, 7, 8, 10, 12, 13, 0, 1, 0, 1, 1, 1, 0, 1, 1, 0, 1, 1, 0, 1, 1, 0]
Fitness: 1278.325493 	[11, 4, 0, 6, 14, 2, 0, 1, 5, 0, 3, 9, 10, 13, 12, 8, 7, 15, 0, 1, 0, 1, 1, 1, 0, 1, 1, 1, 1, 0, 1, 0, 1, 0]
Fitness: 1293.572184 	[6, 14, 13, 0, 1, 4, 0, 15, 7, 2, 3, 0, 11, 9, 10, 5, 12, 8, 0, 1, 0, 1, 1, 1, 0, 1, 1, 1, 1, 0, 1, 0, 1, 0]
Fitness: 1278.325493 	[11, 5, 0, 1, 4, 0, 3, 9, 10, 13, 12, 8, 7, 15, 0, 6, 14, 2, 0, 1, 0, 1, 1, 1, 0, 1, 1, 0, 1, 1, 0, 1, 1, 0]
Fitness: 1292.083738 	[1, 5, 0, 9, 4, 0, 6, 11, 14, 15, 0, 2, 3, 7, 8, 10, 12, 13, 0, 1, 0, 1, 1, 1, 0, 1, 1, 0, 1, 1, 0, 1, 1, 0]
Fitness: 1292.534895 	[1, 5, 0, 2, 4, 0, 6, 11, 14, 15, 0, 3, 9, 10, 13, 12, 8, 7, 0, 1, 0, 1, 1, 1, 0, 1, 1, 0, 1, 1, 0, 1, 1, 0]
Fitness: 1292.083738 	[1, 5, 0, 2, 3, 7, 8, 10, 12, 13, 0, 6, 11, 14, 15, 0, 4, 9, 0, 1, 0, 1, 1, 1, 0, 1, 1, 0, 1, 1, 0, 1, 1, 0]
Fitness: 1292.083738 	[1, 5, 0, 6, 11, 14, 15, 0, 10, 12, 7, 2, 13, 3, 8, 0, 9, 4, 0, 1, 0, 1, 1, 1, 0, 1, 1, 0, 1, 1, 0, 1, 1, 0]
Fitness: 1280.955092 	[1, 4, 0, 6, 14, 13, 0, 5, 11, 2, 0, 3, 7, 15, 8, 9, 10, 12, 0, 1, 0, 1, 1, 1, 0, 1, 1, 1, 1, 0, 1, 0, 1, 0]
Fitness: 1292.083738 	[1, 5, 0, 9, 4, 0, 13, 11, 2, 0, 3, 7, 15, 8, 6, 10, 12, 14, 0, 1, 0, 1, 1, 1, 0, 1, 1, 0, 1, 1, 0, 1, 1, 0]
Fitness: 1292.083738 	[1, 5, 0, 9, 4, 0, 10, 12, 7, 2, 13, 3, 8, 0, 6, 11, 14, 15, 0, 1, 0, 1, 1, 1, 0, 1, 1, 1, 1, 0, 1, 0, 1, 0]
Fitness: 1280.955092 	[1, 4, 0, 6, 14, 13, 0, 5, 11, 2, 0, 3, 7, 15, 8, 9, 10, 12, 0, 1, 0, 1, 1, 1, 0, 1, 1, 1, 1, 0, 1, 0, 1, 0]
Fitness: 1292.083738 	[6, 11, 14, 15, 0, 1, 5, 0, 4, 13, 2, 0, 3, 7, 8, 9, 10, 12, 0, 1, 0, 1, 1, 1, 0, 1, 1, 0, 1, 1, 0, 1, 1, 0]
Fitness: 1292.083738 	[1, 5, 0, 10, 12, 7, 2, 13, 3, 8, 0, 9, 4, 0, 6, 11, 14, 15, 0, 1, 0, 1, 1, 1, 0, 1, 1, 0, 1, 1, 0, 1, 1, 0]
Fitness: 1292.083738 	[1, 5, 0, 9, 4, 0, 10, 12, 7, 2, 13, 3, 8, 0, 6, 11, 14, 15, 0, 1, 0, 1, 1, 1, 0, 1, 1, 0, 1, 1, 0, 1, 1, 0]
Fitness: 1292.083738 	[2, 3, 0, 1, 5, 0, 6, 11, 14, 15, 0, 4, 7, 8, 9, 10, 12, 13, 0, 1, 0, 1, 1, 1, 0, 1, 1, 0, 1, 1, 0, 1, 1, 0]
Fitness: 1292.083738 	[1, 5, 0, 10, 12, 7, 2, 13, 3, 8, 0, 6, 11, 14, 15, 0, 9, 4, 0, 1, 0, 1, 1, 1, 0, 1, 1, 0, 1, 1, 0, 1, 1, 0]
Fitness: 1292.083738 	[1, 5, 0, 10, 12, 7, 2, 13, 3, 8, 0, 6, 11, 14, 15, 0, 9, 4, 0, 1, 0, 1, 1, 1, 0, 1, 1, 0, 1, 1, 0, 1, 1, 0]
Fitness: 1292.083738 	[10, 12, 7, 2, 13, 3, 8, 0, 9, 4, 0, 6, 11, 14, 15, 0, 1, 5, 0, 1, 0, 1, 1, 1, 0, 1, 1, 0, 1, 1, 0, 1, 1, 0]
Fitness: 1292.083738 	[1, 5, 0, 9, 4, 0, 15, 7, 2, 3, 0, 11, 13, 10, 6, 12, 8, 14, 0, 1, 0, 1, 1, 1, 0, 1, 1, 0, 1, 1, 0, 1, 1, 0]
Fitness: 1292.083738 	[1, 5, 0, 10, 12, 7, 2, 13, 3, 8, 0, 6, 11, 14, 15, 0, 9, 4, 0, 1, 0, 1, 1, 1, 0, 1, 1, 0, 1, 1, 0, 1, 1, 0]
Fitness: 1292.083738 	[1, 5, 0, 9, 4, 0, 6, 11, 14, 15, 0, 10, 12, 7, 2, 13, 3, 8, 0, 1, 0, 1, 1, 1, 0, 1, 1, 0, 1, 1, 0, 1, 1, 0]
Fitness: 1292.083738 	[1, 5, 0, 9, 4, 0, 6, 11, 14, 15, 0, 10, 12, 7, 2, 13, 3, 8, 0, 1, 0, 1, 1, 1, 0, 1, 1, 0, 1, 1, 0, 1, 1, 0]
Fitness: 1292.083738 	[10, 12, 7, 2, 13, 3, 8, 0, 9, 4, 0, 1, 5, 0, 11, 15, 6, 14, 0, 1, 0, 1, 1, 1, 0, 1, 1, 0, 1, 1, 0, 1, 1, 0]
Fitness: 1292.083738 	[1, 5, 0, 6, 11, 14, 15, 0, 9, 4, 0, 10, 12, 7, 2, 13, 3, 8, 0, 1, 0, 1, 1, 1, 0, 1, 1, 0, 1, 1, 0, 1, 1, 0]
Fitness: 1292.083738 	[1, 5, 0, 6, 11, 14, 15, 0, 10, 12, 7, 2, 13, 3, 8, 0, 9, 4, 0, 1, 0, 1, 1, 1, 0, 1, 1, 0, 1, 1, 0, 1, 1, 0]
Fitness: 1292.083738 	[2, 3, 0, 9, 4, 0, 1, 5, 0, 6, 7, 8, 10, 11, 12, 13, 14, 15, 0, 1, 0, 1, 1, 1, 0, 1, 1, 0, 1, 1, 0, 1, 1, 0]
Fitness: 1292.083738 	[1, 5, 0, 6, 11, 14, 15, 0, 10, 12, 7, 2, 13, 3, 8, 0, 9, 4, 0, 1, 0, 1, 1, 1, 0, 1, 1, 0, 1, 1, 0, 1, 1, 0]
Fitness: 1292.083738 	[1, 5, 0, 9, 4, 0, 10, 12, 7, 2, 13, 3, 8, 0, 6, 11, 14, 15, 0, 1, 0, 1, 1, 1, 0, 1, 1, 0, 1, 1, 0, 1, 1, 0]
Fitness: 1292.083738 	[1, 5, 0, 11, 15, 0, 10, 12, 7, 2, 13, 3, 8, 0, 9, 4, 6, 14, 0, 1, 0, 1, 1, 1, 0, 1, 1, 0, 1, 1, 0, 1, 1, 0]
Fitness: 1292.083738 	[1, 5, 0, 9, 4, 0, 10, 12, 7, 2, 13, 3, 8, 0, 6, 11, 14, 15, 0, 1, 0, 1, 1, 1, 0, 1, 1, 0, 1, 1, 0, 1, 1, 0]
Fitness: 1292.083738 	[1, 5, 0, 6, 11, 14, 15, 0, 10, 12, 7, 2, 13, 3, 8, 0, 9, 4, 0, 1, 0, 1, 1, 1, 0, 1, 1, 0, 1, 1, 0, 1, 1, 0]
Fitness: 1292.083738 	[1, 5, 0, 10, 12, 7, 2, 13, 3, 8, 0, 6, 11, 14, 15, 0, 9, 4, 0, 1, 0, 1, 1, 1, 0, 1, 1, 0, 1, 1, 0, 1, 1, 0]
Fitness: 1292.083738 	[1, 5, 0, 6, 11, 14, 15, 0, 9, 4, 0, 10, 12, 7, 2, 13, 3, 8, 0, 1, 0, 1, 1, 1, 0, 1, 0, 1, 1, 1, 0, 1, 1, 0]
Fitness: 1276.612504 	[1, 5, 0, 6, 12, 7, 2, 11, 15, 8, 0, 4, 9, 14, 0, 10, 3, 13, 0, 1, 0, 1, 1, 1, 0, 1, 0, 1, 1, 1, 0, 1, 1, 0]
Fitness: 1292.083738 	[4, 6, 0, 1, 5, 0, 10, 12, 7, 2, 13, 3, 8, 0, 9, 11, 14, 15, 0, 1, 0, 1, 1, 1, 0, 1, 1, 0, 1, 1, 0, 1, 1, 0]
Fitness: 1280.512293 	[1, 4, 0, 2, 11, 5, 0, 3, 7, 15, 8, 9, 10, 12, 0, 6, 14, 13, 0, 1, 0, 1, 1, 1, 0, 1, 1, 1, 1, 0, 1, 0, 1, 0]
Fitness: 1292.083738 	[1, 5, 0, 6, 11, 14, 15, 0, 10, 12, 7, 2, 13, 3, 8, 0, 9, 4, 0, 1, 0, 1, 1, 1, 0, 1, 1, 0, 1, 1, 0, 1, 1, 0]
Fitness: 1280.512293 	[1, 5, 0, 3, 7, 15, 8, 9, 10, 12, 0, 6, 14, 13, 0, 2, 4, 11, 0, 1, 0, 1, 1, 1, 0, 1, 1, 1, 1, 0, 1, 0, 1, 0]
Fitness: 1292.083738 	[1, 5, 0, 9, 4, 0, 6, 11, 14, 15, 0, 10, 12, 7, 2, 13, 3, 8, 0, 1, 0, 1, 1, 1, 0, 1, 1, 0, 1, 1, 0, 1, 1, 0]
Fitness: 1292.083738 	[1, 5, 0, 6, 11, 14, 15, 0, 10, 12, 7, 2, 13, 3, 8, 0, 9, 4, 0, 1, 0, 1, 1, 1, 0, 1, 1, 0, 1, 1, 0, 1, 1, 0]
Fitness: 1292.083738 	[10, 12, 7, 0, 9, 4, 0, 1, 5, 6, 11, 14, 15, 0, 2, 13, 3, 8, 0, 1, 0, 1, 1, 1, 0, 1, 1, 0, 1, 1, 0, 1, 1, 0]
Fitness: 1292.083738 	[1, 5, 0, 6, 11, 14, 15, 0, 10, 12, 7, 2, 13, 3, 8, 0, 9, 4, 0, 1, 0, 1, 1, 1, 0, 1, 1, 0, 1, 1, 0, 1, 1, 0]
Fitness: 1292.083738 	[1, 5, 0, 9, 4, 0, 6, 11, 14, 15, 0, 10, 12, 7, 2, 13, 3, 8, 0, 1, 0, 1, 1, 1, 0, 1, 1, 0, 1, 1, 0, 1, 1, 0]
Fitness: 1292.083738 	[6, 11, 14, 15, 0, 10, 12, 7, 0, 1, 4, 5, 9, 0, 2, 13, 3, 8, 0, 1, 0, 1, 1, 1, 0, 1, 1, 0, 1, 1, 0, 1, 1, 0]
Fitness: 1276.612504 	[1, 5, 0, 6, 12, 7, 2, 11, 15, 8, 0, 4, 9, 14, 0, 10, 3, 13, 0, 1, 0, 1, 1, 1, 0, 1, 0, 1, 1, 1, 0, 1, 1, 0]
Fitness: 1292.083738 	[1, 5, 0, 6, 11, 14, 15, 0, 9, 4, 0, 10, 12, 7, 2, 13, 3, 8, 0, 1, 0, 1, 1, 1, 0, 1, 1, 0, 1, 1, 0, 1, 1, 0]
Fitness: 1276.612504 	[2, 3, 0, 6, 11, 7, 15, 0, 4, 9, 14, 0, 1, 5, 8, 10, 12, 13, 0, 1, 0, 1, 1, 1, 0, 1, 0, 1, 1, 1, 0, 1, 1, 0]
Fitness: 1292.083738 	[1, 5, 0, 6, 11, 14, 15, 0, 10, 12, 7, 2, 13, 3, 8, 0, 9, 4, 0, 1, 0, 1, 1, 1, 0, 1, 1, 0, 1, 1, 0, 1, 1, 0]
Fitness: 1293.572184 	[6, 14, 13, 0, 1, 4, 0, 15, 7, 2, 3, 0, 11, 9, 10, 5, 12, 8, 0, 1, 0, 1, 1, 1, 0, 1, 1, 1, 1, 0, 1, 0, 1, 0]
Fitness: 1292.083738 	[6, 11, 14, 15, 0, 9, 4, 0, 1, 7, 2, 3, 0, 13, 10, 5, 12, 8, 0, 1, 0, 1, 1, 1, 0, 1, 1, 0, 1, 1, 0, 1, 1, 0]
Fitness: 1292.083738 	[1, 5, 0, 6, 11, 14, 15, 0, 10, 12, 7, 2, 13, 3, 8, 0, 9, 4, 0, 1, 0, 1, 1, 1, 0, 1, 1, 0, 1, 1, 0, 1, 1, 0]
Fitness: 1294.558360 	[1, 4, 0, 10, 12, 7, 2, 13, 3, 8, 0, 6, 11, 14, 15, 0, 9, 5, 0, 1, 0, 1, 1, 1, 0, 1, 1, 0, 1, 1, 0, 1, 1, 0]
Fitness: 1292.083738 	[1, 5, 0, 6, 11, 14, 15, 0, 2, 3, 4, 7, 0, 9, 8, 10, 12, 13, 0, 1, 0, 1, 1, 1, 0, 1, 1, 0, 1, 1, 0, 1, 1, 0]
Fitness: 1292.083738 	[1, 0, 9, 4, 0, 13, 11, 2, 5, 0, 3, 7, 15, 8, 6, 10, 12, 14, 0, 1, 0, 1, 0, 1, 1, 1, 1, 0, 1, 1, 0, 1, 1, 0]
Fitness: 1292.083738 	[1, 5, 15, 0, 6, 11, 14, 0, 9, 4, 0, 10, 12, 7, 2, 13, 3, 8, 0, 1, 0, 1, 1, 1, 0, 1, 0, 0, 1, 1, 1, 1, 1, 0]
Fitness: 1292.083738 	[1, 5, 0, 6, 11, 14, 0, 10, 12, 7, 2, 13, 3, 8, 15, 0, 9, 4, 0, 1, 0, 1, 1, 0, 0, 1, 1, 0, 1, 1, 1, 1, 1, 0]
Fitness: 1278.325493 	[11, 5, 1, 0, 4, 0, 3, 9, 10, 13, 12, 8, 7, 15, 0, 6, 14, 2, 0, 1, 0, 1, 0, 1, 1, 1, 1, 0, 1, 1, 0, 1, 1, 0]
Fitness: 1292.083738 	[1, 5, 0, 9, 4, 11, 0, 10, 12, 7, 2, 13, 3, 8, 0, 6, 14, 15, 0, 1, 0, 1, 1, 1, 0, 0, 1, 1, 1, 1, 0, 1, 1, 0]
Fitness: 1293.572184 	[6, 14, 13, 0, 1, 4, 5, 0, 15, 7, 2, 3, 0, 11, 9, 10, 12, 8, 0, 1, 0, 1, 1, 0, 0, 1, 1, 1, 1, 0, 1, 1, 1, 0]
Fitness: 1292.083738 	[1, 5, 0, 6, 11, 14, 15, 3, 0, 10, 12, 7, 2, 13, 8, 0, 9, 4, 0, 1, 0, 1, 1, 1, 1, 0, 1, 0, 1, 1, 0, 1, 1, 0]
Fitness: 1292.083738 	[1, 5, 0, 6, 11, 14, 15, 0, 10, 7, 2, 13, 3, 8, 0, 9, 4, 12, 0, 1, 0, 1, 1, 1, 0, 1, 1, 1, 1, 1, 0, 0, 1, 0]
Fitness: 1292.083738 	[1, 0, 6, 11, 14, 15, 0, 10, 12, 7, 2, 13, 3, 8, 0, 9, 4, 5, 0, 1, 0, 1, 0, 1, 1, 1, 1, 0, 1, 1, 0, 1, 1, 0]
Fitness: 1292.534895 	[1, 0, 2, 4, 0, 6, 11, 14, 15, 5, 0, 3, 9, 10, 13, 12, 8, 7, 0, 1, 0, 0, 1, 1, 1, 1, 1, 0, 1, 1, 0, 1, 1, 0]
Fitness: 1292.083738 	[10, 12, 7, 2, 13, 3, 8, 0, 4, 0, 1, 5, 0, 11, 15, 6, 14, 9, 0, 1, 1, 1, 1, 1, 0, 1, 1, 0, 0, 1, 0, 1, 1, 0]
Fitness: 1292.083738 	[1, 5, 0, 6, 14, 15, 0, 10, 12, 7, 2, 13, 3, 8, 0, 9, 4, 11, 0, 1, 0, 1, 1, 1, 0, 1, 1, 0, 1, 1, 1, 1, 0, 0]
Fitness: 1292.083738 	[1, 5, 0, 9, 4, 0, 15, 2, 3, 0, 11, 13, 10, 6, 12, 8, 14, 7, 0, 1, 0, 1, 1, 1, 0, 0, 1, 1, 1, 1, 0, 1, 1, 0]
Fitness: 1292.083738 	[1, 5, 0, 6, 11, 14, 0, 9, 4, 15, 0, 10, 12, 7, 2, 13, 3, 8, 0, 1, 0, 1, 1, 1, 0, 1, 1, 1, 1, 1, 0, 1, 0, 0]
Fitness: 1292.083738 	[1, 5, 0, 9, 4, 15, 0, 10, 12, 7, 2, 13, 3, 8, 0, 6, 11, 14, 0, 0, 0, 1, 1, 1, 0, 1, 1, 0, 1, 1, 1, 1, 1, 0]
Fitness: 1278.325493 	[11, 4, 14, 0, 6, 2, 0, 1, 5, 0, 3, 9, 10, 13, 12, 8, 7, 15, 0, 1, 0, 1, 0, 1, 1, 1, 1, 1, 1, 0, 1, 0, 1, 0]
Fitness: 1280.512293 	[1, 4, 0, 5, 11, 2, 12, 0, 3, 7, 15, 8, 9, 10, 0, 13, 6, 14, 0, 0, 0, 1, 1, 1, 0, 1, 1, 1, 1, 0, 1, 1, 1, 0]
Fitness: 1280.955092 	[1, 4, 11, 0, 6, 14, 13, 0, 5, 2, 0, 3, 7, 15, 8, 9, 10, 12, 0, 1, 1, 1, 1, 1, 0, 1, 1, 1, 0, 0, 1, 0, 1, 0]
Fitness: 1292.083738 	[1, 5, 0, 10, 12, 7, 2, 13, 3, 8, 15, 0, 6, 11, 14, 0, 9, 4, 0, 1, 1, 0, 1, 1, 0, 1, 1, 0, 1, 1, 0, 1, 1, 0]
Fitness: 1292.083738 	[6, 11, 14, 0, 9, 4, 0, 1, 7, 2, 3, 15, 0, 13, 10, 5, 12, 8, 0, 1, 0, 1, 1, 1, 0, 1, 1, 1, 1, 1, 0, 0, 1, 0]
Fitness: 1280.512293 	[1, 5, 0, 3, 7, 15, 8, 9, 10, 12, 0, 6, 14, 0, 2, 4, 11, 13, 0, 1, 1, 1, 1, 1, 0, 0, 1, 1, 1, 0, 1, 0, 1, 0]
Fitness: 1292.083738 	[1, 5, 0, 9, 4, 0, 6, 11, 14, 15, 2, 0, 10, 12, 7, 13, 3, 8, 0, 0, 0, 1, 1, 1, 1, 1, 1, 0, 1, 1, 0, 1, 1, 0]
Fitness: 1276.612504 	[1, 5, 3, 0, 6, 12, 7, 2, 11, 15, 8, 0, 4, 9, 14, 0, 10, 13, 0, 1, 0, 1, 0, 1, 0, 1, 1, 1, 1, 1, 0, 1, 1, 0]
Fitness: 1293.572184 	[6, 14, 13, 4, 0, 1, 0, 15, 7, 2, 3, 0, 11, 9, 10, 5, 12, 8, 0, 1, 0, 1, 1, 1, 0, 1, 1, 1, 1, 0, 1, 1, 0, 0]
Fitness: 1293.572184 	[6, 14, 13, 0, 1, 4, 0, 15, 7, 3, 0, 11, 9, 10, 5, 12, 8, 2, 0, 1, 0, 1, 1, 0, 1, 1, 1, 1, 1, 0, 1, 0, 1, 0]
Fitness: 1280.955092 	[1, 4, 0, 6, 14, 13, 0, 5, 11, 2, 3, 0, 7, 15, 8, 9, 10, 12, 0, 1, 1, 1, 0, 1, 0, 1, 1, 1, 1, 0, 1, 0, 1, 0]
Fitness: 1278.325493 	[11, 0, 6, 14, 2, 0, 1, 5, 4, 0, 3, 9, 10, 13, 12, 8, 7, 15, 0, 1, 0, 1, 1, 1, 1, 0, 1, 0, 1, 1, 0, 1, 1, 0]
Fitness: 1276.612504 	[1, 5, 3, 0, 6, 12, 7, 2, 11, 15, 8, 0, 4, 9, 14, 0, 10, 13, 0, 1, 1, 1, 1, 1, 0, 1, 0, 1, 1, 0, 0, 1, 1, 0]
Fitness: 1292.083738 	[1, 5, 0, 6, 11, 14, 15, 0, 10, 12, 7, 2, 13, 3, 8, 9, 0, 4, 0, 1, 0, 1, 1, 1, 0, 1, 1, 1, 0, 1, 0, 1, 1, 0]
Fitness: 1281.531716 	[1, 9, 0, 5, 6, 15, 14, 0, 10, 12, 7, 2, 13, 3, 8, 0, 11, 4, 0, 1, 0, 1, 1, 1, 1, 0, 1, 0, 1, 1, 0, 1, 1, 0]
Fitness: 1280.955092 	[1, 4, 0, 6, 14, 13, 0, 5, 11, 0, 3, 7, 15, 8, 9, 10, 12, 2, 0, 1, 0, 0, 1, 1, 0, 1, 1, 1, 1, 0, 1, 1, 1, 0]
Fitness: 1292.083738 	[1, 5, 0, 9, 4, 13, 0, 6, 11, 14, 15, 0, 10, 12, 7, 2, 3, 8, 0, 1, 0, 1, 1, 1, 0, 1, 1, 0, 0, 1, 1, 1, 1, 0]
Fitness: 1292.083738 	[1, 5, 6, 0, 10, 12, 7, 2, 13, 3, 8, 0, 11, 14, 15, 0, 9, 4, 0, 0, 1, 1, 1, 1, 0, 1, 1, 0, 1, 1, 0, 1, 1, 0]
Fitness: 1276.612504 	[4, 9, 14, 0, 6, 12, 7, 2, 11, 15, 8, 3, 0, 1, 5, 0, 10, 13, 0, 1, 1, 1, 1, 0, 0, 1, 0, 1, 1, 1, 0, 1, 1, 0]
Fitness: 1276.612504 	[1, 5, 0, 6, 12, 7, 11, 15, 8, 0, 4, 9, 14, 2, 0, 10, 3, 13, 0, 1, 0, 1, 1, 0, 0, 1, 0, 1, 1, 1, 1, 1, 1, 0]
Fitness: 1292.083738 	[1, 5, 0, 6, 14, 15, 0, 9, 4, 0, 10, 12, 7, 2, 13, 3, 8, 11, 0, 0, 0, 1, 1, 1, 1, 1, 1, 0, 1, 1, 0, 1, 1, 0]
Fitness: 1292.083738 	[1, 5, 9, 0, 10, 12, 7, 2, 13, 3, 8, 0, 6, 11, 14, 15, 0, 4, 0, 1, 0, 1, 0, 1, 0, 1, 1, 0, 1, 1, 1, 1, 1, 0]
Fitness: 1292.534895 	[11, 6, 0, 2, 4, 0, 1, 5, 15, 0, 3, 9, 10, 13, 12, 8, 7, 14, 0, 1, 0, 1, 1, 1, 0, 1, 0, 0, 1, 1, 1, 1, 1, 0]
Fitness: 1292.083738 	[1, 5, 0, 6, 11, 14, 15, 0, 10, 12, 7, 13, 3, 8, 0, 9, 4, 2, 0, 1, 1, 1, 1, 1, 0, 1, 1, 0, 1, 0, 0, 1, 1, 0]
Fitness: 1292.083738 	[1, 5, 4, 0, 9, 0, 10, 12, 7, 2, 13, 3, 8, 0, 6, 11, 14, 15, 0, 1, 0, 1, 1, 1, 0, 1, 1, 1, 1, 1, 0, 1, 0, 0]
Fitness: 1310.851899 	[6, 13, 0, 1, 4, 0, 5, 11, 2, 0, 3, 7, 15, 8, 9, 10, 12, 14, 0, 1, 0, 1, 1, 1, 1, 1, 1, 1, 0, 0, 1, 0, 1, 0]
Fitness: 1292.083738 	[1, 5, 0, 11, 14, 15, 0, 10, 12, 7, 2, 13, 3, 8, 0, 9, 4, 6, 0, 1, 0, 1, 1, 1, 1, 1, 1, 0, 1, 0, 0, 1, 1, 0]
Fitness: 1292.083738 	[1, 5, 0, 6, 11, 14, 15, 0, 10, 12, 2, 13, 3, 8, 0, 9, 4, 7, 0, 1, 0, 1, 1, 1, 1, 1, 1, 0, 1, 1, 0, 0, 1, 0]
Fitness: 1292.534895 	[1, 5, 0, 2, 4, 0, 6, 11, 14, 15, 8, 0, 3, 9, 10, 13, 12, 7, 0, 1, 1, 1, 1, 0, 0, 1, 1, 0, 1, 1, 0, 1, 1, 0]
Fitness: 1293.572184 	[6, 14, 13, 0, 1, 4, 10, 0, 15, 7, 2, 3, 0, 11, 9, 5, 12, 8, 0, 1, 1, 1, 1, 1, 0, 0, 1, 1, 1, 0, 1, 0, 1, 0]
Fitness: 1292.083738 	[1, 5, 0, 10, 12, 7, 2, 13, 3, 8, 4, 0, 6, 11, 14, 15, 0, 9, 0, 1, 1, 1, 1, 1, 0, 1, 1, 0, 1, 0, 0, 1, 1, 0]
Fitness: 1292.083738 	[1, 5, 11, 0, 10, 12, 7, 2, 13, 3, 8, 0, 6, 14, 15, 0, 9, 4, 0, 1, 0, 0, 1, 1, 0, 1, 1, 0, 1, 1, 1, 1, 1, 0]
Fitness: 1280.269179 	[1, 5, 0, 2, 0, 6, 11, 14, 15, 4, 0, 3, 9, 10, 13, 12, 8, 7, 0, 1, 0, 1, 1, 1, 1, 0, 1, 1, 1, 0, 1, 0, 1, 0]
Fitness: 1292.083738 	[1, 5, 0, 2, 3, 7, 8, 10, 12, 13, 0, 6, 11, 14, 15, 4, 0, 9, 0, 0, 1, 1, 1, 1, 0, 1, 1, 0, 1, 1, 0, 1, 1, 0]
Fitness: 1293.572184 	[6, 13, 0, 1, 4, 0, 11, 9, 10, 5, 12, 8, 14, 0, 15, 7, 2, 3, 0, 1, 0, 1, 1, 1, 0, 1, 1, 1, 1, 1, 1, 0, 0, 0]
Fitness: 1292.083738 	[1, 5, 0, 6, 11, 14, 15, 0, 9, 8, 10, 12, 13, 0, 2, 3, 4, 7, 0, 1, 0, 1, 1, 1, 0, 1, 1, 0, 1, 1, 0, 1, 1, 0]
Fitness: 1292.083738 	[10, 12, 7, 0, 6, 11, 14, 15, 0, 1, 4, 5, 9, 0, 2, 13, 3, 8, 0, 1, 0, 1, 1, 1, 0, 1, 1, 0, 1, 1, 0, 1, 1, 0]
Fitness: 1276.612504 	[6, 12, 7, 2, 11, 15, 8, 0, 1, 5, 0, 4, 9, 14, 0, 10, 3, 13, 0, 1, 0, 1, 1, 1, 0, 1, 0, 1, 1, 1, 0, 1, 1, 0]
Fitness: 1292.083738 	[1, 5, 0, 10, 12, 7, 2, 13, 3, 8, 0, 6, 11, 14, 15, 0, 9, 4, 0, 1, 0, 1, 1, 1, 0, 1, 1, 0, 1, 1, 0, 1, 1, 0]
Fitness: 1292.083738 	[6, 7, 8, 10, 11, 12, 13, 14, 15, 0, 9, 4, 0, 1, 5, 0, 2, 3, 0, 1, 0, 1, 1, 1, 0, 1, 1, 0, 1, 1, 0, 1, 1, 0]
Fitness: 1292.534895 	[3, 9, 10, 13, 12, 8, 7, 0, 2, 4, 0, 6, 11, 14, 15, 5, 0, 1, 0, 1, 0, 0, 1, 1, 1, 1, 1, 0, 1, 1, 0, 1, 1, 0]
Fitness: 1292.083738 	[1, 5, 0, 9, 4, 0, 10, 12, 7, 2, 13, 3, 8, 0, 6, 11, 14, 15, 0, 1, 0, 1, 1, 1, 0, 1, 1, 0, 1, 1, 0, 1, 1, 0]
Fitness: 1292.083738 	[1, 5, 0, 4, 0, 10, 12, 7, 2, 13, 3, 8, 0, 11, 15, 6, 14, 9, 0, 1, 1, 1, 1, 1, 0, 1, 1, 0, 0, 1, 0, 1, 1, 0]
Fitness: 1280.955092 	[1, 4, 0, 5, 11, 2, 0, 6, 14, 13, 0, 3, 7, 15, 8, 9, 10, 12, 0, 1, 0, 1, 1, 1, 0, 1, 1, 1, 1, 0, 1, 0, 1, 0]
Fitness: 1310.851899 	[3, 7, 15, 8, 9, 10, 12, 0, 1, 4, 0, 6, 14, 13, 0, 5, 11, 2, 0, 1, 0, 1, 1, 1, 0, 1, 1, 0, 1, 1, 0, 1, 1, 0]
Fitness: 1292.083738 	[1, 5, 0, 6, 11, 14, 15, 0, 9, 4, 2, 0, 10, 12, 7, 13, 3, 8, 0, 1, 1, 1, 1, 1, 0, 1, 1, 0, 1, 0, 0, 1, 1, 0]
Fitness: 1292.083738 	[6, 11, 14, 15, 0, 9, 4, 0, 10, 12, 7, 2, 13, 3, 8, 0, 1, 5, 0, 1, 0, 1, 1, 1, 0, 1, 1, 0, 1, 1, 0, 1, 1, 0]
Fitness: 1294.558360 	[9, 5, 0, 10, 12, 7, 2, 13, 3, 8, 0, 6, 11, 14, 15, 0, 1, 4, 0, 1, 0, 1, 1, 1, 0, 1, 1, 0, 1, 1, 0, 1, 1, 0]
Fitness: 1292.083738 	[9, 4, 0, 10, 12, 7, 2, 13, 3, 8, 0, 1, 5, 0, 6, 11, 14, 15, 0, 1, 0, 1, 1, 1, 0, 1, 1, 0, 1, 1, 0, 1, 1, 0]
Fitness: 1278.325493 	[11, 4, 14, 0, 6, 2, 0, 3, 9, 10, 13, 12, 8, 7, 15, 0, 1, 5, 0, 1, 0, 1, 0, 1, 1, 1, 1, 1, 1, 0, 1, 0, 1, 0]
Fitness: 1292.083738 	[1, 5, 0, 6, 11, 14, 15, 4, 0, 2, 3, 7, 8, 10, 12, 13, 0, 9, 0, 0, 1, 1, 1, 1, 0, 1, 1, 0, 1, 1, 0, 1, 1, 0]
Fitness: 1293.572184 	[1, 4, 5, 0, 6, 14, 13, 0, 15, 7, 2, 3, 0, 11, 9, 10, 12, 8, 0, 1, 0, 1, 1, 0, 0, 1, 1, 1, 1, 0, 1, 1, 1, 0]
Fitness: 1281.531716 	[10, 12, 7, 2, 13, 3, 8, 0, 5, 6, 15, 14, 0, 1, 0, 9, 11, 4, 0, 1, 0, 1, 1, 1, 0, 1, 1, 0, 1, 1, 0, 1, 1, 0]
Fitness: 1292.083738 	[1, 5, 0, 9, 4, 0, 10, 12, 7, 2, 13, 3, 8, 0, 11, 15, 6, 14, 0, 1, 0, 1, 1, 1, 0, 1, 1, 0, 1, 1, 0, 1, 1, 0]
Fitness: 1280.955092 	[3, 7, 15, 8, 9, 10, 12, 0, 6, 14, 13, 0, 5, 11, 2, 0, 1, 4, 0, 1, 0, 1, 1, 1, 0, 1, 1, 1, 1, 0, 1, 0, 1, 0]
Fitness: 1280.512293 	[1, 4, 0, 5, 11, 2, 12, 0, 13, 6, 14, 0, 3, 7, 15, 8, 9, 10, 0, 0, 0, 1, 1, 1, 0, 1, 1, 1, 1, 0, 1, 1, 1, 0]
Fitness: 1292.083738 	[6, 11, 14, 0, 1, 5, 15, 0, 9, 4, 0, 10, 12, 7, 2, 13, 3, 8, 0, 1, 0, 1, 1, 1, 0, 1, 0, 0, 1, 1, 1, 1, 1, 0]
Fitness: 1281.804109 	[1, 5, 0, 4, 9, 0, 6, 12, 7, 2, 11, 15, 8, 0, 10, 3, 13, 14, 0, 1, 0, 1, 1, 1, 0, 1, 1, 0, 1, 1, 0, 1, 1, 0]
Fitness: 1276.612504 	[6, 12, 7, 2, 11, 15, 8, 0, 1, 5, 0, 4, 9, 14, 0, 10, 3, 13, 0, 1, 0, 1, 1, 1, 0, 1, 0, 1, 1, 1, 0, 1, 1, 0]
Fitness: 1293.572184 	[6, 14, 13, 0, 1, 4, 0, 11, 9, 10, 5, 12, 8, 2, 0, 15, 7, 3, 0, 1, 0, 1, 1, 0, 1, 1, 1, 1, 1, 0, 1, 0, 1, 0]
Fitness: 1292.083738 	[1, 5, 0, 10, 12, 7, 2, 13, 3, 8, 0, 9, 4, 0, 6, 11, 14, 15, 0, 1, 0, 1, 1, 1, 0, 1, 1, 0, 1, 1, 0, 1, 1, 0]
Fitness: 1278.325493 	[1, 5, 4, 0, 6, 14, 2, 0, 11, 0, 3, 9, 10, 13, 12, 8, 7, 15, 0, 1, 0, 1, 1, 1, 1, 0, 1, 0, 1, 1, 0, 1, 1, 0]
Fitness: 1292.083738 	[1, 5, 0, 10, 12, 7, 2, 13, 3, 8, 0, 9, 4, 0, 6, 11, 14, 15, 0, 1, 0, 1, 1, 1, 0, 1, 1, 0, 1, 1, 0, 1, 1, 0]
Fitness: 1292.083738 	[1, 5, 0, 10, 12, 7, 2, 13, 3, 8, 0, 9, 4, 0, 6, 11, 14, 15, 0, 1, 0, 1, 1, 1, 0, 1, 1, 0, 1, 1, 0, 1, 1, 0]
Fitness: 1293.572184 	[6, 14, 13, 0, 11, 9, 10, 5, 12, 8, 0, 15, 7, 2, 3, 0, 1, 4, 0, 1, 0, 1, 1, 1, 0, 1, 1, 1, 1, 0, 1, 0, 1, 0]
Fitness: 1293.572184 	[6, 14, 13, 0, 15, 7, 2, 3, 0, 1, 4, 0, 11, 9, 10, 5, 12, 8, 0, 1, 0, 1, 1, 1, 0, 1, 1, 1, 1, 0, 1, 0, 1, 0]
Fitness: 1292.083738 	[1, 5, 0, 9, 4, 0, 10, 12, 7, 2, 13, 3, 8, 0, 6, 11, 14, 15, 0, 1, 0, 1, 1, 1, 0, 1, 1, 0, 1, 1, 0, 1, 1, 0]
Fitness: 1292.083738 	[9, 4, 0, 6, 11, 14, 15, 0, 10, 12, 7, 2, 13, 3, 8, 0, 1, 5, 0, 1, 0, 1, 1, 1, 0, 1, 1, 0, 1, 1, 0, 1, 1, 0]
Fitness: 1281.531716 	[9, 11, 4, 0, 5, 6, 15, 14, 0, 10, 12, 7, 2, 13, 3, 8, 0, 1, 0, 1, 0, 1, 1, 1, 0, 1, 1, 0, 1, 1, 0, 1, 1, 0]
Fitness: 1292.083738 	[1, 5, 0, 9, 4, 0, 10, 12, 7, 2, 13, 3, 8, 0, 6, 11, 14, 15, 0, 1, 0, 1, 1, 1, 0, 1, 1, 0, 1, 1, 0, 1, 1, 0]
Fitness: 1276.612504 	[1, 5, 0, 4, 9, 14, 0, 6, 12, 7, 2, 11, 15, 8, 0, 10, 3, 13, 0, 1, 0, 1, 1, 1, 0, 1, 0, 1, 1, 1, 0, 1, 1, 0]
Fitness: 1280.955092 	[6, 14, 13, 0, 1, 4, 0, 5, 11, 0, 3, 7, 15, 8, 9, 10, 12, 2, 0, 1, 0, 0, 1, 1, 0, 1, 1, 1, 1, 0, 1, 1, 1, 0]
Fitness: 1276.612504 	[4, 9, 14, 0, 6, 12, 7, 2, 11, 15, 8, 0, 1, 5, 0, 10, 3, 13, 0, 1, 0, 1, 1, 1, 0, 1, 0, 1, 1, 1, 0, 1, 1, 0]
Fitness: 1292.083738 	[10, 12, 7, 2, 13, 3, 8, 0, 1, 5, 0, 6, 11, 14, 15, 0, 9, 4, 0, 1, 0, 1, 1, 1, 0, 1, 1, 0, 1, 1, 0, 1, 1, 0]
Fitness: 1292.083738 	[1, 5, 0, 9, 4, 7, 0, 10, 12, 2, 13, 3, 8, 0, 6, 11, 14, 15, 0, 1, 0, 1, 1, 1, 1, 1, 1, 0, 1, 1, 0, 0, 1, 0]
Fitness: 1280.955092 	[1, 4, 0, 5, 11, 2, 0, 6, 14, 13, 0, 3, 7, 15, 8, 9, 10, 12, 0, 1, 0, 1, 1, 1, 0, 1, 1, 1, 1, 0, 1, 0, 1, 0]
Fitness: 1292.083738 	[10, 7, 2, 13, 3, 8, 0, 6, 11, 14, 15, 0, 1, 5, 0, 9, 4, 12, 0, 1, 0, 1, 1, 1, 0, 1, 1, 1, 1, 1, 0, 0, 1, 0]
Fitness: 1292.083738 	[1, 5, 0, 9, 0, 6, 11, 14, 15, 0, 10, 12, 7, 2, 13, 3, 8, 4, 0, 1, 1, 1, 1, 1, 0, 1, 1, 0, 1, 0, 0, 1, 1, 0]
Fitness: 1292.083738 	[9, 4, 0, 6, 11, 14, 15, 3, 0, 10, 12, 7, 2, 13, 8, 0, 1, 5, 0, 1, 0, 1, 1, 1, 1, 0, 1, 0, 1, 1, 0, 1, 1, 0]
Fitness: 1292.083738 	[6, 11, 14, 15, 0, 9, 4, 0, 1, 5, 0, 10, 12, 7, 2, 13, 3, 8, 0, 1, 0, 1, 1, 1, 0, 1, 1, 0, 1, 1, 0, 1, 1, 0]
Fitness: 1292.083738 	[6, 11, 14, 15, 0, 10, 12, 7, 2, 13, 3, 8, 0, 1, 5, 0, 9, 4, 0, 1, 0, 1, 1, 1, 0, 1, 1, 0, 1, 1, 0, 1, 1, 0]
Fitness: 1292.083738 	[1, 5, 0, 6, 11, 14, 15, 0, 9, 4, 0, 10, 12, 7, 2, 13, 3, 8, 0, 1, 0, 1, 1, 1, 0, 1, 1, 0, 1, 1, 0, 1, 1, 0]
Fitness: 1292.083738 	[11, 14, 15, 0, 1, 5, 0, 10, 12, 7, 2, 13, 3, 8, 0, 9, 4, 6, 0, 1, 0, 1, 1, 1, 1, 1, 1, 0, 1, 0, 0, 1, 1, 0]
Fitness: 1292.083738 	[6, 11, 14, 15, 0, 1, 5, 0, 10, 12, 7, 2, 13, 3, 8, 0, 9, 4, 0, 1, 0, 1, 1, 1, 0, 1, 1, 0, 1, 1, 0, 1, 1, 0]
Fitness: 1280.512293 	[1, 4, 0, 6, 14, 13, 0, 3, 7, 15, 8, 9, 10, 12, 0, 2, 11, 5, 0, 1, 0, 1, 1, 1, 0, 1, 1, 1, 1, 0, 1, 0, 1, 0]
Time: 0.49441