Fitness: 1328.085541 	[1, 5, 0, 6, 11, 14, 15, 0, 10, 12, 7, 2, 13, 3, 8, 0, 9, 4, 0, 1, 0, 1, 1, 1, 0, 1, 1, 0, 1, 0, 1, 1, 1, 0]
Fitness: 1321.161502 	[1, 5, 0, 9, 4, 0, 13, 11, 2, 0, 3, 7, 15, 8, 6, 10, 12, 14, 0, 1, 0, 1, 1, 1, 0, 1, 1, 0, 1, 1, 0, 1, 1, 0]
Fitness: 1321.161502 	[1, 5, 0, 9, 4, 0, 13, 11, 2, 0, 3, 7, 15, 8, 6, 10, 12, 14, 0, 1, 0, 1, 1, 1, 0, 1, 1, 0, 1, 1, 0, 1, 1, 0]
Fitness: 1317.375545 	[1, 5, 0, 6, 11, 14, 15, 13, 0, 9, 4, 0, 10, 12, 7, 2, 3, 8, 0, 1, 0, 1, 1, 1, 0, 1, 1, 0, 1, 1, 1, 0, 1, 0]
Fitness: 1310.851899 	[6, 14, 13, 0, 1, 4, 0, 3, 7, 15, 8, 9, 10, 12, 0, 5, 11, 2, 0, 1, 0, 1, 1, 1, 0, 1, 1, 1, 1, 0, 1, 0, 1, 0]
Fitness: 1310.851899 	[6, 14, 13, 0, 1, 4, 0, 5, 11, 2, 0, 3, 7, 15, 8, 9, 10, 12, 0, 1, 0, 1, 1, 1, 0, 1, 1, 1, 1, 0, 1, 0, 1, 0]
Fitness: 1310.851899 	[6, 14, 13, 0, 1, 4, 0, 5, 11, 2, 0, 3, 7, 15, 8, 9, 10, 12, 0, 1, 0, 1, 1, 1, 0, 1, 1, 1, 1, 0, 1, 0, 1, 0]
Fitness: 1310.851899 	[6, 14, 13, 0, 1, 4, 0, 5, 11, 2, 0, 3, 7, 15, 8, 9, 10, 12, 0, 1, 0, 1, 1, 1, 0, 1, 1, 1, 1, 0, 1, 0, 1, 0]
Fitness: 1301.796843 	[5, 0, 10, 12, 7, 2, 13, 3, 8, 0, 9, 4, 1, 0, 11, 15, 6, 14, 0, 1, 0, 1, 1, 1, 0, 1, 0, 1, 1, 1, 0, 1, 1, 0]
Fitness: 1297.710768 	[9, 4, 0, 1, 5, 0, 13, 11, 2, 0, 3, 7, 15, 8, 6, 10, 12, 14, 0, 1, 0, 1, 1, 1, 0, 1, 1, 0, 1, 1, 0, 1, 1, 0]
Fitness: 1295.009585 	[1, 4, 0, 6, 11, 14, 15, 0, 3, 9, 10, 13, 12, 8, 7, 0, 2, 5, 0, 1, 0, 1, 1, 1, 0, 1, 1, 0, 1, 1, 0, 1, 1, 0]
Fitness: 1295.009585 	[1, 4, 0, 6, 11, 14, 15, 0, 3, 9, 10, 13, 12, 8, 7, 0, 2, 5, 0, 1, 0, 1, 1, 1, 0, 1, 1, 0, 1, 1, 0, 1, 1, 0]
Fitness: 1295.009585 	[1, 4, 0, 6, 11, 14, 15, 0, 3, 9, 10, 13, 12, 8, 7, 0, 2, 5, 0, 1, 0, 1, 1, 1, 0, 1, 1, 0, 1, 1, 0, 1, 1, 0]
Fitness: 1294.558360 	[1, 4, 0, 6, 11, 14, 15, 0, 10, 12, 7, 2, 13, 3, 8, 0, 9, 5, 0, 1, 0, 1, 1, 1, 0, 1, 1, 0, 1, 1, 0, 1, 1, 0]
Fitness: 1294.558360 	[1, 4, 0, 6, 11, 14, 15, 0, 10, 12, 7, 2, 13, 3, 8, 0, 9, 5, 0, 1, 0, 1, 1, 1, 0, 1, 1, 0, 1, 1, 0, 1, 1, 0]
Fitness: 1294.558360 	[1, 4, 0, 6, 11, 14, 15, 0, 10, 12, 7, 2, 13, 3, 8, 0, 9, 5, 0, 1, 0, 1, 1, 1, 0, 1, 1, 0, 1, 1, 0, 1, 1, 0]
Fitness: 1294.558360 	[1, 4, 0, 10, 12, 7, 2, 13, 3, 8, 0, 6, 11, 14, 15, 0, 9, 5, 0, 1, 0, 1, 1, 1, 0, 1, 1, 0, 1, 1, 0, 1, 1, 0]
Fitness: 1294.558360 	[1, 4, 0, 10, 12, 7, 2, 13, 3, 8, 0, 6, 11, 14, 15, 0, 9, 5, 0, 1, 0, 1, 1, 1, 0, 1, 1, 0, 1, 1, 0, 1, 1, 0]
Fitness: 1294.558360 	[1, 4, 0, 10, 12, 7, 2, 13, 3, 8, 0, 6, 11, 14, 15, 0, 9, 5, 0, 1, 0, 1, 1, 1, 0, 1, 1, 0, 1, 1, 0, 1, 1, 0]
Fitness: 1294.558360 	[1, 4, 0, 10, 12, 7, 2, 13, 3, 8, 0, 6, 11, 14, 15, 0, 9, 5, 0, 1, 0, 1, 1, 1, 0, 1, 1, 0, 1, 1, 0, 1, 1, 0]
Fitness: 1294.558360 	[1, 4, 0, 10, 12, 7, 2, 13, 3, 8, 0, 6, 11, 14, 15, 0, 9, 5, 0, 1, 0, 1, 1, 1, 0, 1, 1, 0, 1, 1, 0, 1, 1, 0]
Fitness: 1294.558360 	[1, 4, 0, 10, 12, 7, 2, 13, 3, 8, 0, 6, 11, 14, 15, 0, 9, 5, 0, 1, 0, 1, 1, 1, 0, 1, 1, 0, 1, 1, 0, 1, 1, 0]
Fitness: 1294.558360 	[1, 4, 0, 10, 12, 7, 2, 13, 3, 8, 0, 6, 11, 14, 15, 0, 9, 5, 0, 1, 0, 1, 1, 1, 0, 1, 1, 0, 1, 1, 0, 1, 1, 0]
Fitness: 1294.558360 	[1, 4, 0, 10, 12, 7, 2, 13, 3, 8, 0, 6, 11, 14, 15, 0, 9, 5, 0, 1, 0, 1, 1, 1, 0, 1, 1, 0, 1, 1, 0, 1, 1, 0]
Fitness: 1293.572184 	[6, 14, 13, 0, 1, 4, 0, 15, 7, 2, 3, 0, 11, 9, 10, 5, 12, 8, 0, 1, 0, 1, 1, 1, 0, 1, 1, 1, 1, 0, 1, 0, 1, 0]
Fitness: 1293.572184 	[6, 14, 13, 0, 1, 4, 0, 15, 7, 2, 3, 0, 11, 9, 10, 5, 12, 8, 0, 1, 0, 1, 1, 1, 0, 1, 1, 1, 1, 0, 1, 0, 1, 0]
Fitness: 1293.572184 	[6, 14, 13, 0, 1, 4, 0, 15, 7, 2, 3, 0, 11, 9, 10, 5, 12, 8, 0, 1, 0, 1, 1, 1, 0, 1, 1, 1, 1, 0, 1, 0, 1, 0]
Fitness: 1293.572184 	[6, 14, 13, 0, 1, 4, 0, 15, 7, 2, 3, 0, 11, 9, 10, 5, 12, 8, 0, 1, 0, 1, 1, 1, 0, 1, 1, 1, 1, 0, 1, 0, 1, 0]
Fitness: 1293.572184 	[6, 14, 13, 0, 1, 4, 0, 15, 7, 2, 3, 0, 11, 9, 10, 5, 12, 8, 0, 1, 0, 1, 1, 1, 0, 1, 1, 1, 1, 0, 1, 0, 1, 0]
Fitness: 1293.572184 	[6, 14, 13, 0, 1, 4, 0, 15, 7, 2, 3, 0, 11, 9, 10, 5, 12, 8, 0, 1, 0, 1, 1, 1, 0, 1, 1, 1, 1, 0, 1, 0, 1, 0]
Fitness: 1293.572184 	[6, 14, 13, 0, 1, 4, 0, 11, 9, 10, 5, 12, 8, 0, 15, 7, 2, 3, 0, 1, 0, 1, 1, 1, 0, 1, 1, 1, 1, 0, 1, 0, 1, 0]
Fitness: 1293.572184 	[6, 14, 13, 0, 1, 4, 0, 15, 7, 2, 3, 0, 11, 9, 10, 5, 12, 8, 0, 1, 0, 1, 1, 1, 0, 1, 1, 1, 1, 0, 1, 0, 1, 0]
Fitness: 1293.572184 	[6, 14, 13, 0, 1, 4, 0, 15, 7, 2, 3, 0, 11, 9, 10, 5, 12, 8, 0, 1, 0, 1, 1, 1, 0, 1, 1, 1, 1, 0, 1, 0, 1, 0]
Fitness: 1293.572184 	[6, 14, 13, 0, 1, 4, 0, 15, 7, 2, 3, 0, 11, 9, 10, 5, 12, 8, 0, 1, 0, 1, 1, 1, 0, 1, 1, 1, 1, 0, 1, 0, 1, 0]
Fitness: 1293.572184 	[6, 14, 13, 0, 1, 4, 0, 15, 7, 2, 3, 0, 11, 9, 10, 5, 12, 8, 0, 1, 0, 1, 1, 1, 0, 1, 1, 1, 1, 0, 1, 0, 1, 0]
Fitness: 1293.572184 	[6, 14, 13, 0, 1, 4, 0, 15, 7, 2, 3, 0, 11, 9, 10, 5, 12, 8, 0, 1, 0, 1, 1, 1, 0, 1, 1, 1, 1, 0, 1, 0, 1, 0]
Fitness: 1293.572184 	[6, 14, 13, 0, 1, 4, 0, 15, 7, 2, 3, 0, 11, 9, 10, 5, 12, 8, 0, 1, 0, 1, 1, 1, 0, 1, 1, 1, 1, 0, 1, 0, 1, 0]
Fitness: 1293.572184 	[6, 14, 13, 0, 1, 4, 0, 15, 7, 2, 3, 0, 11, 9, 10, 5, 12, 8, 0, 1, 0, 1, 1, 1, 0, 1, 1, 1, 1, 0, 1, 0, 1, 0]
Fitness: 1293.572184 	[6, 14, 13, 0, 1, 4, 0, 15, 7, 2, 3, 0, 11, 9, 10, 5, 12, 8, 0, 1, 0, 1, 1, 1, 0, 1, 1, 1, 1, 0, 1, 0, 1, 0]
Fitness: 1293.572184 	[6, 14, 13, 0, 1, 4, 0, 15, 7, 2, 3, 0, 11, 9, 10, 5, 12, 8, 0, 1, 0, 1, 1, 1, 0, 1, 1, 1, 1, 0, 1, 0, 1, 0]
Fitness: 1293.572184 	[6, 14, 13, 0, 1, 4, 0, 15, 7, 2, 3, 0, 11, 9, 10, 5, 12, 8, 0, 1, 0, 1, 1, 1, 0, 1, 1, 1, 1, 0, 1, 0, 1, 0]
Fitness: 1293.572184 	[6, 14, 13, 0, 1, 4, 0, 15, 7, 2, 3, 0, 11, 9, 10, 5, 12, 8, 0, 1, 0, 1, 1, 1, 0, 1, 1, 1, 1, 0, 1, 0, 1, 0]
Fitness: 1293.572184 	[6, 14, 13, 0, 1, 4, 0, 11, 9, 10, 5, 12, 8, 0, 15, 7, 2, 3, 0, 1, 0, 1, 1, 1, 0, 1, 1, 1, 1, 0, 1, 0, 1, 0]
Fitness: 1293.572184 	[6, 14, 13, 0, 1, 4, 0, 11, 9, 10, 5, 12, 8, 0, 15, 7, 2, 3, 0, 1, 0, 1, 1, 1, 0, 1, 1, 1, 1, 0, 1, 0, 1, 0]
Fitness: 1293.572184 	[6, 14, 13, 0, 1, 4, 0, 11, 9, 10, 5, 12, 8, 0, 15, 7, 2, 3, 0, 1, 0, 1, 1, 1, 0, 1, 1, 1, 1, 0, 1, 0, 1, 0]
Fitness: 1293.572184 	[6, 14, 13, 0, 1, 4, 0, 15, 7, 2, 3, 0, 11, 9, 10, 5, 12, 8, 0, 1, 0, 1, 1, 1, 0, 1, 1, 1, 1, 0, 1, 0, 1, 0]
Fitness: 1293.572184 	[6, 14, 13, 0, 1, 4, 0, 15, 7, 2, 3, 0, 11, 9, 10, 5, 12, 8, 0, 1, 0, 1, 1, 1, 0, 1, 1, 1, 1, 0, 1, 0, 1, 0]
Fitness: 1293.572184 	[6, 14, 13, 0, 1, 4, 0, 15, 7, 2, 3, 0, 11, 9, 10, 5, 12, 8, 0, 1, 0, 1, 1, 1, 0, 1, 1, 1, 1, 0, 1, 0, 1, 0]
Fitness: 1293.572184 	[6, 14, 13, 0, 1, 4, 0, 15, 7, 2, 3, 0, 11, 9, 10, 5, 12, 8, 0, 1, 0, 1, 1, 1, 0, 1, 1, 1, 1, 0, 1, 0, 1, 0]
Fitness: 1293.572184 	[6, 14, 13, 0, 1, 4, 0, 15, 7, 2, 3, 0, 11, 9, 10, 5, 12, 8, 0, 1, 0, 1, 1, 1, 0, 1, 1, 1, 1, 0, 1, 0, 1, 0]
Fitness: 1293.572184 	[6, 14, 13, 0, 1, 4, 0, 15, 7, 2, 3, 0, 11, 9, 10, 5, 12, 8, 0, 1, 0, 1, 1, 1, 0, 1, 1, 1, 1, 0, 1, 0, 1, 0]
Fitness: 1292.534895 	[1, 5, 0, 6, 11, 14, 15, 0, 2, 4, 0, 3, 9, 10, 13, 12, 8, 7, 0, 1, 0, 1, 1, 1, 0, 1, 1, 0, 1, 1, 0, 1, 1, 0]
Fitness: 1292.534895 	[1, 5, 0, 6, 11, 14, 15, 0, 2, 4, 0, 3, 9, 10, 13, 12, 8, 7, 0, 1, 0, 1, 1, 1, 0, 1, 1, 0, 1, 1, 0, 1, 1, 0]
Fitness: 1292.534895 	[1, 5, 0, 6, 11, 14, 15, 0, 2, 4, 0, 3, 9, 10, 13, 12, 8, 7, 0, 1, 0, 1, 1, 1, 0, 1, 1, 0, 1, 1, 0, 1, 1, 0]
Fitness: 1292.534895 	[1, 5, 0, 2, 4, 0, 6, 11, 14, 15, 0, 3, 9, 10, 13, 12, 8, 7, 0, 1, 0, 1, 1, 1, 0, 1, 1, 0, 1, 1, 0, 1, 1, 0]
Fitness: 1292.534895 	[1, 5, 0, 2, 4, 0, 6, 11, 14, 15, 0, 3, 9, 10, 13, 12, 8, 7, 0, 1, 0, 1, 1, 1, 0, 1, 1, 0, 1, 1, 0, 1, 1, 0]
Fitness: 1292.534895 	[1, 5, 0, 2, 4, 0, 6, 11, 14, 15, 0, 3, 9, 10, 13, 12, 8, 7, 0, 1, 0, 1, 1, 1, 0, 1, 1, 0, 1, 1, 0, 1, 1, 0]
Fitness: 1292.534895 	[1, 5, 0, 2, 4, 0, 6, 11, 14, 15, 0, 3, 9, 10, 13, 12, 8, 7, 0, 1, 0, 1, 1, 1, 0, 1, 1, 0, 1, 1, 0, 1, 1, 0]
Fitness: 1292.534895 	[1, 5, 0, 2, 4, 0, 6, 11, 14, 15, 0, 3, 9, 10, 13, 12, 8, 7, 0, 1, 0, 1, 1, 1, 0, 1, 1, 0, 1, 1, 0, 1, 1, 0]
Fitness: 1292.534895 	[1, 5, 0, 2, 4, 0, 6, 11, 14, 15, 0, 3, 9, 10, 13, 12, 8, 7, 0, 1, 0, 1, 1, 1, 0, 1, 1, 0, 1, 1, 0, 1, 1, 0]
Fitness: 1292.534895 	[1, 5, 0, 2, 4, 0, 6, 11, 14, 15, 0, 3, 9, 10, 13, 12, 8, 7, 0, 1, 0, 1, 1, 1, 0, 1, 1, 0, 1, 1, 0, 1, 1, 0]
Fitness: 1292.534895 	[1, 5, 0, 2, 4, 0, 6, 11, 14, 15, 0, 3, 9, 10, 13, 12, 8, 7, 0, 1, 0, 1, 1, 1, 0, 1, 1, 0, 1, 1, 0, 1, 1, 0]
Fitness: 1292.534895 	[1, 5, 0, 2, 4, 0, 6, 11, 14, 15, 0, 3, 9, 10, 13, 12, 8, 7, 0, 1, 0, 1, 1, 1, 0, 1, 1, 0, 1, 1, 0, 1, 1, 0]
Fitness: 1292.534895 	[1, 5, 0, 2, 4, 0, 6, 11, 14, 15, 0, 3, 9, 10, 13, 12, 8, 7, 0, 1, 0, 1, 1, 1, 0, 1, 1, 0, 1, 1, 0, 1, 1, 0]
Fitness: 1292.083738 	[1, 5, 0, 6, 11, 14, 15, 0, 10, 12, 7, 2, 13, 3, 8, 0, 9, 4, 0, 1, 0, 1, 1, 1, 0, 1, 1, 0, 1, 1, 0, 1, 1, 0]
Fitness: 1292.083738 	[1, 5, 0, 6, 11, 14, 15, 0, 10, 12, 7, 2, 13, 3, 8, 0, 9, 4, 0, 1, 0, 1, 1, 1, 0, 1, 1, 0, 1, 1, 0, 1, 1, 0]
Fitness: 1292.083738 	[1, 5, 0, 6, 11, 14, 15, 0, 10, 12, 7, 2, 13, 3, 8, 0, 9, 4, 0, 1, 0, 1, 1, 1, 0, 1, 1, 0, 1, 1, 0, 1, 1, 0]
Fitness: 1292.083738 	[1, 5, 0, 6, 11, 14, 15, 0, 9, 4, 0, 10, 12, 7, 2, 13, 3, 8, 0, 1, 0, 1, 1, 1, 0, 1, 1, 0, 1, 1, 0, 1, 1, 0]
Fitness: 1292.083738 	[1, 5, 0, 6, 11, 14, 15, 0, 9, 4, 0, 10, 12, 7, 2, 13, 3, 8, 0, 1, 0, 1, 1, 1, 0, 1, 1, 0, 1, 1, 0, 1, 1, 0]
Fitness: 1292.083738 	[1, 5, 0, 6, 11, 14, 15, 0, 10, 12, 7, 2, 13, 3, 8, 0, 9, 4, 0, 1, 0, 1, 1, 1, 0, 1, 1, 0, 1, 1, 0, 1, 1, 0]
Fitness: 1292.083738 	[1, 5, 0, 6, 11, 14, 15, 0, 10, 12, 7, 2, 13, 3, 8, 0, 9, 4, 0, 1, 0, 1, 1, 1, 0, 1, 1, 0, 1, 1, 0, 1, 1, 0]
Fitness: 1292.083738 	[1, 5, 0, 6, 11, 14, 15, 0, 10, 12, 7, 2, 13, 3, 8, 0, 9, 4, 0, 1, 0, 1, 1, 1, 0, 1, 1, 0, 1, 1, 0, 1, 1, 0]
Fitness: 1292.083738 	[1, 5, 0, 6, 11, 14, 15, 0, 9, 4, 0, 10, 12, 7, 2, 13, 3, 8, 0, 1, 0, 1, 1, 1, 0, 1, 1, 0, 1, 1, 0, 1, 1, 0]
Fitness: 1292.083738 	[1, 5, 0, 6, 11, 14, 15, 0, 10, 12, 7, 2, 13, 3, 8, 0, 9, 4, 0, 1, 0, 1, 1, 1, 0, 1, 1, 0, 1, 1, 0, 1, 1, 0]
Fitness: 1292.083738 	[1, 5, 0, 6, 11, 14, 15, 0, 9, 4, 0, 10, 12, 7, 2, 13, 3, 8, 0, 1, 0, 1, 1, 1, 0, 1, 1, 0, 1, 1, 0, 1, 1, 0]
Fitness: 1292.083738 	[1, 5, 0, 6, 11, 14, 15, 0, 10, 12, 7, 2, 13, 3, 8, 0, 9, 4, 0, 1, 0, 1, 1, 1, 0, 1, 1, 0, 1, 1, 0, 1, 1, 0]
Fitness: 1292.083738 	[1, 5, 0, 6, 11, 14, 15, 0, 10, 12, 7, 2, 13, 3, 8, 0, 9, 4, 0, 1, 0, 1, 1, 1, 0, 1, 1, 0, 1, 1, 0, 1, 1, 0]
Fitness: 1292.083738 	[1, 5, 0, 6, 11, 14, 15, 0, 10, 12, 7, 2, 13, 3, 8, 0, 9, 4, 0, 1, 0, 1, 1, 1, 0, 1, 1, 0, 1, 1, 0, 1, 1, 0]
Fitness: 1292.083738 	[1, 5, 0, 6, 11, 14, 15, 0, 10, 12, 7, 2, 13, 3, 8, 0, 9, 4, 0, 1, 0, 1, 1, 1, 0, 1, 1, 0, 1, 1, 0, 1, 1, 0]
Fitness: 1292.083738 	[1, 5, 0, 6, 11, 14, 15, 0, 10, 12, 7, 2, 13, 3, 8, 0, 9, 4, 0, 1, 0, 1, 1, 1, 0, 1, 1, 0, 1, 1, 0, 1, 1, 0]
Fitness: 1292.083738 	[1, 5, 0, 6, 11, 14, 15, 0, 10, 12, 7, 2, 13, 3, 8, 0, 9, 4, 0, 1, 0, 1, 1, 1, 0, 1, 1, 0, 1, 1, 0, 1, 1, 0]
Fitness: 1292.083738 	[1, 5, 0, 6, 11, 14, 15, 0, 9, 4, 0, 10, 12, 7, 2, 13, 3, 8, 0, 1, 0, 1, 1, 1, 0, 1, 1, 0, 1, 1, 0, 1, 1, 0]
Fitness: 1292.083738 	[1, 5, 0, 6, 11, 14, 15, 0, 10, 12, 7, 2, 13, 3, 8, 0, 9, 4, 0, 1, 0, 1, 1, 1, 0, 1, 1, 0, 1, 1, 0, 1, 1, 0]
Fitness: 1292.083738 	[1, 5, 0, 6, 11, 14, 15, 0, 10, 12, 7, 2, 13, 3, 8, 0, 9, 4, 0, 1, 0, 1, 1, 1, 0, 1, 1, 0, 1, 1, 0, 1, 1, 0]
Fitness: 1292.083738 	[1, 5, 0, 6, 11, 14, 15, 0, 9, 4, 0, 10, 12, 7, 2, 13, 3, 8, 0, 1, 0, 1, 1, 1, 0, 1, 1, 0, 1, 1, 0, 1, 1, 0]
Fitness: 1292.083738 	[1, 5, 0, 6, 11, 14, 15, 0, 9, 4, 0, 10, 12, 7, 2, 13, 3, 8, 0, 1, 0, 1, 1, 1, 0, 1, 1, 0, 1, 1, 0, 1, 1, 0]
Fitness: 1292.083738 	[1, 5, 0, 6, 11, 14, 15, 0, 10, 12, 7, 2, 13, 3, 8, 0, 9, 4, 0, 1, 0, 1, 1, 1, 0, 1, 1, 0, 1, 1, 0, 1, 1, 0]
Fitness: 1292.083738 	[1, 5, 0, 6, 11, 14, 15, 0, 10, 12, 7, 2, 13, 3, 8, 0, 9, 4, 0, 1, 0, 1, 1, 1, 0, 1, 1, 0, 1, 1, 0, 1, 1, 0]
Fitness: 1292.083738 	[1, 5, 0, 6, 11, 14, 15, 0, 10, 12, 7, 2, 13, 3, 8, 0, 9, 4, 0, 1, 0, 1, 1, 1, 0, 1, 1, 0, 1, 1, 0, 1, 1, 0]
Fitness: 1292.083738 	[1, 5, 0, 6, 11, 14, 15, 0, 10, 12, 7, 2, 13, 3, 8, 0, 9, 4, 0, 1, 0, 1, 1, 1, 0, 1, 1, 0, 1, 1, 0, 1, 1, 0]
Fitness: 1292.083738 	[1, 5, 0, 6, 11, 14, 15, 0, 10, 12, 7, 2, 13, 3, 8, 0, 9, 4, 0, 1, 0, 1, 1, 1, 0, 1, 1, 0, 1, 1, 0, 1, 1, 0]
Fitness: 1292.083738 	[1, 5, 0, 6, 11, 14, 15, 0, 10, 12, 7, 2, 13, 3, 8, 0, 9, 4, 0, 1, 0, 1, 1, 1, 0, 1, 1, 0, 1, 1, 0, 1, 1, 0]
Fitness: 1292.083738 	[1, 5, 0, 6, 11, 14, 15, 0, 10, 12, 7, 2, 13, 3, 8, 0, 9, 4, 0, 1, 0, 1, 1, 1, 0, 1, 1, 0, 1, 1, 0, 1, 1, 0]
Fitness: 1292.083738 	[1, 5, 0, 6, 11, 14, 15, 0, 9, 4, 0, 10, 12, 7, 2, 13, 3, 8, 0, 1, 0, 1, 1, 1, 0, 1, 1, 0, 1, 1, 0, 1, 1, 0]
Fitness: 1292.083738 	[1, 5, 0, 6, 11, 14, 15, 0, 10, 12, 7, 2, 13, 3, 8, 0, 9, 4, 0, 1, 0, 1, 1, 1, 0, 1, 1, 0, 1, 1, 0, 1, 1, 0]
Fitness: 1292.083738 	[1, 5, 0, 6, 11, 14, 15, 0, 10, 12, 7, 2, 13, 3, 8, 0, 9, 4, 0, 1, 0, 1, 1, 1, 0, 1, 1, 0, 1, 1, 0, 1, 1, 0]
Fitness: 1292.083738 	[1, 5, 0, 6, 11, 14, 15, 0, 10, 12, 7, 2, 13, 3, 8, 0, 9, 4, 0, 1, 0, 1, 1, 1, 0, 1, 1, 0, 1, 1, 0, 1, 1, 0]
Fitness: 1292.083738 	[1, 5, 0, 6, 11, 14, 15, 0, 10, 12, 7, 2, 13, 3, 8, 0, 9, 4, 0, 1, 0, 1, 1, 1, 0, 1, 1, 0, 1, 1, 0, 1, 1, 0]
Fitness: 1292.083738 	[1, 5, 0, 6, 11, 14, 15, 0, 10, 12, 7, 2, 13, 3, 8, 0, 9, 4, 0, 1, 0, 1, 1, 1, 0, 1, 1, 0, 1, 1, 0, 1, 1, 0]
Fitness: 1292.083738 	[1, 5, 0, 6, 11, 14, 15, 0, 10, 12, 7, 2, 13, 3, 8, 0, 9, 4, 0, 1, 0, 1, 1, 1, 0, 1, 1, 0, 1, 1, 0, 1, 1, 0]
Fitness: 1294.558360 	[1, 4, 0, 10, 12, 7, 2, 13, 3, 8, 0, 6, 11, 14, 15, 0, 9, 5, 0, 1, 0, 1, 1, 1, 0, 1, 1, 0, 1, 1, 0, 1, 1, 0]
Fitness: 1295.009585 	[1, 4, 0, 6, 11, 14, 15, 0, 3, 9, 10, 13, 12, 8, 7, 0, 2, 5, 0, 1, 0, 1, 1, 1, 0, 1, 1, 0, 1, 1, 0, 1, 1, 0]
Fitness: 1294.558360 	[9, 5, 0, 6, 11, 14, 15, 0, 1, 4, 0, 10, 12, 7, 2, 13, 3, 8, 0, 1, 0, 1, 1, 1, 0, 1, 1, 0, 1, 1, 0, 1, 1, 0]
Fitness: 1292.083738 	[1, 5, 0, 6, 11, 14, 15, 0, 9, 4, 0, 10, 12, 7, 2, 13, 3, 8, 0, 1, 0, 1, 1, 1, 0, 1, 1, 0, 1, 1, 0, 1, 1, 0]
Fitness: 1292.083738 	[1, 5, 0, 6, 11, 14, 15, 0, 10, 12, 7, 2, 13, 3, 8, 0, 9, 4, 0, 1, 0, 1, 1, 1, 0, 1, 1, 0, 1, 1, 0, 1, 1, 0]
Fitness: 1292.083738 	[1, 5, 0, 9, 4, 0, 10, 12, 7, 2, 13, 3, 8, 0, 11, 15, 6, 14, 0, 1, 0, 1, 1, 1, 0, 1, 1, 0, 1, 1, 0, 1, 1, 0]
Fitness: 1293.572184 	[6, 14, 13, 0, 1, 4, 0, 15, 7, 2, 3, 0, 11, 9, 10, 5, 12, 8, 0, 1, 0, 1, 1, 1, 0, 1, 1, 1, 1, 0, 1, 0, 1, 0]
Fitness: 1292.534895 	[1, 5, 0, 2, 4, 0, 6, 11, 14, 15, 0, 3, 9, 10, 13, 12, 8, 7, 0, 1, 0, 1, 1, 1, 0, 1, 1, 0, 1, 1, 0, 1, 1, 0]
Fitness: 1293.572184 	[2, 15, 0, 11, 9, 10, 5, 12, 8, 0, 1, 4, 0, 3, 6, 14, 13, 7, 0, 1, 0, 1, 1, 1, 0, 1, 1, 1, 1, 0, 1, 0, 1, 0]
Fitness: 1293.572184 	[6, 14, 13, 0, 1, 4, 0, 15, 7, 2, 3, 0, 11, 9, 10, 5, 12, 8, 0, 1, 0, 1, 1, 1, 0, 1, 1, 0, 1, 1, 1, 0, 1, 0]
Fitness: 1292.534895 	[1, 5, 0, 6, 11, 14, 15, 0, 2, 4, 0, 3, 9, 10, 13, 12, 8, 7, 0, 1, 0, 1, 1, 1, 0, 1, 1, 0, 1, 1, 0, 1, 1, 0]
Fitness: 1293.572184 	[2, 5, 0, 3, 11, 7, 15, 0, 6, 14, 13, 0, 1, 4, 8, 9, 10, 12, 0, 1, 0, 1, 1, 1, 0, 1, 1, 1, 1, 0, 1, 0, 1, 0]
Fitness: 1293.572184 	[6, 14, 13, 0, 1, 4, 0, 15, 7, 2, 3, 0, 11, 9, 10, 5, 12, 8, 0, 1, 0, 1, 1, 1, 0, 1, 1, 1, 1, 0, 1, 0, 1, 0]
Fitness: 1292.083738 	[1, 5, 0, 6, 11, 14, 15, 0, 10, 12, 7, 2, 13, 3, 8, 0, 9, 4, 0, 1, 0, 1, 1, 1, 0, 1, 1, 0, 1, 1, 0, 1, 1, 0]
Fitness: 1293.572184 	[6, 5, 0, 15, 7, 2, 3, 0, 1, 4, 0, 9, 8, 10, 11, 12, 13, 14, 0, 1, 0, 1, 1, 1, 0, 1, 1, 1, 1, 0, 1, 0, 1, 0]
Fitness: 1292.083738 	[1, 5, 0, 6, 11, 14, 15, 0, 9, 4, 0, 10, 12, 7, 2, 13, 3, 8, 0, 1, 0, 1, 1, 1, 0, 1, 1, 0, 1, 1, 0, 1, 1, 0]
Fitness: 1292.534895 	[1, 5, 0, 2, 4, 0, 6, 11, 14, 15, 0, 3, 9, 10, 13, 12, 8, 7, 0, 1, 0, 1, 1, 1, 0, 1, 1, 0, 1, 1, 0, 1, 1, 0]
Fitness: 1292.083738 	[9, 4, 0, 6, 11, 14, 15, 0, 1, 2, 5, 0, 3, 10, 13, 12, 8, 7, 0, 1, 0, 1, 1, 1, 0, 1, 1, 0, 1, 1, 0, 1, 1, 0]
Fitness: 1293.572184 	[6, 14, 13, 0, 1, 4, 0, 15, 7, 2, 3, 0, 11, 9, 10, 5, 12, 8, 0, 1, 0, 1, 1, 1, 0, 1, 1, 0, 1, 1, 1, 0, 1, 0]
Fitness: 1292.534895 	[1, 5, 0, 2, 4, 0, 6, 11, 14, 15, 0, 3, 9, 10, 13, 12, 8, 7, 0, 1, 0, 1, 1, 1, 0, 1, 1, 0, 1, 1, 0, 1, 1, 0]
Fitness: 1293.572184 	[2, 5, 0, 1, 4, 0, 6, 14, 13, 0, 3, 9, 10, 11, 12, 8, 7, 15, 0, 1, 0, 1, 1, 1, 0, 1, 1, 1, 1, 0, 1, 0, 1, 0]
Fitness: 1310.851899 	[6, 14, 13, 0, 1, 4, 0, 3, 7, 15, 8, 9, 10, 12, 0, 5, 11, 2, 0, 1, 0, 1, 1, 1, 0, 1, 1, 1, 1, 0, 1, 0, 1, 0]
Fitness: 1292.083738 	[1, 5, 0, 6, 11, 14, 15, 0, 10, 12, 7, 2, 13, 3, 8, 0, 9, 4, 0, 1, 0, 1, 1, 1, 0, 1, 1, 0, 1, 1, 0, 1, 1, 0]
Fitness: 1310.851899 	[1, 3, 0, 4, 7, 8, 15, 0, 5, 11, 2, 0, 6, 14, 13, 9, 10, 12, 0, 1, 0, 1, 1, 1, 0, 1, 1, 1, 1, 0, 1, 0, 1, 0]
Fitness: 1293.572184 	[6, 14, 13, 0, 1, 4, 0, 15, 7, 2, 3, 0, 11, 9, 10, 5, 12, 8, 0, 1, 0, 1, 1, 1, 0, 1, 1, 1, 1, 0, 1, 0, 1, 0]
Fitness: 1292.534895 	[1, 5, 0, 6, 11, 14, 15, 0, 2, 4, 0, 3, 9, 10, 13, 12, 8, 7, 0, 1, 0, 1, 1, 1, 0, 1, 1, 0, 1, 1, 0, 1, 1, 0]
Fitness: 1293.572184 	[2, 3, 0, 6, 13, 14, 15, 0, 11, 9, 10, 5, 12, 8, 0, 1, 4, 7, 0, 1, 0, 1, 1, 1, 0, 1, 1, 1, 1, 0, 1, 0, 1, 0]
Fitness: 1292.534895 	[1, 5, 0, 2, 4, 0, 6, 11, 14, 15, 0, 3, 9, 10, 13, 12, 8, 7, 0, 1, 0, 1, 1, 1, 0, 1, 1, 0, 1, 1, 0, 1, 1, 0]
Fitness: 1293.572184 	[6, 14, 13, 0, 1, 4, 0, 15, 7, 2, 3, 0, 11, 9, 10, 5, 12, 8, 0, 1, 0, 1, 1, 1, 0, 1, 1, 1, 1, 0, 1, 0, 1, 0]
Fitness: 1292.534895 	[6, 14, 2, 0, 11, 4, 0, 3, 9, 10, 13, 12, 8, 7, 0, 1, 5, 15, 0, 1, 0, 1, 1, 1, 0, 1, 1, 0, 1, 1, 0, 1, 1, 0]
Fitness: 1292.083738 	[1, 5, 0, 6, 11, 14, 15, 0, 10, 12, 7, 2, 13, 3, 8, 0, 9, 4, 0, 1, 0, 1, 1, 1, 0, 1, 1, 0, 1, 1, 0, 1, 1, 0]
Fitness: 1292.083738 	[1, 5, 0, 6, 11, 14, 15, 0, 10, 12, 7, 2, 13, 3, 8, 0, 9, 4, 0, 1, 0, 1, 1, 1, 0, 1, 1, 0, 1, 1, 0, 1, 1, 0]
Fitness: 1292.083738 	[1, 5, 0, 6, 11, 14, 15, 0, 10, 12, 7, 2, 13, 3, 8, 0, 9, 4, 0, 1, 0, 1, 1, 1, 0, 1, 1, 0, 1, 1, 0, 1, 1, 0]
Fitness: 1292.083738 	[1, 5, 0, 6, 11, 14, 15, 0, 10, 12, 7, 2, 13, 3, 8, 0, 9, 4, 0, 1, 0, 1, 1, 1, 0, 1, 1, 0, 1, 1, 0, 1, 1, 0]
Fitness: 1293.572184 	[6, 14, 13, 0, 1, 4, 0, 15, 7, 2, 3, 0, 11, 9, 10, 5, 12, 8, 0, 1, 0, 1, 1, 1, 0, 1, 1, 1, 1, 0, 1, 0, 1, 0]
Fitness: 1292.083738 	[6, 11, 14, 15, 0, 9, 4, 0, 1, 7, 2, 3, 0, 13, 10, 5, 12, 8, 0, 1, 0, 1, 1, 1, 0, 1, 1, 0, 1, 1, 0, 1, 1, 0]
Fitness: 1293.572184 	[6, 14, 13, 0, 1, 4, 0, 11, 9, 10, 5, 12, 8, 0, 15, 7, 2, 3, 0, 1, 0, 1, 1, 1, 0, 1, 1, 0, 1, 1, 0, 1, 1, 0]
Fitness: 1294.558360 	[1, 4, 0, 6, 11, 14, 15, 0, 10, 12, 7, 2, 13, 3, 8, 0, 9, 5, 0, 1, 0, 1, 1, 1, 0, 1, 1, 0, 1, 1, 0, 1, 1, 0]
Fitness: 1293.572184 	[1, 4, 0, 6, 13, 14, 0, 11, 9, 10, 5, 12, 8, 0, 15, 7, 2, 3, 0, 1, 0, 1, 1, 1, 0, 1, 1, 1, 1, 0, 1, 0, 1, 0]
Fitness: 1294.558360 	[1, 4, 0, 10, 12, 7, 2, 13, 3, 8, 0, 6, 11, 14, 15, 0, 9, 5, 0, 1, 0, 1, 1, 1, 0, 1, 1, 0, 1, 1, 0, 1, 1, 0]
Fitness: 1292.534895 	[1, 5, 0, 2, 4, 0, 6, 11, 14, 15, 0, 3, 9, 10, 13, 12, 8, 7, 0, 1, 0, 1, 1, 1, 0, 1, 1, 0, 1, 1, 0, 1, 1, 0]
Fitness: 1294.558360 	[9, 5, 0, 6, 11, 14, 15, 0, 1, 2, 4, 0, 3, 10, 13, 12, 8, 7, 0, 1, 0, 1, 1, 1, 0, 1, 1, 0, 1, 1, 0, 1, 1, 0]
Fitness: 1292.534895 	[1, 5, 0, 2, 4, 0, 6, 11, 14, 15, 0, 3, 9, 10, 13, 12, 8, 7, 0, 1, 0, 1, 1, 1, 0, 1, 1, 0, 1, 1, 0, 1, 1, 0]
Fitness: 1292.083738 	[1, 5, 0, 6, 11, 14, 15, 0, 10, 12, 7, 2, 13, 3, 8, 0, 9, 4, 0, 1, 0, 1, 1, 1, 0, 1, 1, 0, 1, 1, 0, 1, 1, 0]
Fitness: 1292.534895 	[6, 11, 14, 15, 0, 3, 9, 10, 13, 12, 8, 7, 0, 1, 5, 2, 0, 4, 0, 1, 0, 1, 1, 1, 0, 1, 1, 0, 1, 1, 0, 1, 1, 0]
Fitness: 1292.083738 	[1, 5, 0, 6, 11, 14, 15, 0, 9, 4, 0, 10, 12, 7, 2, 13, 3, 8, 0, 1, 0, 1, 1, 1, 0, 1, 1, 0, 1, 1, 0, 1, 1, 0]
Fitness: 1293.572184 	[6, 14, 13, 0, 1, 4, 0, 15, 7, 2, 3, 0, 11, 9, 10, 5, 12, 8, 0, 1, 0, 1, 1, 1, 0, 1, 1, 1, 1, 0, 1, 0, 1, 0]
Fitness: 1292.083738 	[10, 12, 7, 2, 13, 3, 8, 0, 1, 5, 0, 15, 4, 6, 14, 0, 11, 9, 0, 1, 0, 1, 1, 1, 0, 1, 1, 0, 1, 1, 0, 1, 1, 0]
Fitness: 1293.572184 	[6, 14, 13, 0, 1, 4, 0, 11, 9, 10, 5, 12, 8, 0, 15, 7, 2, 3, 0, 1, 0, 1, 1, 1, 0, 1, 1, 1, 1, 0, 1, 0, 1, 0]
Fitness: 1292.534895 	[1, 5, 0, 2, 4, 0, 6, 11, 14, 15, 0, 3, 9, 10, 13, 12, 8, 7, 0, 1, 0, 1, 1, 1, 0, 1, 1, 0, 1, 1, 0, 1, 1, 0]
Fitness: 1293.572184 	[1, 5, 0, 15, 7, 2, 3, 0, 6, 14, 13, 0, 11, 9, 10, 4, 12, 8, 0, 1, 0, 1, 1, 1, 0, 1, 1, 1, 1, 0, 1, 0, 1, 0]
Fitness: 1293.572184 	[6, 14, 13, 0, 1, 4, 0, 15, 7, 2, 3, 0, 11, 9, 10, 5, 12, 8, 0, 1, 0, 1, 1, 1, 0, 1, 1, 1, 1, 0, 1, 0, 1, 0]
Fitness: 1293.572184 	[6, 14, 13, 0, 1, 4, 0, 15, 7, 2, 3, 0, 11, 9, 10, 5, 12, 8, 0, 1, 0, 1, 1, 1, 0, 1, 1, 1, 1, 0, 1, 0, 1, 0]
Fitness: 1293.572184 	[6, 14, 13, 0, 11, 9, 10, 5, 12, 8, 0, 15, 7, 2, 3, 0, 1, 4, 0, 1, 0, 1, 1, 1, 0, 1, 1, 1, 1, 0, 1, 0, 1, 0]
Fitness: 1301.796843 	[5, 0, 10, 12, 7, 2, 13, 3, 8, 0, 9, 4, 1, 0, 11, 15, 6, 14, 0, 1, 0, 1, 1, 1, 0, 1, 0, 1, 1, 1, 0, 1, 1, 0]
Fitness: 1292.534895 	[1, 5, 0, 2, 4, 0, 6, 11, 14, 15, 0, 3, 9, 10, 13, 12, 8, 7, 0, 1, 0, 1, 1, 1, 0, 1, 1, 0, 1, 1, 0, 1, 1, 0]
Fitness: 1301.796843 	[11, 5, 0, 15, 6, 0, 10, 12, 7, 2, 13, 3, 8, 0, 9, 4, 1, 14, 0, 1, 0, 1, 1, 1, 0, 1, 0, 1, 1, 1, 0, 1, 1, 0]
Fitness: 1292.083738 	[1, 5, 0, 6, 11, 14, 15, 0, 10, 12, 7, 2, 13, 3, 8, 0, 9, 4, 0, 1, 0, 1, 1, 1, 0, 1, 1, 0, 1, 1, 0, 1, 1, 0]
Fitness: 1295.009585 	[1, 4, 0, 6, 11, 14, 15, 0, 3, 9, 10, 13, 12, 8, 7, 0, 2, 5, 0, 1, 0, 1, 1, 1, 0, 1, 1, 0, 1, 1, 0, 1, 1, 0]
Fitness: 1292.083738 	[1, 5, 0, 6, 11, 14, 15, 0, 10, 12, 7, 2, 13, 3, 8, 0, 9, 4, 0, 1, 0, 1, 1, 1, 0, 1, 1, 0, 1, 1, 0, 1, 1, 0]
Fitness: 1292.083738 	[1, 5, 0, 6, 11, 14, 15, 0, 9, 4, 0, 10, 12, 7, 2, 13, 3, 8, 0, 1, 0, 1, 1, 1, 0, 1, 1, 0, 1, 1, 0, 1, 1, 0]
Fitness: 1292.083738 	[1, 5, 0, 6, 11, 14, 15, 0, 10, 12, 7, 2, 13, 3, 8, 0, 9, 4, 0, 1, 0, 1, 1, 1, 0, 1, 1, 0, 1, 1, 0, 1, 1, 0]
Fitness: 1292.083738 	[6, 11, 14, 15, 0, 9, 4, 0, 10, 12, 7, 2, 13, 3, 8, 0, 1, 5, 0, 1, 0, 1, 1, 1, 0, 1, 1, 0, 1, 1, 0, 1, 1, 0]
Fitness: 1292.083738 	[1, 5, 0, 6, 11, 14, 15, 0, 10, 12, 7, 2, 13, 3, 8, 0, 9, 4, 0, 1, 0, 1, 1, 1, 0, 1, 1, 0, 1, 1, 0, 1, 1, 0]
Fitness: 1321.161502 	[1, 5, 0, 9, 4, 0, 13, 11, 2, 0, 3, 7, 15, 8, 6, 10, 12, 14, 0, 1, 0, 1, 1, 1, 0, 1, 1, 0, 1, 1, 0, 1, 1, 0]
Fitness: 1292.083738 	[9, 4, 0, 6, 11, 14, 15, 0, 13, 1, 2, 0, 3, 7, 5, 8, 10, 12, 0, 1, 0, 1, 1, 1, 0, 1, 1, 0, 1, 1, 0, 1, 1, 0]
Fitness: 1293.572184 	[6, 14, 13, 0, 1, 4, 0, 15, 7, 2, 3, 0, 11, 9, 10, 5, 12, 8, 0, 1, 0, 1, 1, 1, 0, 1, 1, 0, 1, 1, 1, 0, 1, 0]
Fitness: 1294.558360 	[1, 4, 0, 10, 12, 7, 2, 13, 3, 8, 0, 6, 11, 14, 15, 0, 9, 5, 0, 1, 0, 1, 1, 1, 0, 1, 1, 0, 1, 1, 0, 1, 1, 0]
Fitness: 1293.572184 	[1, 4, 0, 11, 9, 10, 5, 12, 8, 0, 6, 14, 13, 0, 2, 3, 15, 7, 0, 1, 0, 1, 1, 1, 0, 1, 1, 1, 1, 0, 1, 0, 1, 0]
Fitness: 1293.572184 	[6, 14, 13, 0, 1, 4, 0, 15, 7, 2, 3, 0, 11, 9, 10, 5, 12, 8, 0, 1, 0, 1, 1, 1, 0, 1, 1, 1, 1, 0, 1, 0, 1, 0]
Fitness: 1293.572184 	[6, 14, 13, 0, 1, 4, 0, 15, 7, 2, 3, 0, 11, 9, 10, 5, 12, 8, 0, 1, 0, 1, 1, 1, 0, 1, 1, 1, 1, 0, 1, 0, 1, 0]
Fitness: 1293.572184 	[2, 3, 15, 0, 6, 14, 13, 0, 1, 4, 0, 11, 9, 10, 5, 12, 8, 7, 0, 1, 0, 1, 1, 1, 0, 1, 1, 1, 1, 0, 1, 0, 1, 0]
Fitness: 1292.083738 	[1, 5, 0, 6, 11, 14, 15, 0, 9, 4, 0, 10, 12, 7, 2, 13, 3, 8, 0, 1, 0, 1, 1, 1, 0, 1, 1, 0, 1, 1, 0, 1, 1, 0]
Fitness: 1321.161502 	[1, 5, 0, 9, 4, 0, 13, 11, 2, 0, 3, 7, 15, 8, 6, 10, 12, 14, 0, 1, 0, 1, 1, 1, 0, 1, 1, 0, 1, 1, 0, 1, 1, 0]
Fitness: 1292.083738 	[6, 11, 14, 15, 0, 9, 4, 0, 13, 1, 2, 0, 3, 7, 5, 8, 10, 12, 0, 1, 0, 1, 1, 1, 0, 1, 1, 0, 1, 1, 0, 1, 1, 0]
Fitness: 1292.083738 	[1, 5, 4, 0, 6, 11, 14, 15, 0, 9, 0, 10, 12, 7, 2, 13, 3, 8, 0, 1, 0, 1, 0, 1, 0, 1, 1, 1, 1, 1, 0, 1, 1, 0]
Fitness: 1293.572184 	[1, 0, 11, 9, 10, 5, 12, 8, 4, 0, 6, 14, 13, 0, 2, 3, 15, 7, 0, 1, 0, 1, 1, 1, 0, 1, 1, 1, 1, 1, 1, 0, 0, 0]
Fitness: 1292.083738 	[1, 5, 0, 6, 11, 14, 0, 10, 12, 7, 2, 13, 3, 8, 15, 0, 9, 4, 0, 1, 1, 1, 1, 1, 0, 1, 1, 0, 0, 1, 0, 1, 1, 0]
Fitness: 1294.558360 	[1, 4, 10, 0, 6, 11, 14, 15, 0, 12, 7, 2, 13, 3, 8, 0, 9, 5, 0, 1, 0, 1, 1, 1, 0, 1, 1, 0, 1, 1, 1, 1, 0, 0]
Fitness: 1292.534895 	[5, 0, 2, 4, 1, 0, 6, 11, 14, 15, 0, 3, 9, 10, 13, 12, 8, 7, 0, 1, 0, 0, 1, 1, 1, 1, 1, 0, 1, 1, 0, 1, 1, 0]
Fitness: 1292.083738 	[1, 0, 6, 11, 14, 15, 0, 10, 12, 7, 2, 13, 3, 8, 0, 9, 4, 5, 0, 1, 1, 1, 1, 1, 0, 1, 1, 0, 0, 1, 0, 1, 1, 0]
Fitness: 1293.572184 	[6, 14, 13, 0, 1, 0, 15, 7, 2, 3, 4, 0, 11, 9, 10, 5, 12, 8, 0, 1, 0, 1, 1, 1, 1, 1, 1, 1, 1, 0, 1, 0, 0, 0]
Fitness: 1293.572184 	[6, 13, 0, 1, 4, 14, 0, 15, 7, 2, 3, 0, 11, 9, 10, 5, 12, 8, 0, 1, 0, 1, 1, 0, 0, 1, 1, 1, 1, 1, 1, 0, 1, 0]
Fitness: 1293.572184 	[6, 14, 13, 1, 0, 4, 0, 15, 7, 2, 3, 0, 11, 9, 10, 5, 12, 8, 0, 1, 0, 1, 1, 1, 0, 1, 1, 0, 1, 0, 1, 1, 1, 0]
Fitness: 1292.083738 	[1, 5, 0, 6, 14, 15, 0, 9, 4, 0, 10, 12, 7, 2, 13, 3, 8, 11, 0, 1, 1, 1, 1, 0, 0, 1, 1, 0, 1, 1, 0, 1, 1, 0]
Fitness: 1294.558360 	[1, 4, 0, 10, 12, 7, 2, 13, 8, 0, 6, 11, 14, 15, 0, 9, 5, 3, 0, 1, 1, 1, 1, 1, 0, 1, 0, 0, 1, 1, 0, 1, 1, 0]
Fitness: 1293.572184 	[6, 14, 13, 5, 0, 1, 4, 0, 15, 7, 2, 3, 0, 11, 9, 10, 12, 8, 0, 1, 0, 1, 0, 1, 0, 1, 1, 1, 1, 1, 1, 0, 1, 0]
Fitness: 1293.572184 	[6, 14, 13, 0, 1, 4, 10, 0, 11, 9, 5, 12, 8, 0, 15, 7, 2, 3, 0, 1, 1, 1, 1, 1, 0, 1, 1, 0, 1, 0, 0, 1, 1, 0]
Fitness: 1292.083738 	[1, 5, 12, 0, 6, 11, 14, 15, 0, 10, 7, 2, 13, 3, 8, 0, 9, 4, 0, 0, 0, 1, 1, 1, 0, 1, 1, 0, 1, 1, 1, 1, 1, 0]
Fitness: 1292.534895 	[1, 0, 6, 11, 14, 15, 0, 2, 4, 0, 3, 9, 10, 13, 12, 8, 7, 5, 0, 1, 1, 1, 1, 1, 0, 1, 1, 0, 1, 1, 0, 1, 0, 0]
Fitness: 1292.083738 	[1, 0, 6, 11, 14, 15, 0, 10, 12, 7, 2, 13, 3, 8, 0, 9, 4, 5, 0, 1, 0, 1, 1, 1, 0, 1, 1, 1, 1, 1, 0, 1, 0, 0]
Fitness: 1292.083738 	[1, 5, 4, 0, 6, 11, 14, 15, 0, 9, 0, 10, 12, 7, 2, 13, 3, 8, 0, 1, 0, 1, 1, 1, 1, 1, 1, 0, 1, 1, 0, 1, 0, 0]
Fitness: 1293.572184 	[6, 14, 13, 0, 1, 4, 0, 11, 9, 10, 5, 12, 8, 3, 0, 15, 7, 2, 0, 1, 1, 1, 1, 1, 0, 1, 0, 1, 1, 0, 1, 0, 1, 0]
Fitness: 1293.572184 	[6, 14, 13, 15, 0, 1, 4, 0, 7, 2, 3, 0, 11, 9, 10, 5, 12, 8, 0, 0, 0, 1, 1, 1, 0, 1, 1, 1, 1, 0, 1, 1, 1, 0]
Fitness: 1310.851899 	[6, 14, 13, 4, 0, 1, 0, 3, 7, 15, 8, 9, 10, 12, 0, 5, 11, 2, 0, 1, 0, 1, 1, 1, 0, 1, 1, 1, 0, 0, 1, 1, 1, 0]
Fitness: 1293.572184 	[6, 14, 13, 0, 1, 4, 12, 0, 11, 9, 10, 5, 8, 0, 15, 7, 2, 3, 0, 1, 0, 1, 1, 1, 0, 1, 1, 1, 0, 0, 1, 1, 1, 0]
Fitness: 1292.083738 	[1, 5, 8, 0, 6, 11, 14, 15, 0, 10, 12, 7, 2, 13, 3, 0, 9, 4, 0, 1, 1, 1, 1, 1, 0, 1, 0, 0, 1, 1, 0, 1, 1, 0]
Fitness: 1293.572184 	[5, 0, 3, 11, 7, 15, 0, 6, 14, 13, 2, 0, 1, 4, 8, 9, 10, 12, 0, 1, 0, 1, 0, 1, 0, 1, 1, 1, 1, 1, 1, 0, 1, 0]
Fitness: 1292.083738 	[1, 5, 0, 6, 11, 15, 0, 10, 12, 7, 2, 13, 3, 8, 14, 0, 9, 4, 0, 1, 0, 1, 1, 1, 1, 1, 1, 0, 1, 1, 0, 0, 1, 0]
Fitness: 1293.572184 	[6, 14, 13, 2, 0, 1, 4, 0, 15, 7, 3, 0, 11, 9, 10, 5, 12, 8, 0, 1, 0, 1, 1, 1, 0, 1, 1, 1, 1, 1, 1, 0, 0, 0]
Fitness: 1317.375545 	[5, 0, 6, 11, 14, 15, 13, 0, 9, 4, 0, 10, 12, 7, 2, 3, 8, 1, 0, 1, 0, 0, 1, 1, 1, 1, 1, 0, 1, 1, 1, 0, 1, 0]
Fitness: 1301.796843 	[10, 12, 7, 0, 2, 13, 3, 8, 0, 9, 4, 1, 0, 11, 15, 6, 14, 5, 0, 1, 0, 1, 0, 1, 1, 1, 0, 1, 1, 1, 0, 1, 1, 0]
Fitness: 1293.572184 	[6, 14, 13, 11, 0, 1, 4, 0, 15, 7, 2, 3, 0, 9, 10, 5, 12, 8, 0, 1, 1, 1, 0, 1, 0, 1, 1, 1, 1, 0, 1, 0, 1, 0]
Fitness: 1293.572184 	[1, 5, 10, 0, 15, 7, 2, 3, 0, 6, 14, 13, 0, 11, 9, 4, 12, 8, 0, 1, 0, 0, 1, 1, 1, 1, 1, 1, 1, 0, 1, 0, 1, 0]
Fitness: 1294.558360 	[1, 4, 0, 10, 12, 7, 2, 13, 3, 8, 9, 0, 6, 11, 14, 15, 0, 5, 0, 1, 1, 1, 1, 1, 0, 0, 1, 0, 1, 1, 0, 1, 1, 0]
Fitness: 1292.534895 	[1, 5, 0, 4, 0, 6, 11, 14, 15, 2, 0, 3, 9, 10, 13, 12, 8, 7, 0, 1, 0, 1, 0, 1, 0, 1, 1, 0, 1, 1, 1, 1, 1, 0]
Fitness: 1295.009585 	[1, 4, 15, 0, 6, 11, 14, 0, 3, 9, 10, 13, 12, 8, 7, 0, 2, 5, 0, 1, 0, 1, 1, 1, 1, 1, 0, 0, 1, 1, 0, 1, 1, 0]
Fitness: 1292.083738 	[1, 5, 13, 0, 6, 11, 14, 15, 0, 10, 12, 7, 2, 3, 8, 0, 9, 4, 0, 1, 0, 1, 1, 1, 0, 1, 0, 1, 1, 1, 0, 1, 1, 0]
Fitness: 1294.558360 	[1, 4, 0, 10, 12, 7, 2, 13, 3, 8, 14, 0, 6, 11, 15, 0, 9, 5, 0, 1, 0, 1, 1, 1, 0, 0, 1, 0, 1, 1, 1, 1, 1, 0]
Fitness: 1292.534895 	[1, 5, 0, 2, 0, 6, 11, 14, 15, 4, 0, 3, 9, 10, 13, 12, 8, 7, 0, 1, 0, 0, 1, 1, 0, 1, 1, 1, 1, 1, 0, 1, 1, 0]
Fitness: 1293.572184 	[6, 14, 0, 1, 4, 0, 15, 7, 2, 3, 0, 11, 9, 10, 5, 12, 8, 13, 0, 0, 0, 1, 1, 1, 0, 1, 1, 1, 1, 0, 1, 1, 1, 0]
Fitness: 1292.083738 	[1, 0, 6, 11, 14, 15, 0, 10, 12, 7, 2, 13, 3, 8, 0, 9, 4, 5, 0, 1, 0, 1, 1, 1, 0, 1, 1, 1, 0, 1, 0, 1, 1, 0]
Fitness: 1294.558360 	[9, 5, 11, 0, 6, 14, 15, 0, 1, 2, 4, 0, 3, 10, 13, 12, 8, 7, 0, 1, 0, 1, 1, 1, 1, 1, 1, 0, 1, 0, 0, 1, 1, 0]
Fitness: 1294.558360 	[1, 4, 0, 6, 11, 14, 15, 0, 10, 12, 7, 2, 13, 3, 8, 5, 0, 9, 0, 1, 1, 1, 1, 1, 0, 1, 1, 0, 1, 1, 0, 0, 1, 0]
Fitness: 1292.534895 	[1, 5, 13, 0, 2, 4, 0, 6, 11, 14, 15, 0, 3, 9, 10, 12, 8, 7, 0, 1, 0, 1, 1, 1, 1, 0, 1, 0, 1, 1, 0, 1, 1, 0]
Fitness: 1292.083738 	[1, 5, 0, 6, 11, 14, 15, 0, 9, 0, 10, 12, 7, 2, 13, 3, 8, 4, 0, 1, 0, 0, 1, 1, 0, 1, 1, 1, 1, 1, 0, 1, 1, 0]
Fitness: 1293.572184 	[6, 14, 13, 0, 1, 0, 15, 7, 2, 3, 4, 0, 11, 9, 10, 5, 12, 8, 0, 1, 0, 0, 1, 1, 0, 1, 1, 1, 1, 1, 1, 0, 1, 0]
Fitness: 1292.534895 	[1, 5, 3, 0, 2, 4, 0, 6, 11, 14, 15, 0, 9, 10, 13, 12, 8, 7, 0, 1, 0, 1, 1, 1, 0, 1, 0, 0, 1, 1, 1, 1, 1, 0]
Fitness: 1293.572184 	[6, 14, 13, 0, 1, 4, 0, 11, 9, 10, 5, 12, 8, 2, 0, 15, 7, 3, 0, 1, 0, 1, 1, 1, 0, 1, 1, 0, 1, 1, 1, 0, 1, 0]
Fitness: 1294.558360 	[9, 5, 4, 0, 6, 11, 14, 15, 0, 1, 0, 10, 12, 7, 2, 13, 3, 8, 0, 0, 0, 1, 1, 1, 1, 1, 1, 0, 1, 1, 0, 1, 1, 0]
Fitness: 1292.083738 	[1, 5, 11, 0, 6, 14, 15, 0, 10, 12, 7, 2, 13, 3, 8, 0, 9, 4, 0, 1, 0, 0, 1, 1, 1, 1, 1, 0, 1, 1, 0, 1, 1, 0]
Fitness: 1294.558360 	[1, 4, 8, 0, 10, 12, 7, 2, 13, 3, 0, 6, 11, 14, 15, 0, 9, 5, 0, 0, 1, 1, 1, 1, 0, 1, 1, 0, 1, 1, 0, 1, 1, 0]
Fitness: 1293.572184 	[14, 13, 0, 1, 4, 0, 15, 7, 2, 3, 6, 0, 11, 9, 10, 5, 12, 8, 0, 1, 0, 1, 1, 1, 0, 1, 0, 1, 1, 1, 1, 0, 1, 0]
Fitness: 1295.009585 	[1, 4, 2, 0, 6, 11, 14, 15, 0, 3, 9, 10, 13, 12, 8, 7, 0, 5, 0, 1, 0, 1, 1, 1, 1, 1, 1, 0, 1, 1, 0, 0, 1, 0]
Fitness: 1293.572184 	[6, 14, 13, 0, 1, 4, 7, 0, 15, 2, 3, 0, 11, 9, 10, 5, 12, 8, 0, 1, 1, 1, 1, 1, 0, 1, 1, 1, 0, 0, 1, 0, 1, 0]
Fitness: 1293.572184 	[6, 14, 13, 0, 11, 9, 10, 5, 12, 8, 0, 15, 7, 2, 3, 0, 1, 4, 0, 1, 0, 1, 1, 1, 0, 1, 1, 1, 1, 0, 1, 0, 1, 0]
Fitness: 1292.083738 	[1, 5, 0, 10, 12, 7, 2, 13, 3, 8, 0, 6, 11, 14, 15, 0, 9, 4, 0, 1, 0, 1, 1, 1, 0, 1, 1, 0, 1, 1, 0, 1, 1, 0]
Fitness: 1293.572184 	[11, 9, 10, 5, 12, 8, 13, 0, 1, 4, 0, 15, 7, 2, 3, 0, 6, 14, 0, 0, 0, 1, 1, 1, 0, 1, 1, 1, 1, 0, 1, 1, 1, 0]
Fitness: 1293.572184 	[1, 4, 0, 6, 14, 13, 0, 15, 7, 2, 3, 0, 11, 9, 10, 5, 12, 8, 0, 1, 0, 1, 1, 1, 0, 1, 1, 1, 1, 0, 1, 0, 1, 0]
Fitness: 1292.534895 	[11, 4, 0, 6, 14, 2, 0, 3, 9, 10, 13, 12, 8, 7, 0, 1, 5, 15, 0, 1, 0, 1, 1, 1, 0, 1, 1, 0, 1, 1, 0, 1, 1, 0]
Fitness: 1292.534895 	[2, 4, 0, 1, 5, 0, 6, 11, 14, 15, 0, 3, 9, 10, 13, 12, 8, 7, 0, 1, 0, 1, 1, 1, 0, 1, 1, 0, 1, 1, 0, 1, 1, 0]
Fitness: 1294.558360 	[10, 12, 7, 2, 13, 3, 8, 0, 1, 4, 0, 6, 11, 14, 15, 0, 9, 5, 0, 1, 0, 1, 1, 1, 0, 1, 1, 0, 1, 1, 0, 1, 1, 0]
Fitness: 1292.534895 	[1, 0, 2, 4, 0, 6, 11, 14, 15, 0, 3, 9, 10, 13, 12, 8, 7, 5, 0, 1, 1, 1, 1, 1, 0, 1, 1, 0, 1, 1, 0, 1, 0, 0]
Fitness: 1294.558360 	[9, 0, 6, 11, 14, 15, 0, 10, 12, 7, 2, 13, 3, 8, 5, 0, 1, 4, 0, 1, 1, 1, 1, 1, 0, 1, 1, 0, 1, 1, 0, 0, 1, 0]
Fitness: 1292.534895 	[6, 11, 14, 15, 0, 2, 4, 0, 1, 5, 0, 3, 9, 10, 13, 12, 8, 7, 0, 1, 0, 1, 1, 1, 0, 1, 1, 0, 1, 1, 0, 1, 1, 0]
Fitness: 1292.083738 	[1, 5, 13, 0, 9, 4, 0, 10, 12, 7, 2, 3, 8, 0, 6, 11, 14, 15, 0, 1, 0, 1, 1, 1, 0, 1, 0, 1, 1, 1, 0, 1, 1, 0]
Fitness: 1293.572184 	[15, 7, 2, 3, 0, 1, 4, 0, 6, 14, 13, 0, 11, 9, 10, 5, 12, 8, 0, 1, 0, 1, 1, 1, 0, 1, 1, 1, 1, 0, 1, 0, 1, 0]
Fitness: 1293.572184 	[15, 7, 2, 3, 0, 6, 13, 14, 0, 11, 9, 10, 5, 12, 8, 0, 1, 4, 0, 1, 0, 1, 1, 1, 0, 1, 1, 1, 1, 0, 1, 0, 1, 0]
Fitness: 1293.572184 	[2, 5, 0, 3, 9, 10, 11, 12, 8, 7, 15, 0, 6, 14, 13, 0, 1, 4, 0, 1, 0, 1, 1, 1, 0, 1, 1, 1, 1, 0, 1, 0, 1, 0]
Fitness: 1292.083738 	[10, 12, 7, 2, 13, 3, 8, 0, 6, 11, 14, 15, 0, 9, 4, 0, 1, 5, 0, 1, 0, 1, 1, 1, 0, 1, 1, 0, 1, 1, 0, 1, 1, 0]
Fitness: 1292.534895 	[1, 5, 0, 3, 9, 10, 13, 12, 8, 7, 0, 6, 11, 14, 15, 4, 0, 2, 0, 1, 0, 0, 1, 1, 0, 1, 1, 1, 1, 1, 0, 1, 1, 0]
Fitness: 1292.534895 	[3, 9, 10, 13, 12, 8, 7, 0, 2, 4, 0, 6, 11, 14, 15, 0, 1, 5, 0, 1, 0, 1, 1, 1, 0, 1, 1, 0, 1, 1, 0, 1, 1, 0]
Fitness: 1292.534895 	[6, 11, 14, 15, 0, 2, 4, 0, 1, 5, 3, 0, 9, 10, 13, 12, 8, 7, 0, 1, 0, 1, 1, 1, 0, 1, 0, 0, 1, 1, 1, 1, 1, 0]
Fitness: 1293.572184 	[6, 14, 13, 0, 1, 0, 11, 9, 10, 5, 12, 8, 0, 15, 7, 2, 3, 4, 0, 1, 0, 0, 1, 1, 0, 1, 1, 1, 1, 1, 1, 0, 1, 0]
Fitness: 1295.009585 	[2, 5, 0, 6, 11, 14, 15, 0, 3, 9, 10, 13, 12, 8, 7, 0, 1, 4, 0, 1, 0, 1, 1, 1, 0, 1, 1, 0, 1, 1, 0, 1, 1, 0]
Fitness: 1292.534895 	[2, 4, 0, 1, 5, 0, 6, 11, 14, 15, 0, 3, 9, 10, 13, 12, 8, 7, 0, 1, 0, 1, 1, 1, 0, 1, 1, 0, 1, 1, 0, 1, 1, 0]
Fitness: 1292.083738 	[10, 12, 7, 2, 13, 3, 8, 0, 6, 11, 14, 15, 0, 1, 5, 0, 9, 4, 0, 1, 0, 1, 1, 1, 0, 1, 1, 0, 1, 1, 0, 1, 1, 0]
Fitness: 1293.572184 	[3, 11, 7, 15, 0, 2, 5, 0, 6, 14, 13, 0, 1, 4, 8, 9, 10, 12, 0, 1, 0, 1, 1, 1, 0, 1, 1, 1, 1, 0, 1, 0, 1, 0]
Fitness: 1293.572184 	[11, 9, 10, 5, 12, 8, 0, 1, 4, 0, 15, 7, 2, 3, 0, 6, 14, 13, 0, 1, 0, 1, 1, 1, 0, 1, 1, 1, 1, 0, 1, 0, 1, 0]
Fitness: 1293.572184 	[6, 14, 13, 0, 1, 4, 0, 11, 9, 10, 5, 12, 8, 0, 15, 7, 2, 3, 0, 1, 0, 1, 1, 1, 0, 1, 1, 1, 1, 0, 1, 0, 1, 0]
Fitness: 1293.572184 	[11, 9, 10, 5, 12, 8, 0, 1, 4, 0, 15, 7, 3, 0, 6, 14, 13, 2, 0, 1, 0, 1, 1, 1, 0, 1, 1, 1, 1, 1, 1, 0, 0, 0]
Fitness: 1293.572184 	[15, 7, 2, 3, 0, 1, 4, 0, 11, 9, 10, 5, 12, 8, 0, 6, 14, 13, 0, 1, 0, 1, 1, 1, 0, 1, 1, 1, 1, 0, 1, 0, 1, 0]
Fitness: 1294.558360 	[10, 12, 7, 2, 13, 3, 8, 14, 0, 1, 4, 0, 6, 11, 15, 0, 9, 5, 0, 1, 0, 1, 1, 1, 0, 0, 1, 0, 1, 1, 1, 1, 1, 0]
Fitness: 1292.083738 	[9, 4, 0, 6, 11, 14, 15, 0, 10, 12, 7, 2, 13, 3, 8, 0, 1, 5, 0, 1, 0, 1, 1, 1, 0, 1, 1, 0, 1, 1, 0, 1, 1, 0]
Fitness: 1292.083738 	[9, 0, 6, 11, 14, 15, 0, 1, 5, 4, 0, 10, 12, 7, 2, 13, 3, 8, 0, 1, 0, 1, 1, 1, 1, 1, 1, 0, 1, 1, 0, 1, 0, 0]
Fitness: 1292.534895 	[1, 5, 0, 2, 4, 0, 3, 9, 10, 13, 12, 8, 7, 0, 6, 11, 14, 15, 0, 1, 0, 1, 1, 1, 0, 1, 1, 0, 1, 1, 0, 1, 1, 0]
Fitness: 1310.851899 	[6, 14, 13, 0, 3, 7, 15, 8, 9, 10, 12, 0, 1, 4, 0, 5, 11, 2, 0, 1, 0, 1, 1, 1, 0, 1, 1, 1, 1, 0, 1, 0, 1, 0]
Fitness: 1293.572184 	[1, 4, 0, 6, 14, 13, 0, 11, 9, 10, 5, 12, 8, 0, 15, 7, 2, 3, 0, 1, 0, 1, 1, 1, 0, 1, 1, 1, 1, 0, 1, 0, 1, 0]
Fitness: 1292.083738 	[1, 5, 11, 0, 9, 4, 0, 10, 12, 7, 2, 13, 3, 8, 0, 6, 14, 15, 0, 1, 0, 0, 1, 1, 1, 1, 1, 0, 1, 1, 0, 1, 1, 0]
Fitness: 1295.009585 	[1, 4, 0, 2, 5, 0, 3, 9, 10, 13, 12, 8, 7, 0, 6, 11, 14, 15, 0, 1, 0, 1, 1, 1, 0, 1, 1, 0, 1, 1, 0, 1, 1, 0]
Fitness: 1293.572184 	[11, 9, 10, 5, 12, 8, 0, 1, 4, 0, 15, 7, 2, 3, 0, 6, 14, 13, 0, 1, 0, 1, 1, 1, 0, 1, 1, 0, 1, 1, 1, 0, 1, 0]
Fitness: 1295.009585 	[1, 4, 15, 0, 6, 11, 14, 0, 2, 5, 0, 3, 9, 10, 13, 12, 8, 7, 0, 1, 0, 1, 1, 1, 1, 1, 0, 0, 1, 1, 0, 1, 1, 0]
Fitness: 1293.572184 	[1, 4, 12, 0, 6, 14, 13, 0, 11, 9, 10, 5, 8, 0, 15, 7, 2, 3, 0, 1, 0, 1, 1, 1, 0, 1, 1, 1, 0, 0, 1, 1, 1, 0]
Fitness: 1301.796843 	[10, 12, 7, 2, 13, 3, 8, 0, 5, 0, 9, 4, 1, 0, 11, 15, 6, 14, 0, 1, 0, 1, 1, 1, 0, 1, 0, 1, 1, 1, 0, 1, 1, 0]
Fitness: 1292.534895 	[1, 5, 0, 2, 4, 0, 3, 9, 10, 13, 12, 8, 7, 0, 6, 11, 14, 15, 0, 1, 0, 1, 1, 1, 0, 1, 1, 0, 1, 1, 0, 1, 1, 0]
Fitness: 1292.083738 	[10, 12, 7, 2, 13, 3, 8, 0, 6, 11, 14, 15, 0, 9, 4, 0, 1, 5, 0, 1, 0, 1, 1, 1, 0, 1, 1, 0, 1, 1, 0, 1, 1, 0]
Fitness: 1292.083738 	[9, 4, 0, 6, 11, 14, 15, 0, 10, 12, 7, 2, 13, 3, 8, 0, 1, 5, 0, 1, 0, 1, 1, 1, 0, 1, 1, 0, 1, 1, 0, 1, 1, 0]
Fitness: 1292.083738 	[10, 12, 7, 2, 13, 3, 8, 0, 6, 11, 14, 15, 0, 1, 5, 0, 9, 4, 0, 1, 0, 1, 1, 1, 0, 1, 1, 0, 1, 1, 0, 1, 1, 0]
Fitness: 1294.558360 	[1, 4, 0, 9, 5, 0, 6, 11, 14, 15, 0, 10, 12, 7, 2, 13, 3, 8, 0, 1, 0, 1, 1, 1, 0, 1, 1, 0, 1, 1, 0, 1, 1, 0]
Fitness: 1294.558360 	[9, 5, 3, 0, 10, 12, 7, 2, 13, 8, 0, 6, 11, 14, 15, 0, 1, 4, 0, 1, 1, 1, 1, 1, 0, 1, 0, 0, 1, 1, 0, 1, 1, 0]
Fitness: 1292.534895 	[1, 5, 0, 6, 11, 14, 15, 0, 2, 4, 0, 3, 9, 10, 13, 12, 8, 7, 0, 1, 0, 1, 1, 1, 0, 1, 1, 0, 1, 1, 0, 1, 1, 0]
Fitness: 1294.558360 	[1, 4, 0, 6, 11, 14, 15, 0, 10, 12, 7, 2, 13, 3, 8, 0, 9, 5, 0, 1, 0, 1, 1, 1, 0, 1, 1, 0, 1, 1, 0, 1, 1, 0]
Fitness: 1292.083738 	[6, 11, 14, 15, 0, 1, 5, 0, 10, 12, 7, 2, 13, 3, 8, 0, 9, 4, 0, 1, 0, 1, 1, 1, 0, 1, 1, 0, 1, 1, 0, 1, 1, 0]
Fitness: 1292.083738 	[10, 12, 7, 2, 13, 3, 8, 0, 6, 11, 14, 15, 0, 1, 5, 0, 9, 4, 0, 1, 0, 1, 1, 1, 0, 1, 1, 0, 1, 1, 0, 1, 1, 0]
Fitness: 1293.572184 	[6, 13, 0, 1, 4, 14, 0, 11, 9, 10, 5, 12, 8, 0, 15, 7, 2, 3, 0, 1, 0, 1, 1, 0, 0, 1, 1, 1, 1, 1, 1, 0, 1, 0]
Time: 0.46639