Fitness: 1153.886254 	[1, 0, 9, 11, 5, 0, 4, 3, 0, 12, 2, 6, 7, 8, 10, 13, 14, 15, 0, 1, 0, 1, 1, 1, 1, 1, 0, 1, 1, 1, 1, 0, 1, 1, 1, 0, 1, 1, 1, 1, 1, 1, 1, 0]
Fitness: 1137.989867 	[9, 11, 5, 0, 1, 0, 4, 3, 0, 12, 2, 6, 7, 8, 10, 13, 14, 15, 0, 1, 0, 1, 1, 1, 1, 1, 0, 1, 1, 1, 1, 0, 1, 1, 1, 0, 1, 1, 1, 1, 1, 1, 1, 0]
Fitness: 1113.950805 	[4, 14, 0, 9, 7, 10, 13, 0, 2, 12, 8, 15, 0, 5, 3, 6, 1, 11, 0, 1, 0, 1, 1, 1, 1, 1, 1, 1, 1, 1, 0, 1, 1, 1, 0, 1, 1, 1, 0, 1, 1, 1, 1, 0]
Fitness: 1024.195631 	[5, 8, 6, 12, 0, 3, 14, 2, 1, 0, 7, 11, 4, 13, 0, 15, 9, 10, 0, 0, 1, 1, 1, 1, 1, 1, 0, 1, 1, 1, 1, 1, 1, 0, 1, 1, 1, 1, 1, 1, 0, 1, 1, 0]
Fitness: 1017.378908 	[6, 9, 12, 11, 0, 14, 1, 0, 4, 3, 0, 2, 13, 8, 7, 10, 5, 15, 0, 1, 1, 1, 1, 1, 0, 1, 0, 1, 1, 1, 1, 1, 1, 1, 0, 1, 1, 1, 1, 0, 1, 1, 1, 0]
Fitness: 986.805439 	[9, 11, 5, 0, 4, 0, 7, 15, 2, 14, 12, 1, 0, 10, 13, 3, 6, 8, 0, 1, 1, 1, 0, 0, 1, 1, 1, 1, 1, 1, 1, 1, 1, 0, 1, 1, 1, 0, 1, 1, 1, 1, 1, 0]
Fitness: 982.439732 	[2, 10, 8, 14, 15, 9, 5, 0, 13, 0, 4, 6, 7, 0, 12, 3, 1, 11, 0, 0, 1, 0, 1, 1, 1, 1, 1, 1, 1, 1, 1, 1, 1, 1, 1, 0, 1, 1, 1, 1, 0, 1, 1, 0]
Fitness: 982.204139 	[5, 8, 15, 1, 0, 13, 2, 4, 7, 0, 11, 3, 0, 10, 14, 9, 6, 12, 0, 1, 0, 1, 1, 0, 1, 1, 1, 1, 0, 1, 1, 1, 1, 0, 1, 1, 1, 1, 1, 1, 1, 1, 1, 0]
Fitness: 974.819628 	[2, 0, 3, 5, 10, 0, 4, 12, 1, 14, 15, 8, 0, 7, 6, 11, 13, 9, 0, 1, 1, 0, 1, 1, 1, 1, 1, 1, 1, 1, 1, 1, 0, 1, 1, 0, 1, 1, 0, 1, 1, 1, 1, 0]
Fitness: 972.828999 	[10, 6, 0, 1, 2, 3, 13, 7, 9, 0, 8, 5, 14, 12, 11, 0, 4, 15, 0, 1, 0, 1, 0, 1, 1, 1, 1, 1, 1, 0, 1, 1, 1, 1, 1, 1, 0, 1, 1, 1, 1, 1, 1, 0]
Fitness: 961.429680 	[10, 6, 12, 2, 8, 13, 1, 0, 11, 0, 7, 14, 3, 4, 0, 9, 5, 15, 0, 1, 0, 1, 1, 1, 0, 1, 0, 1, 1, 1, 1, 1, 1, 1, 1, 0, 1, 1, 1, 1, 1, 1, 1, 0]
Fitness: 961.429680 	[10, 6, 12, 2, 8, 13, 1, 0, 11, 0, 7, 14, 3, 4, 0, 9, 5, 15, 0, 1, 0, 1, 1, 1, 0, 1, 0, 1, 1, 1, 1, 1, 1, 1, 1, 0, 1, 1, 1, 1, 1, 1, 1, 0]
Fitness: 957.853856 	[5, 8, 6, 12, 0, 3, 14, 2, 1, 0, 7, 11, 4, 0, 15, 9, 10, 13, 0, 0, 1, 1, 1, 1, 1, 1, 0, 1, 1, 1, 1, 1, 1, 0, 1, 0, 1, 1, 1, 1, 1, 1, 1, 0]
Fitness: 954.739590 	[15, 13, 10, 0, 9, 0, 2, 11, 4, 7, 3, 12, 0, 14, 6, 5, 8, 1, 0, 1, 1, 0, 1, 1, 1, 0, 1, 1, 0, 1, 1, 1, 1, 1, 1, 0, 1, 1, 1, 1, 1, 1, 1, 0]
Fitness: 949.287575 	[4, 7, 5, 0, 10, 15, 8, 14, 1, 3, 11, 0, 2, 6, 0, 13, 12, 9, 0, 0, 1, 1, 1, 1, 1, 1, 0, 1, 0, 1, 1, 1, 1, 1, 0, 1, 1, 1, 1, 1, 1, 1, 1, 0]
Fitness: 944.602997 	[7, 14, 3, 4, 0, 9, 5, 15, 0, 11, 1, 8, 0, 2, 6, 10, 12, 13, 0, 1, 0, 1, 1, 1, 0, 1, 0, 1, 1, 1, 1, 1, 1, 1, 1, 0, 1, 1, 1, 1, 1, 1, 1, 0]
Fitness: 939.423191 	[1, 0, 8, 3, 5, 0, 6, 7, 10, 14, 15, 11, 13, 0, 4, 2, 9, 12, 0, 1, 1, 1, 1, 0, 1, 1, 1, 1, 1, 0, 1, 1, 1, 1, 0, 0, 1, 1, 1, 1, 1, 1, 1, 0]
Fitness: 924.151592 	[6, 15, 7, 2, 1, 0, 12, 3, 0, 11, 8, 9, 5, 10, 13, 0, 4, 14, 0, 1, 0, 1, 1, 1, 1, 1, 0, 0, 1, 1, 1, 1, 1, 0, 1, 1, 1, 1, 1, 1, 1, 1, 1, 0]
Fitness: 921.870374 	[2, 12, 8, 15, 9, 7, 10, 13, 0, 5, 3, 6, 1, 11, 0, 14, 0, 4, 0, 1, 0, 1, 1, 1, 1, 1, 1, 1, 1, 1, 0, 1, 1, 1, 0, 1, 1, 1, 0, 1, 1, 1, 1, 0]
Fitness: 921.870374 	[2, 12, 8, 15, 9, 7, 10, 13, 0, 5, 3, 6, 1, 11, 0, 14, 0, 4, 0, 1, 0, 1, 1, 1, 1, 1, 1, 1, 1, 1, 0, 1, 1, 1, 0, 1, 1, 1, 0, 1, 1, 1, 1, 0]
Fitness: 917.336695 	[8, 9, 6, 1, 0, 15, 11, 5, 4, 10, 0, 14, 13, 0, 12, 2, 3, 7, 0, 1, 1, 1, 0, 0, 1, 1, 1, 1, 1, 1, 0, 1, 1, 1, 1, 1, 1, 1, 1, 1, 1, 0, 1, 0]
Fitness: 910.783596 	[3, 0, 6, 14, 10, 5, 4, 12, 0, 9, 11, 1, 2, 13, 0, 8, 7, 15, 0, 0, 1, 1, 1, 1, 1, 1, 1, 1, 0, 1, 1, 1, 1, 1, 0, 1, 1, 1, 1, 1, 1, 0, 1, 0]
Fitness: 910.196802 	[8, 5, 15, 14, 7, 1, 0, 12, 9, 10, 3, 2, 4, 0, 6, 0, 13, 11, 0, 1, 1, 1, 1, 1, 1, 0, 1, 1, 1, 0, 1, 1, 0, 1, 1, 1, 0, 1, 1, 1, 1, 1, 1, 0]
Fitness: 910.196802 	[8, 5, 15, 14, 7, 1, 0, 12, 9, 10, 3, 2, 4, 0, 6, 0, 13, 11, 0, 1, 1, 1, 1, 1, 1, 0, 1, 1, 1, 0, 1, 1, 0, 1, 1, 1, 0, 1, 1, 1, 1, 1, 1, 0]
Fitness: 909.312345 	[2, 0, 3, 5, 10, 0, 4, 12, 9, 1, 14, 15, 8, 0, 7, 6, 11, 13, 0, 1, 1, 0, 1, 1, 1, 1, 1, 1, 1, 1, 1, 1, 0, 1, 1, 1, 1, 1, 0, 1, 1, 0, 1, 0]
Fitness: 904.883648 	[4, 15, 6, 0, 10, 8, 2, 13, 0, 11, 14, 3, 0, 7, 5, 12, 9, 1, 0, 1, 1, 0, 1, 1, 1, 1, 0, 1, 1, 1, 1, 1, 1, 1, 1, 0, 1, 1, 1, 1, 1, 1, 0, 0]
Fitness: 901.144097 	[10, 1, 5, 13, 0, 3, 8, 6, 0, 14, 11, 4, 15, 12, 2, 0, 7, 9, 0, 1, 1, 0, 1, 1, 1, 1, 1, 1, 1, 1, 1, 0, 1, 1, 1, 1, 0, 1, 1, 1, 1, 1, 0, 0]
Fitness: 897.195972 	[9, 11, 7, 2, 1, 14, 0, 4, 15, 12, 13, 0, 8, 6, 0, 3, 5, 10, 0, 0, 1, 1, 1, 1, 1, 1, 0, 1, 1, 1, 0, 1, 1, 1, 1, 1, 1, 0, 1, 1, 1, 1, 1, 0]
Fitness: 891.090576 	[3, 5, 10, 0, 4, 15, 12, 13, 0, 8, 6, 0, 9, 11, 7, 2, 1, 14, 0, 0, 1, 1, 1, 1, 1, 1, 0, 1, 1, 1, 0, 1, 1, 1, 1, 1, 1, 0, 1, 1, 1, 1, 1, 0]
Fitness: 881.110806 	[4, 0, 9, 11, 5, 0, 7, 15, 2, 14, 12, 1, 0, 10, 13, 3, 6, 8, 0, 1, 1, 1, 0, 0, 1, 1, 1, 1, 1, 1, 1, 1, 1, 0, 1, 1, 1, 0, 1, 1, 1, 1, 1, 0]
Fitness: 881.110806 	[4, 0, 9, 11, 5, 0, 7, 15, 2, 14, 12, 1, 0, 10, 13, 3, 6, 8, 0, 1, 1, 1, 0, 0, 1, 1, 1, 1, 1, 1, 1, 1, 1, 0, 1, 1, 1, 0, 1, 1, 1, 1, 1, 0]
Fitness: 879.971366 	[4, 14, 0, 11, 8, 9, 5, 10, 13, 0, 2, 12, 3, 1, 0, 7, 6, 15, 0, 1, 0, 1, 1, 1, 1, 1, 0, 0, 1, 1, 1, 1, 1, 1, 1, 1, 1, 0, 1, 1, 1, 1, 1, 0]
Fitness: 868.071389 	[9, 4, 10, 1, 15, 7, 14, 0, 5, 12, 0, 2, 6, 3, 8, 0, 13, 11, 0, 1, 1, 0, 1, 1, 1, 1, 1, 1, 1, 1, 1, 1, 0, 1, 0, 1, 1, 1, 0, 1, 1, 1, 1, 0]
Fitness: 865.259369 	[6, 1, 4, 5, 8, 13, 0, 10, 3, 0, 7, 2, 0, 12, 14, 15, 11, 9, 0, 1, 1, 1, 0, 1, 1, 1, 1, 1, 1, 0, 1, 1, 0, 1, 1, 1, 0, 1, 1, 1, 1, 1, 1, 0]
Fitness: 865.259369 	[12, 14, 15, 11, 9, 0, 10, 3, 0, 7, 2, 0, 6, 1, 4, 5, 8, 13, 0, 1, 1, 1, 0, 1, 1, 1, 1, 1, 1, 0, 1, 1, 0, 1, 1, 1, 0, 1, 1, 1, 1, 1, 1, 0]
Fitness: 863.771444 	[2, 15, 6, 0, 14, 13, 8, 5, 0, 4, 3, 12, 0, 10, 1, 11, 9, 7, 0, 1, 0, 1, 1, 0, 1, 0, 1, 1, 1, 1, 1, 1, 1, 0, 1, 1, 1, 1, 1, 1, 1, 1, 1, 0]
Fitness: 862.648271 	[7, 13, 6, 9, 12, 15, 3, 11, 14, 0, 5, 10, 0, 8, 4, 1, 0, 2, 0, 1, 1, 0, 1, 1, 1, 1, 1, 1, 1, 0, 1, 1, 0, 1, 1, 1, 0, 1, 1, 1, 1, 1, 1, 0]
Fitness: 860.592820 	[2, 5, 0, 10, 12, 1, 14, 0, 11, 15, 7, 4, 9, 3, 6, 0, 8, 13, 0, 1, 1, 1, 1, 0, 1, 1, 1, 0, 1, 1, 1, 1, 1, 1, 0, 1, 1, 1, 1, 0, 1, 1, 1, 0]
Fitness: 846.672964 	[13, 2, 0, 14, 0, 12, 15, 9, 6, 10, 8, 0, 3, 11, 1, 5, 7, 4, 0, 1, 1, 0, 1, 0, 1, 1, 1, 1, 1, 0, 1, 1, 1, 1, 1, 1, 1, 1, 0, 1, 1, 1, 1, 0]
Fitness: 844.973852 	[1, 6, 11, 5, 4, 0, 12, 9, 2, 15, 0, 13, 14, 8, 7, 0, 3, 10, 0, 1, 1, 0, 1, 1, 1, 1, 1, 1, 1, 0, 1, 1, 1, 0, 1, 1, 1, 1, 1, 1, 1, 1, 0, 0]
Fitness: 844.973852 	[1, 6, 11, 5, 4, 0, 12, 9, 2, 15, 0, 13, 14, 8, 7, 0, 3, 10, 0, 1, 1, 0, 1, 1, 1, 1, 1, 1, 1, 0, 1, 1, 1, 0, 1, 1, 1, 1, 1, 1, 1, 1, 0, 0]
Fitness: 840.984962 	[14, 1, 11, 5, 0, 8, 12, 9, 6, 10, 3, 0, 15, 4, 7, 13, 0, 2, 0, 1, 1, 1, 1, 0, 1, 1, 1, 1, 1, 1, 1, 1, 1, 0, 1, 1, 1, 1, 1, 0, 0, 1, 1, 0]
Fitness: 840.486760 	[14, 0, 4, 1, 10, 12, 0, 6, 0, 3, 15, 8, 9, 11, 2, 7, 13, 5, 0, 1, 1, 0, 1, 1, 1, 1, 1, 0, 1, 1, 1, 1, 1, 1, 0, 1, 1, 1, 1, 1, 1, 0, 1, 0]
Fitness: 837.242250 	[4, 0, 5, 13, 3, 9, 15, 0, 7, 10, 6, 14, 2, 1, 12, 0, 8, 11, 0, 1, 1, 1, 1, 0, 1, 1, 1, 1, 1, 1, 0, 1, 0, 1, 1, 0, 1, 1, 1, 1, 1, 1, 1, 0]
Fitness: 837.242250 	[4, 0, 5, 13, 3, 9, 15, 0, 7, 10, 6, 14, 2, 1, 12, 0, 8, 11, 0, 1, 1, 1, 1, 0, 1, 1, 1, 1, 1, 1, 0, 1, 0, 1, 1, 0, 1, 1, 1, 1, 1, 1, 1, 0]
Fitness: 829.880222 	[3, 8, 2, 10, 4, 5, 0, 9, 11, 0, 12, 6, 14, 1, 0, 13, 7, 15, 0, 1, 1, 1, 1, 1, 1, 0, 1, 1, 1, 0, 1, 1, 1, 1, 0, 1, 1, 1, 0, 1, 1, 1, 1, 0]
Fitness: 814.349695 	[14, 0, 15, 13, 0, 10, 1, 0, 2, 8, 12, 4, 3, 9, 11, 6, 5, 7, 0, 1, 1, 0, 1, 1, 0, 1, 1, 1, 1, 1, 1, 0, 1, 1, 1, 1, 1, 0, 1, 1, 1, 1, 1, 0]
Fitness: 814.303638 	[7, 2, 6, 5, 0, 8, 9, 3, 10, 0, 14, 1, 11, 15, 0, 13, 4, 12, 0, 1, 1, 1, 1, 1, 1, 0, 1, 1, 1, 0, 1, 1, 0, 1, 1, 1, 1, 1, 1, 1, 1, 0, 1, 0]
Fitness: 806.461101 	[3, 8, 2, 10, 4, 5, 0, 9, 11, 0, 12, 6, 14, 1, 0, 13, 7, 15, 0, 1, 1, 1, 1, 1, 1, 0, 1, 0, 1, 1, 1, 1, 1, 1, 0, 1, 1, 1, 0, 1, 1, 1, 1, 0]
Fitness: 799.898424 	[5, 1, 13, 10, 0, 6, 14, 9, 0, 4, 12, 8, 0, 7, 11, 15, 3, 2, 0, 0, 1, 1, 1, 1, 1, 1, 0, 1, 1, 0, 1, 1, 1, 1, 1, 1, 1, 1, 1, 1, 0, 1, 1, 0]
Fitness: 796.413968 	[8, 5, 15, 14, 7, 1, 0, 13, 11, 0, 6, 0, 12, 9, 10, 3, 2, 4, 0, 1, 1, 1, 1, 1, 1, 0, 1, 1, 1, 0, 1, 1, 0, 1, 1, 1, 0, 1, 1, 1, 1, 1, 1, 0]
Fitness: 795.001009 	[10, 8, 3, 4, 5, 2, 11, 0, 6, 0, 1, 0, 12, 15, 7, 13, 14, 9, 0, 1, 0, 1, 1, 1, 1, 1, 1, 1, 1, 0, 1, 1, 1, 1, 1, 1, 1, 1, 1, 0, 1, 1, 0, 0]
Fitness: 791.068769 	[6, 9, 12, 11, 3, 0, 14, 1, 0, 4, 0, 2, 13, 8, 7, 10, 5, 15, 0, 1, 1, 1, 1, 1, 1, 1, 0, 1, 1, 1, 1, 1, 0, 1, 0, 1, 1, 1, 1, 0, 1, 1, 1, 0]
Fitness: 789.990371 	[15, 13, 0, 14, 0, 10, 1, 0, 2, 8, 12, 4, 3, 9, 11, 6, 5, 7, 0, 1, 1, 0, 1, 1, 0, 1, 1, 1, 1, 1, 1, 0, 1, 1, 1, 1, 1, 0, 1, 1, 1, 1, 1, 0]
Fitness: 786.829588 	[7, 2, 4, 6, 5, 11, 3, 0, 9, 15, 0, 12, 14, 10, 0, 13, 8, 1, 0, 1, 1, 1, 1, 1, 0, 1, 1, 1, 0, 1, 1, 1, 0, 1, 0, 1, 1, 1, 1, 1, 1, 1, 1, 0]
Fitness: 786.271090 	[4, 7, 0, 10, 15, 8, 5, 14, 1, 3, 11, 0, 2, 6, 0, 13, 12, 9, 0, 0, 1, 1, 1, 1, 1, 1, 0, 1, 1, 1, 1, 1, 0, 1, 0, 1, 1, 1, 1, 1, 1, 1, 1, 0]
Fitness: 786.163154 	[9, 8, 2, 10, 6, 0, 13, 11, 0, 4, 5, 1, 12, 15, 7, 0, 14, 3, 0, 1, 1, 0, 1, 1, 0, 1, 1, 0, 1, 1, 1, 1, 1, 1, 1, 1, 1, 1, 1, 1, 1, 0, 1, 0]
Fitness: 786.012777 	[4, 7, 5, 0, 6, 10, 14, 8, 13, 15, 3, 12, 0, 2, 9, 11, 0, 1, 0, 1, 1, 0, 1, 0, 1, 1, 0, 0, 1, 1, 1, 1, 1, 1, 1, 1, 1, 1, 1, 1, 1, 1, 1, 0]
Fitness: 785.810165 	[7, 13, 6, 4, 12, 5, 0, 8, 9, 3, 10, 0, 14, 1, 11, 15, 0, 2, 0, 1, 1, 1, 1, 1, 1, 0, 1, 1, 1, 0, 1, 1, 0, 1, 1, 1, 1, 1, 1, 1, 1, 0, 1, 0]
Fitness: 785.502780 	[15, 12, 10, 0, 4, 13, 7, 9, 0, 8, 5, 11, 14, 2, 6, 0, 3, 1, 0, 1, 1, 1, 1, 0, 1, 1, 0, 1, 1, 1, 1, 1, 1, 1, 1, 0, 1, 1, 1, 1, 1, 0, 1, 0]
Fitness: 784.644771 	[2, 5, 0, 10, 12, 14, 0, 11, 15, 7, 4, 9, 3, 6, 1, 0, 8, 13, 0, 1, 1, 1, 1, 0, 1, 1, 1, 1, 1, 1, 1, 1, 1, 1, 0, 1, 1, 0, 1, 0, 1, 1, 1, 0]
Fitness: 784.228706 	[8, 5, 14, 12, 11, 1, 0, 2, 3, 13, 7, 9, 10, 0, 6, 0, 4, 15, 0, 1, 1, 1, 0, 1, 1, 0, 1, 1, 1, 1, 1, 1, 1, 1, 1, 1, 0, 1, 0, 1, 1, 1, 1, 0]
Fitness: 775.242768 	[14, 1, 11, 0, 8, 12, 9, 6, 10, 3, 0, 15, 4, 7, 13, 0, 2, 5, 0, 1, 1, 1, 1, 1, 1, 0, 1, 1, 1, 1, 1, 1, 1, 0, 1, 1, 1, 1, 1, 0, 0, 1, 1, 0]
Fitness: 772.626834 	[3, 1, 4, 0, 13, 11, 14, 10, 8, 0, 9, 0, 6, 7, 12, 15, 5, 2, 0, 1, 1, 1, 1, 0, 0, 1, 1, 1, 0, 1, 1, 1, 1, 1, 1, 1, 1, 1, 1, 0, 1, 1, 1, 0]
Fitness: 771.160531 	[2, 7, 12, 8, 10, 15, 14, 0, 9, 4, 5, 13, 1, 0, 11, 0, 3, 6, 0, 1, 0, 1, 1, 0, 0, 1, 1, 1, 1, 1, 0, 1, 1, 1, 1, 1, 1, 1, 1, 1, 1, 1, 1, 0]
Fitness: 765.930497 	[9, 6, 1, 0, 13, 2, 14, 3, 0, 4, 12, 0, 5, 11, 7, 8, 10, 15, 0, 1, 1, 1, 1, 1, 1, 1, 0, 1, 1, 1, 0, 1, 1, 1, 1, 0, 1, 1, 1, 0, 1, 1, 1, 0]
Fitness: 765.930497 	[9, 6, 1, 0, 13, 2, 14, 3, 0, 5, 11, 7, 8, 10, 15, 0, 4, 12, 0, 1, 1, 1, 1, 1, 1, 1, 0, 1, 1, 1, 0, 1, 1, 1, 1, 0, 1, 1, 1, 0, 1, 1, 1, 0]
Fitness: 762.262869 	[6, 7, 10, 14, 15, 11, 13, 0, 8, 3, 5, 0, 1, 0, 4, 2, 9, 12, 0, 1, 1, 1, 1, 0, 1, 1, 1, 1, 1, 0, 1, 1, 1, 1, 0, 0, 1, 1, 1, 1, 1, 1, 1, 0]
Fitness: 758.716009 	[3, 14, 10, 12, 4, 1, 0, 13, 7, 15, 0, 9, 11, 0, 5, 8, 6, 2, 0, 1, 1, 1, 1, 1, 1, 0, 1, 0, 1, 1, 1, 1, 1, 1, 0, 1, 1, 1, 0, 1, 1, 1, 1, 0]
Fitness: 757.175668 	[12, 15, 7, 13, 14, 9, 0, 6, 0, 1, 0, 10, 8, 3, 4, 5, 2, 11, 0, 1, 0, 1, 1, 1, 1, 1, 1, 1, 1, 0, 1, 1, 1, 1, 1, 1, 1, 1, 1, 0, 1, 1, 0, 0]
Fitness: 757.175668 	[12, 15, 7, 13, 14, 9, 0, 6, 0, 1, 0, 10, 8, 3, 4, 5, 2, 11, 0, 1, 0, 1, 1, 1, 1, 1, 1, 1, 1, 0, 1, 1, 1, 1, 1, 1, 1, 1, 1, 0, 1, 1, 0, 0]
Fitness: 755.924791 	[9, 0, 3, 0, 7, 14, 15, 10, 11, 12, 4, 1, 0, 5, 8, 6, 13, 2, 0, 1, 1, 0, 1, 1, 1, 0, 1, 1, 1, 0, 1, 1, 1, 1, 1, 1, 1, 1, 1, 1, 1, 0, 1, 0]
Fitness: 755.924791 	[9, 0, 3, 0, 7, 14, 15, 10, 11, 12, 4, 1, 0, 5, 8, 6, 13, 2, 0, 1, 1, 0, 1, 1, 1, 0, 1, 1, 1, 0, 1, 1, 1, 1, 1, 1, 1, 1, 1, 1, 1, 0, 1, 0]
Fitness: 752.059130 	[8, 9, 10, 12, 0, 14, 3, 13, 5, 11, 4, 2, 7, 0, 15, 0, 6, 1, 0, 0, 1, 1, 1, 1, 1, 1, 0, 1, 1, 1, 0, 1, 1, 1, 1, 1, 1, 0, 1, 1, 1, 1, 1, 0]
Fitness: 748.137214 	[10, 7, 0, 11, 8, 14, 2, 12, 0, 13, 6, 4, 1, 0, 9, 5, 15, 3, 0, 1, 1, 1, 1, 0, 1, 1, 0, 1, 1, 1, 1, 1, 0, 1, 1, 1, 1, 1, 1, 1, 1, 1, 0, 0]
Fitness: 748.137214 	[10, 7, 0, 11, 8, 14, 2, 12, 0, 13, 6, 4, 1, 0, 9, 5, 15, 3, 0, 1, 1, 1, 1, 0, 1, 1, 0, 1, 1, 1, 1, 1, 0, 1, 1, 1, 1, 1, 1, 1, 1, 1, 0, 0]
Fitness: 747.687004 	[12, 5, 4, 8, 0, 9, 15, 14, 3, 10, 7, 11, 6, 0, 1, 0, 2, 13, 0, 1, 1, 1, 1, 1, 1, 1, 0, 1, 1, 1, 1, 1, 0, 1, 1, 1, 0, 1, 1, 1, 1, 0, 1, 0]
Fitness: 742.644138 	[15, 0, 9, 4, 11, 7, 12, 5, 0, 13, 2, 1, 14, 0, 8, 6, 10, 3, 0, 1, 1, 0, 1, 1, 1, 1, 1, 0, 1, 1, 1, 1, 1, 1, 1, 1, 1, 1, 0, 1, 0, 1, 1, 0]
Fitness: 741.702913 	[14, 2, 12, 15, 9, 3, 0, 10, 1, 11, 0, 6, 0, 4, 7, 13, 5, 8, 0, 0, 0, 1, 1, 1, 1, 1, 1, 1, 1, 1, 0, 1, 1, 1, 0, 1, 1, 1, 1, 1, 1, 1, 1, 0]
Fitness: 741.445147 	[12, 8, 9, 0, 15, 1, 5, 2, 4, 0, 11, 0, 3, 10, 7, 13, 6, 14, 0, 0, 1, 1, 1, 0, 1, 1, 1, 1, 1, 1, 1, 1, 1, 1, 1, 1, 1, 1, 0, 1, 0, 1, 1, 0]
Fitness: 736.475258 	[7, 2, 4, 6, 5, 11, 3, 0, 12, 14, 10, 0, 9, 15, 0, 13, 8, 1, 0, 1, 1, 1, 1, 1, 0, 1, 1, 1, 0, 1, 1, 1, 0, 1, 0, 1, 1, 1, 1, 1, 1, 1, 1, 0]
Fitness: 736.475258 	[7, 2, 4, 6, 5, 11, 3, 0, 12, 14, 10, 0, 9, 15, 0, 13, 8, 1, 0, 1, 1, 1, 1, 1, 0, 1, 1, 1, 0, 1, 1, 1, 0, 1, 0, 1, 1, 1, 1, 1, 1, 1, 1, 0]
Fitness: 734.880777 	[9, 11, 0, 13, 7, 15, 0, 3, 14, 10, 12, 4, 1, 0, 5, 8, 6, 2, 0, 1, 1, 1, 1, 1, 1, 0, 1, 0, 1, 1, 1, 1, 1, 1, 0, 1, 1, 1, 0, 1, 1, 1, 1, 0]
Fitness: 730.246838 	[9, 4, 11, 7, 12, 5, 0, 15, 0, 13, 2, 1, 14, 0, 8, 6, 10, 3, 0, 1, 1, 0, 1, 1, 1, 1, 1, 0, 1, 1, 1, 1, 1, 1, 1, 1, 1, 1, 0, 1, 0, 1, 1, 0]
Fitness: 729.717714 	[9, 13, 0, 12, 14, 2, 0, 8, 4, 3, 1, 0, 10, 7, 6, 15, 5, 11, 0, 1, 1, 1, 1, 1, 1, 1, 0, 1, 1, 1, 1, 1, 1, 1, 1, 0, 1, 1, 0, 0, 1, 1, 1, 0]
Fitness: 725.746342 	[13, 0, 1, 7, 2, 6, 0, 8, 14, 0, 3, 9, 11, 4, 10, 5, 12, 15, 0, 1, 1, 1, 1, 0, 1, 1, 1, 1, 1, 1, 0, 1, 1, 0, 1, 1, 1, 1, 1, 1, 1, 1, 0, 0]
Fitness: 712.596519 	[1, 0, 13, 5, 10, 2, 0, 3, 8, 6, 7, 9, 0, 14, 11, 4, 15, 12, 0, 0, 1, 1, 1, 1, 1, 1, 1, 1, 1, 1, 1, 0, 1, 1, 1, 1, 1, 1, 1, 1, 1, 0, 0, 0]
Fitness: 710.209623 	[9, 3, 7, 6, 8, 0, 11, 1, 0, 14, 4, 10, 5, 0, 2, 12, 15, 13, 0, 1, 1, 1, 1, 1, 1, 0, 1, 1, 1, 1, 1, 1, 1, 0, 1, 1, 1, 1, 1, 1, 0, 1, 0, 0]
Fitness: 706.743603 	[8, 5, 15, 11, 7, 1, 0, 13, 9, 6, 3, 2, 4, 0, 10, 0, 14, 12, 0, 0, 1, 1, 1, 1, 1, 1, 0, 1, 1, 1, 1, 1, 1, 1, 1, 1, 0, 1, 1, 0, 1, 1, 1, 0]
Fitness: 700.224623 	[6, 11, 8, 0, 10, 7, 9, 15, 0, 14, 3, 1, 5, 12, 13, 4, 0, 2, 0, 1, 1, 0, 1, 1, 1, 1, 1, 1, 1, 0, 1, 1, 1, 1, 1, 1, 1, 0, 1, 0, 1, 1, 1, 0]
Fitness: 695.315105 	[9, 13, 0, 14, 12, 0, 7, 4, 11, 5, 8, 0, 3, 1, 10, 2, 15, 6, 0, 0, 1, 1, 0, 1, 1, 1, 1, 1, 1, 1, 1, 1, 1, 0, 1, 0, 1, 1, 1, 1, 1, 1, 1, 0]
Fitness: 695.018364 	[12, 3, 0, 7, 14, 4, 9, 15, 1, 8, 2, 0, 10, 13, 5, 6, 0, 11, 0, 1, 1, 1, 1, 1, 0, 1, 1, 0, 0, 1, 1, 1, 1, 1, 0, 1, 1, 1, 1, 1, 1, 1, 1, 0]
Fitness: 695.018364 	[12, 3, 0, 7, 14, 4, 9, 15, 1, 8, 2, 0, 10, 13, 5, 6, 0, 11, 0, 1, 1, 1, 1, 1, 0, 1, 1, 0, 0, 1, 1, 1, 1, 1, 0, 1, 1, 1, 1, 1, 1, 1, 1, 0]
Fitness: 693.190623 	[13, 8, 0, 1, 7, 2, 6, 0, 14, 0, 3, 9, 11, 4, 10, 5, 12, 15, 0, 0, 1, 1, 1, 0, 1, 1, 1, 1, 1, 1, 1, 1, 1, 0, 1, 1, 1, 1, 1, 1, 1, 1, 0, 0]
Fitness: 690.621425 	[15, 9, 0, 4, 11, 5, 6, 0, 3, 13, 12, 14, 2, 0, 1, 10, 7, 8, 0, 1, 1, 1, 1, 0, 1, 1, 1, 1, 1, 1, 1, 1, 1, 1, 1, 1, 0, 1, 1, 0, 1, 1, 0, 0]
Fitness: 686.310545 	[6, 15, 7, 2, 3, 1, 0, 12, 0, 11, 8, 9, 5, 10, 13, 0, 4, 14, 0, 1, 0, 1, 1, 1, 1, 1, 0, 0, 1, 1, 1, 1, 1, 1, 1, 1, 1, 0, 1, 1, 1, 1, 1, 0]
Fitness: 686.310545 	[6, 15, 7, 2, 3, 1, 0, 12, 0, 11, 8, 9, 5, 10, 13, 0, 4, 14, 0, 1, 0, 1, 1, 1, 1, 1, 0, 0, 1, 1, 1, 1, 1, 1, 1, 1, 1, 0, 1, 1, 1, 1, 1, 0]
Fitness: 686.078507 	[14, 12, 0, 13, 9, 6, 3, 2, 4, 0, 10, 0, 8, 5, 15, 11, 7, 1, 0, 0, 1, 1, 1, 1, 1, 1, 0, 1, 1, 1, 1, 1, 1, 1, 1, 1, 0, 1, 1, 0, 1, 1, 1, 0]
Fitness: 683.615762 	[5, 10, 9, 13, 8, 1, 0, 3, 12, 7, 11, 0, 15, 0, 14, 2, 6, 4, 0, 1, 0, 1, 1, 1, 1, 0, 1, 1, 0, 1, 1, 1, 1, 1, 1, 1, 1, 1, 1, 1, 1, 0, 1, 0]
Fitness: 683.615762 	[5, 10, 9, 13, 8, 1, 0, 3, 12, 7, 11, 0, 15, 0, 14, 2, 6, 4, 0, 1, 0, 1, 1, 1, 1, 0, 1, 1, 0, 1, 1, 1, 1, 1, 1, 1, 1, 1, 1, 1, 1, 0, 1, 0]
Fitness: 924.151592 	[6, 15, 7, 2, 1, 0, 12, 3, 0, 11, 8, 9, 5, 10, 13, 0, 4, 14, 0, 1, 0, 1, 1, 1, 1, 1, 0, 0, 1, 1, 1, 1, 1, 0, 1, 1, 1, 1, 1, 1, 1, 1, 1, 0]
Fitness: 1137.989867 	[9, 11, 5, 0, 1, 0, 4, 3, 0, 12, 2, 6, 7, 8, 10, 13, 14, 15, 0, 1, 0, 1, 1, 1, 1, 1, 0, 1, 1, 1, 1, 0, 1, 1, 1, 0, 1, 1, 1, 1, 1, 1, 1, 0]
Fitness: 924.151592 	[6, 15, 7, 2, 1, 0, 4, 14, 0, 9, 3, 0, 12, 11, 5, 8, 10, 13, 0, 1, 0, 1, 1, 1, 1, 1, 0, 0, 1, 1, 1, 1, 1, 0, 1, 1, 1, 1, 1, 1, 1, 1, 1, 0]
Fitness: 695.018364 	[12, 3, 0, 7, 14, 4, 9, 15, 1, 8, 2, 0, 10, 13, 5, 6, 0, 11, 0, 1, 1, 1, 1, 1, 1, 0, 1, 0, 0, 1, 1, 1, 1, 1, 0, 1, 1, 1, 1, 1, 1, 1, 1, 0]
Fitness: 910.196802 	[8, 5, 15, 14, 7, 1, 0, 12, 9, 10, 3, 2, 4, 0, 6, 0, 13, 11, 0, 1, 1, 1, 1, 1, 1, 0, 1, 1, 1, 0, 1, 1, 0, 1, 1, 1, 0, 1, 1, 1, 1, 1, 1, 0]
Fitness: 695.018364 	[8, 11, 15, 14, 7, 1, 0, 9, 2, 4, 0, 12, 3, 0, 10, 13, 5, 6, 0, 1, 1, 1, 1, 1, 0, 1, 1, 0, 0, 1, 1, 1, 1, 1, 0, 1, 1, 1, 1, 1, 1, 1, 1, 0]
Fitness: 772.626834 	[3, 1, 4, 0, 13, 11, 14, 10, 8, 0, 9, 0, 6, 7, 12, 15, 5, 2, 0, 1, 1, 0, 1, 1, 1, 1, 1, 1, 1, 0, 1, 1, 0, 1, 1, 1, 0, 1, 1, 1, 1, 1, 1, 0]
Fitness: 862.648271 	[7, 13, 6, 9, 12, 15, 3, 11, 14, 0, 5, 10, 0, 8, 4, 1, 0, 2, 0, 1, 1, 0, 1, 1, 1, 1, 1, 1, 1, 0, 1, 1, 0, 1, 1, 1, 0, 1, 1, 1, 1, 1, 1, 0]
Fitness: 772.626834 	[7, 5, 6, 9, 12, 15, 0, 13, 11, 14, 10, 8, 0, 3, 1, 4, 0, 2, 0, 1, 1, 1, 1, 0, 0, 1, 1, 1, 0, 1, 1, 1, 1, 1, 1, 1, 1, 1, 1, 0, 1, 1, 1, 0]
Fitness: 921.870374 	[2, 12, 8, 15, 9, 7, 10, 13, 0, 5, 3, 6, 1, 11, 0, 14, 0, 4, 0, 1, 0, 1, 1, 1, 1, 1, 1, 1, 1, 1, 0, 1, 1, 1, 0, 1, 1, 1, 0, 1, 1, 1, 1, 0]
Fitness: 949.287575 	[4, 7, 5, 0, 10, 15, 8, 14, 1, 3, 11, 0, 2, 6, 0, 13, 12, 9, 0, 0, 1, 1, 1, 1, 1, 1, 0, 1, 0, 1, 1, 1, 1, 1, 0, 1, 1, 1, 1, 1, 1, 1, 1, 0]
Fitness: 921.870374 	[9, 7, 2, 0, 10, 15, 8, 14, 12, 13, 0, 5, 3, 6, 1, 11, 0, 4, 0, 1, 0, 1, 1, 1, 1, 1, 1, 1, 1, 1, 0, 1, 1, 1, 0, 1, 1, 1, 0, 1, 1, 1, 1, 0]
Fitness: 765.930497 	[9, 6, 1, 0, 13, 2, 14, 3, 0, 5, 11, 7, 8, 10, 15, 0, 4, 12, 0, 1, 1, 1, 1, 1, 1, 1, 0, 1, 1, 1, 0, 1, 1, 1, 1, 0, 1, 1, 1, 0, 1, 1, 1, 0]
Fitness: 690.621425 	[15, 9, 0, 4, 11, 5, 6, 0, 3, 13, 12, 14, 2, 0, 1, 10, 7, 8, 0, 1, 1, 1, 1, 0, 1, 1, 1, 1, 1, 1, 1, 1, 1, 1, 1, 1, 0, 1, 1, 0, 1, 1, 0, 0]
Fitness: 765.930497 	[1, 9, 0, 2, 3, 13, 6, 0, 5, 11, 7, 8, 10, 15, 0, 4, 12, 14, 0, 1, 1, 1, 1, 1, 1, 1, 0, 1, 1, 1, 0, 1, 1, 1, 1, 0, 1, 1, 1, 0, 1, 1, 1, 0]
Fitness: 784.644771 	[2, 5, 0, 10, 12, 14, 0, 11, 15, 7, 4, 9, 3, 6, 1, 0, 8, 13, 0, 1, 1, 1, 1, 0, 1, 1, 1, 1, 1, 1, 1, 1, 1, 1, 0, 1, 1, 0, 1, 0, 1, 1, 1, 0]
Fitness: 765.930497 	[9, 6, 1, 0, 13, 2, 14, 3, 0, 4, 12, 0, 5, 11, 7, 8, 10, 15, 0, 1, 1, 1, 1, 1, 1, 1, 0, 1, 1, 1, 0, 1, 1, 1, 1, 0, 1, 1, 1, 0, 1, 1, 1, 0]
Fitness: 784.644771 	[2, 12, 14, 0, 8, 13, 0, 11, 15, 7, 4, 9, 3, 6, 1, 0, 5, 10, 0, 1, 1, 1, 1, 0, 1, 1, 1, 1, 1, 1, 1, 1, 1, 1, 0, 1, 1, 0, 1, 0, 1, 1, 1, 0]
Fitness: 961.429680 	[10, 6, 12, 2, 8, 13, 1, 0, 11, 0, 7, 14, 3, 4, 0, 9, 5, 15, 0, 1, 0, 1, 1, 1, 0, 1, 0, 1, 1, 1, 1, 1, 1, 1, 1, 0, 1, 1, 1, 1, 1, 1, 1, 0]
Fitness: 957.853856 	[5, 8, 6, 12, 0, 3, 14, 2, 1, 0, 7, 11, 4, 0, 15, 9, 10, 13, 0, 0, 1, 1, 1, 1, 1, 1, 0, 1, 1, 1, 1, 1, 1, 0, 1, 0, 1, 1, 1, 1, 1, 1, 1, 0]
Fitness: 961.429680 	[10, 6, 12, 2, 8, 13, 1, 0, 11, 0, 7, 3, 4, 0, 15, 9, 5, 14, 0, 1, 0, 1, 1, 1, 0, 1, 0, 1, 1, 1, 1, 1, 1, 1, 1, 0, 1, 1, 1, 1, 1, 1, 1, 0]
Fitness: 683.615762 	[5, 10, 9, 13, 8, 1, 0, 3, 12, 7, 11, 0, 15, 0, 14, 2, 6, 4, 0, 1, 0, 1, 1, 1, 1, 1, 0, 1, 1, 0, 1, 1, 1, 1, 1, 1, 1, 1, 1, 1, 1, 0, 1, 0]
Fitness: 799.898424 	[5, 1, 13, 10, 0, 6, 14, 9, 0, 4, 12, 8, 0, 7, 11, 15, 3, 2, 0, 0, 1, 1, 1, 1, 1, 1, 0, 1, 1, 0, 1, 1, 1, 1, 1, 1, 1, 1, 1, 1, 0, 1, 1, 0]
Fitness: 683.615762 	[5, 10, 9, 13, 8, 1, 0, 15, 0, 4, 12, 6, 0, 7, 11, 14, 3, 2, 0, 1, 0, 1, 1, 1, 1, 0, 1, 1, 0, 1, 1, 1, 1, 1, 1, 1, 1, 1, 1, 1, 1, 0, 1, 0]
Fitness: 865.259369 	[12, 14, 15, 11, 9, 0, 10, 3, 0, 7, 2, 0, 6, 1, 4, 5, 8, 13, 0, 1, 1, 0, 1, 1, 1, 1, 1, 1, 1, 0, 1, 1, 0, 1, 1, 1, 0, 1, 1, 1, 1, 1, 1, 0]
Fitness: 755.924791 	[9, 0, 3, 0, 7, 14, 15, 10, 11, 12, 4, 1, 0, 5, 8, 6, 13, 2, 0, 1, 1, 0, 1, 1, 1, 0, 1, 1, 1, 0, 1, 1, 1, 1, 1, 1, 1, 1, 1, 1, 1, 0, 1, 0]
Fitness: 865.259369 	[9, 0, 6, 1, 4, 5, 8, 13, 0, 10, 3, 0, 7, 11, 12, 14, 2, 15, 0, 1, 1, 1, 0, 1, 1, 1, 1, 1, 1, 0, 1, 1, 0, 1, 1, 1, 0, 1, 1, 1, 1, 1, 1, 0]
Fitness: 789.990371 	[15, 13, 0, 14, 0, 10, 1, 0, 2, 8, 12, 4, 3, 9, 11, 6, 5, 7, 0, 1, 1, 0, 1, 1, 1, 1, 1, 1, 1, 0, 1, 1, 1, 0, 1, 1, 1, 0, 1, 1, 1, 1, 1, 0]
Fitness: 844.973852 	[1, 6, 11, 5, 4, 0, 12, 9, 2, 15, 0, 13, 14, 8, 7, 0, 3, 10, 0, 1, 1, 0, 1, 1, 1, 1, 1, 1, 1, 0, 1, 1, 1, 0, 1, 1, 1, 1, 1, 1, 1, 1, 0, 0]
Fitness: 789.990371 	[2, 6, 11, 5, 4, 0, 10, 1, 0, 15, 13, 0, 3, 7, 8, 9, 12, 14, 0, 1, 1, 0, 1, 1, 0, 1, 1, 1, 1, 1, 1, 0, 1, 1, 1, 1, 1, 0, 1, 1, 1, 1, 1, 0]
Fitness: 865.259369 	[6, 1, 4, 5, 8, 13, 0, 10, 3, 0, 7, 2, 0, 12, 14, 15, 11, 9, 0, 1, 1, 1, 0, 1, 1, 1, 1, 1, 1, 0, 1, 1, 0, 1, 1, 1, 0, 1, 1, 1, 1, 1, 1, 0]
Fitness: 910.196802 	[8, 5, 15, 14, 7, 1, 0, 12, 9, 10, 3, 2, 4, 0, 6, 0, 13, 11, 0, 1, 1, 1, 1, 1, 1, 0, 1, 1, 1, 0, 1, 1, 0, 1, 1, 1, 0, 1, 1, 1, 1, 1, 1, 0]
Fitness: 865.259369 	[12, 14, 15, 11, 9, 0, 10, 3, 0, 6, 0, 13, 1, 2, 4, 5, 7, 8, 0, 1, 1, 1, 0, 1, 1, 1, 1, 1, 1, 0, 1, 1, 0, 1, 1, 1, 0, 1, 1, 1, 1, 1, 1, 0]
Fitness: 736.475258 	[7, 2, 4, 6, 5, 11, 3, 0, 12, 14, 10, 0, 9, 15, 0, 13, 8, 1, 0, 1, 1, 1, 1, 1, 0, 1, 1, 1, 0, 1, 1, 1, 1, 1, 0, 1, 1, 1, 0, 1, 1, 1, 1, 0]
Fitness: 758.716009 	[3, 14, 10, 12, 4, 1, 0, 13, 7, 15, 0, 9, 11, 0, 5, 8, 6, 2, 0, 1, 1, 1, 1, 1, 1, 0, 1, 0, 1, 1, 1, 1, 1, 1, 0, 1, 1, 1, 0, 1, 1, 1, 1, 0]
Fitness: 736.475258 	[3, 2, 5, 6, 4, 9, 0, 11, 7, 15, 0, 13, 8, 1, 0, 12, 14, 10, 0, 1, 1, 1, 1, 1, 0, 1, 1, 1, 0, 1, 1, 1, 0, 1, 0, 1, 1, 1, 1, 1, 1, 1, 1, 0]
Fitness: 837.242250 	[4, 0, 5, 13, 3, 9, 15, 0, 7, 10, 6, 14, 2, 1, 12, 0, 8, 11, 0, 1, 1, 1, 1, 0, 1, 0, 1, 1, 1, 1, 1, 1, 0, 1, 1, 0, 1, 1, 1, 1, 1, 1, 1, 0]
Fitness: 784.228706 	[8, 5, 14, 12, 11, 1, 0, 2, 3, 13, 7, 9, 10, 0, 6, 0, 4, 15, 0, 1, 1, 1, 0, 1, 1, 0, 1, 1, 1, 1, 1, 1, 1, 1, 1, 1, 0, 1, 0, 1, 1, 1, 1, 0]
Fitness: 837.242250 	[8, 4, 11, 0, 14, 2, 1, 12, 0, 7, 10, 6, 0, 5, 13, 3, 9, 15, 0, 1, 1, 1, 1, 0, 1, 1, 1, 1, 1, 1, 0, 1, 0, 1, 1, 0, 1, 1, 1, 1, 1, 1, 1, 0]
Fitness: 860.592820 	[2, 5, 0, 10, 12, 1, 14, 0, 11, 15, 7, 4, 9, 3, 6, 0, 8, 13, 0, 1, 1, 1, 1, 0, 1, 0, 1, 1, 1, 1, 1, 1, 1, 1, 0, 1, 1, 1, 1, 0, 1, 1, 1, 0]
Fitness: 785.810165 	[7, 13, 6, 4, 12, 5, 0, 8, 9, 3, 10, 0, 14, 1, 11, 15, 0, 2, 0, 1, 1, 1, 1, 1, 1, 0, 1, 1, 1, 0, 1, 1, 0, 1, 1, 1, 1, 1, 1, 1, 1, 0, 1, 0]
Fitness: 860.592820 	[7, 2, 6, 4, 11, 5, 0, 15, 9, 3, 0, 10, 12, 1, 14, 0, 8, 13, 0, 1, 1, 1, 1, 0, 1, 1, 1, 0, 1, 1, 1, 1, 1, 1, 0, 1, 1, 1, 1, 0, 1, 1, 1, 0]
Fitness: 917.336695 	[8, 9, 6, 1, 0, 15, 11, 5, 4, 10, 0, 14, 13, 0, 12, 2, 3, 7, 0, 1, 1, 1, 0, 0, 1, 1, 1, 1, 1, 0, 1, 1, 1, 1, 1, 1, 1, 1, 1, 1, 1, 0, 1, 0]
Fitness: 844.973852 	[1, 6, 11, 5, 4, 0, 12, 9, 2, 15, 0, 13, 14, 8, 7, 0, 3, 10, 0, 1, 1, 0, 1, 1, 1, 1, 1, 1, 1, 0, 1, 1, 1, 0, 1, 1, 1, 1, 1, 1, 1, 1, 0, 0]
Fitness: 917.336695 	[1, 6, 8, 13, 14, 0, 9, 0, 12, 2, 3, 7, 0, 15, 11, 5, 4, 10, 0, 1, 1, 1, 0, 0, 1, 1, 1, 1, 1, 1, 0, 1, 1, 1, 1, 1, 1, 1, 1, 1, 1, 0, 1, 0]
Fitness: 775.242768 	[14, 1, 11, 0, 8, 12, 9, 6, 10, 3, 0, 15, 4, 7, 13, 0, 2, 5, 0, 1, 1, 1, 1, 1, 1, 1, 0, 1, 1, 1, 1, 1, 1, 0, 1, 1, 1, 1, 1, 0, 0, 1, 1, 0]
Fitness: 686.310545 	[6, 15, 7, 2, 3, 1, 0, 12, 0, 11, 8, 9, 5, 10, 13, 0, 4, 14, 0, 1, 0, 1, 1, 1, 1, 1, 0, 0, 1, 1, 1, 1, 1, 1, 1, 1, 1, 0, 1, 1, 1, 1, 1, 0]
Fitness: 775.242768 	[15, 4, 7, 13, 0, 8, 12, 9, 6, 10, 3, 0, 11, 1, 2, 5, 0, 14, 0, 1, 1, 1, 1, 1, 1, 0, 1, 1, 1, 1, 1, 1, 1, 0, 1, 1, 1, 1, 1, 0, 0, 1, 1, 0]
Fitness: 695.315105 	[9, 13, 0, 14, 12, 0, 7, 4, 11, 5, 8, 0, 3, 1, 10, 2, 15, 6, 0, 0, 1, 1, 1, 1, 1, 1, 0, 1, 1, 1, 1, 1, 1, 0, 1, 0, 1, 1, 1, 1, 1, 1, 1, 0]
Fitness: 706.743603 	[8, 5, 15, 11, 7, 1, 0, 13, 9, 6, 3, 2, 4, 0, 10, 0, 14, 12, 0, 0, 1, 1, 1, 1, 1, 1, 0, 1, 1, 1, 1, 1, 1, 1, 1, 1, 0, 1, 1, 0, 1, 1, 1, 0]
Fitness: 695.315105 	[8, 5, 9, 11, 7, 4, 0, 3, 1, 10, 2, 15, 6, 0, 14, 12, 0, 13, 0, 0, 1, 1, 0, 1, 1, 1, 1, 1, 1, 1, 1, 1, 1, 0, 1, 0, 1, 1, 1, 1, 1, 1, 1, 0]
Fitness: 944.602997 	[7, 14, 3, 4, 0, 9, 5, 15, 0, 11, 1, 8, 0, 2, 6, 10, 12, 13, 0, 1, 0, 1, 1, 1, 0, 1, 0, 1, 1, 1, 1, 1, 1, 1, 1, 0, 1, 1, 1, 1, 1, 1, 1, 0]
Fitness: 939.423191 	[1, 0, 8, 3, 5, 0, 6, 7, 10, 14, 15, 11, 13, 0, 4, 2, 9, 12, 0, 1, 1, 1, 1, 0, 1, 1, 1, 1, 1, 0, 1, 1, 1, 1, 0, 0, 1, 1, 1, 1, 1, 1, 1, 0]
Fitness: 944.602997 	[1, 0, 2, 6, 10, 12, 13, 0, 7, 14, 3, 4, 0, 8, 11, 9, 5, 15, 0, 1, 0, 1, 1, 1, 0, 1, 0, 1, 1, 1, 1, 1, 1, 1, 1, 0, 1, 1, 1, 1, 1, 1, 1, 0]
Fitness: 729.717714 	[9, 13, 0, 12, 14, 2, 0, 8, 4, 3, 1, 0, 10, 7, 6, 15, 5, 11, 0, 1, 1, 1, 1, 1, 0, 1, 1, 1, 1, 1, 1, 1, 1, 1, 1, 0, 1, 1, 0, 0, 1, 1, 1, 0]
Fitness: 736.475258 	[7, 2, 4, 6, 5, 11, 3, 0, 12, 14, 10, 0, 9, 15, 0, 13, 8, 1, 0, 1, 1, 1, 1, 1, 0, 1, 1, 1, 0, 1, 1, 1, 0, 1, 0, 1, 1, 1, 1, 1, 1, 1, 1, 0]
Fitness: 729.717714 	[9, 4, 3, 0, 10, 7, 6, 15, 5, 11, 0, 12, 14, 2, 0, 13, 8, 1, 0, 1, 1, 1, 1, 1, 1, 1, 0, 1, 1, 1, 1, 1, 1, 1, 1, 0, 1, 1, 0, 0, 1, 1, 1, 0]
Fitness: 757.175668 	[12, 15, 7, 13, 14, 9, 0, 6, 0, 1, 0, 10, 8, 3, 4, 5, 2, 11, 0, 1, 0, 1, 1, 1, 1, 1, 1, 1, 1, 0, 1, 1, 1, 1, 1, 1, 1, 1, 1, 0, 1, 1, 0, 0]
Fitness: 879.971366 	[4, 14, 0, 11, 8, 9, 5, 10, 13, 0, 2, 12, 3, 1, 0, 7, 6, 15, 0, 1, 0, 1, 1, 1, 1, 1, 0, 0, 1, 1, 1, 1, 1, 1, 1, 1, 1, 0, 1, 1, 1, 1, 1, 0]
Fitness: 757.175668 	[1, 0, 12, 15, 7, 13, 14, 9, 0, 10, 8, 3, 4, 5, 2, 11, 0, 6, 0, 1, 0, 1, 1, 1, 1, 1, 1, 1, 1, 0, 1, 1, 1, 1, 1, 1, 1, 1, 1, 0, 1, 1, 0, 0]
Fitness: 1153.886254 	[1, 0, 9, 11, 5, 0, 4, 3, 0, 12, 2, 6, 7, 8, 10, 13, 14, 15, 0, 1, 0, 1, 1, 1, 1, 1, 0, 1, 1, 1, 0, 1, 1, 1, 1, 0, 1, 1, 1, 1, 1, 1, 1, 0]
Fitness: 771.160531 	[2, 7, 12, 8, 10, 15, 14, 0, 9, 4, 5, 13, 1, 0, 11, 0, 3, 6, 0, 1, 0, 1, 1, 0, 0, 1, 1, 1, 1, 1, 0, 1, 1, 1, 1, 1, 1, 1, 1, 1, 1, 1, 1, 0]
Fitness: 1153.886254 	[2, 7, 12, 8, 10, 15, 14, 0, 4, 3, 0, 9, 11, 5, 0, 1, 6, 13, 0, 1, 0, 1, 1, 1, 1, 1, 0, 1, 1, 1, 1, 0, 1, 1, 1, 0, 1, 1, 1, 1, 1, 1, 1, 0]
Fitness: 806.461101 	[3, 8, 2, 10, 4, 5, 0, 9, 11, 0, 12, 6, 14, 1, 0, 13, 7, 15, 0, 1, 1, 1, 1, 1, 1, 0, 1, 0, 1, 1, 1, 1, 1, 1, 0, 1, 1, 1, 0, 1, 1, 1, 1, 0]
Fitness: 829.880222 	[3, 8, 2, 10, 4, 5, 0, 9, 11, 0, 12, 6, 14, 1, 0, 13, 7, 15, 0, 1, 1, 1, 1, 1, 1, 0, 1, 1, 1, 0, 1, 1, 1, 1, 0, 1, 1, 1, 0, 1, 1, 1, 1, 0]
Fitness: 806.461101 	[3, 8, 2, 10, 4, 5, 0, 12, 6, 14, 1, 0, 9, 11, 0, 13, 7, 15, 0, 1, 1, 1, 1, 1, 1, 0, 1, 0, 1, 1, 1, 1, 1, 1, 0, 1, 1, 1, 0, 1, 1, 1, 1, 0]
Fitness: 725.746342 	[13, 0, 1, 7, 2, 6, 0, 8, 14, 0, 3, 9, 11, 4, 10, 5, 12, 15, 0, 1, 1, 0, 1, 1, 1, 1, 1, 1, 1, 1, 0, 1, 1, 0, 1, 1, 1, 1, 1, 1, 1, 1, 0, 0]
Fitness: 786.163154 	[9, 8, 2, 10, 6, 0, 13, 11, 0, 4, 5, 1, 12, 15, 7, 0, 14, 3, 0, 1, 1, 0, 1, 1, 0, 1, 1, 0, 1, 1, 1, 1, 1, 1, 1, 1, 1, 1, 1, 1, 1, 0, 1, 0]
Fitness: 725.746342 	[3, 9, 11, 4, 0, 8, 14, 0, 2, 13, 1, 6, 7, 0, 10, 5, 12, 15, 0, 1, 1, 1, 1, 0, 1, 1, 1, 1, 1, 1, 0, 1, 1, 0, 1, 1, 1, 1, 1, 1, 1, 1, 0, 0]
Fitness: 795.001009 	[10, 8, 3, 4, 5, 2, 11, 0, 6, 0, 1, 0, 12, 15, 7, 13, 14, 9, 0, 1, 0, 1, 1, 1, 1, 1, 1, 1, 1, 0, 1, 1, 1, 1, 1, 1, 1, 1, 1, 0, 1, 1, 0, 0]
Fitness: 686.310545 	[6, 15, 7, 2, 3, 1, 0, 12, 0, 11, 8, 9, 5, 10, 13, 0, 4, 14, 0, 1, 0, 1, 1, 1, 1, 1, 0, 0, 1, 1, 1, 1, 1, 1, 1, 1, 1, 0, 1, 1, 1, 1, 1, 0]
Fitness: 795.001009 	[6, 0, 12, 15, 7, 13, 14, 9, 0, 11, 8, 1, 5, 10, 2, 0, 4, 3, 0, 1, 0, 1, 1, 1, 1, 1, 1, 1, 1, 0, 1, 1, 1, 1, 1, 1, 1, 1, 1, 0, 1, 1, 0, 0]
Fitness: 837.242250 	[4, 0, 5, 13, 3, 9, 15, 0, 7, 10, 6, 14, 2, 1, 12, 0, 8, 11, 0, 1, 1, 1, 1, 0, 1, 1, 1, 1, 1, 1, 0, 1, 0, 1, 0, 1, 1, 1, 1, 1, 1, 1, 1, 0]
Fitness: 868.071389 	[9, 4, 10, 1, 15, 7, 14, 0, 5, 12, 0, 2, 6, 3, 8, 0, 13, 11, 0, 1, 1, 0, 1, 1, 1, 1, 1, 1, 1, 1, 1, 1, 0, 1, 0, 1, 1, 1, 0, 1, 1, 1, 1, 0]
Fitness: 837.242250 	[8, 11, 0, 4, 0, 2, 6, 3, 1, 0, 13, 5, 7, 9, 10, 12, 14, 15, 0, 1, 1, 1, 1, 0, 1, 1, 1, 1, 1, 1, 0, 1, 0, 1, 1, 0, 1, 1, 1, 1, 1, 1, 1, 0]
Fitness: 725.746342 	[13, 12, 0, 1, 7, 2, 6, 0, 8, 14, 0, 3, 9, 11, 4, 10, 5, 15, 0, 1, 1, 0, 1, 1, 0, 1, 1, 1, 1, 1, 0, 1, 1, 0, 1, 1, 1, 1, 1, 1, 1, 1, 1, 0]
Fitness: 796.413968 	[8, 5, 15, 14, 7, 1, 0, 13, 0, 6, 0, 12, 9, 10, 3, 2, 4, 11, 0, 1, 1, 1, 1, 1, 1, 0, 1, 1, 1, 1, 0, 1, 0, 1, 1, 1, 0, 1, 1, 1, 1, 1, 1, 0]
Fitness: 765.930497 	[9, 6, 1, 5, 0, 13, 2, 14, 3, 0, 4, 12, 0, 11, 7, 8, 10, 15, 0, 1, 1, 1, 1, 1, 1, 1, 0, 1, 1, 0, 0, 1, 1, 1, 1, 0, 1, 1, 1, 1, 1, 1, 1, 0]
Fitness: 881.110806 	[7, 15, 2, 0, 9, 11, 5, 4, 0, 14, 12, 1, 0, 10, 13, 3, 6, 8, 0, 1, 1, 1, 1, 0, 1, 1, 0, 1, 1, 1, 1, 1, 1, 0, 1, 1, 1, 0, 1, 1, 1, 1, 1, 0]
Fitness: 1137.989867 	[9, 11, 5, 0, 1, 6, 0, 4, 3, 0, 12, 2, 7, 8, 10, 13, 14, 15, 0, 1, 0, 1, 1, 1, 1, 1, 0, 1, 1, 1, 1, 1, 1, 1, 1, 0, 1, 1, 1, 1, 1, 1, 0, 0]
Fitness: 868.071389 	[9, 4, 10, 1, 15, 7, 0, 5, 12, 0, 2, 6, 3, 8, 14, 0, 13, 11, 0, 1, 1, 1, 1, 1, 1, 1, 1, 1, 1, 1, 1, 0, 0, 1, 0, 1, 1, 1, 0, 1, 1, 1, 1, 0]
Fitness: 690.621425 	[15, 9, 0, 4, 11, 5, 6, 0, 3, 13, 12, 14, 2, 1, 0, 10, 7, 8, 0, 1, 1, 1, 1, 0, 1, 1, 1, 1, 1, 1, 1, 1, 1, 1, 0, 1, 1, 1, 1, 0, 1, 1, 0, 0]
Fitness: 844.973852 	[1, 6, 11, 5, 4, 0, 12, 9, 2, 15, 0, 13, 14, 7, 0, 3, 10, 8, 0, 0, 1, 0, 1, 1, 1, 1, 1, 1, 1, 1, 1, 1, 1, 0, 1, 1, 1, 1, 1, 1, 1, 1, 0, 0]
Fitness: 729.717714 	[9, 13, 0, 12, 14, 2, 0, 8, 4, 1, 0, 10, 7, 6, 15, 5, 11, 3, 0, 1, 1, 1, 1, 1, 1, 1, 0, 1, 1, 1, 1, 1, 1, 1, 1, 1, 1, 1, 0, 0, 0, 1, 1, 0]
Fitness: 784.644771 	[2, 5, 14, 0, 10, 12, 0, 11, 15, 7, 4, 9, 3, 6, 1, 0, 8, 13, 0, 1, 1, 1, 1, 0, 1, 1, 1, 0, 1, 1, 1, 1, 1, 1, 1, 1, 1, 0, 1, 0, 1, 1, 1, 0]
Fitness: 757.175668 	[13, 14, 9, 6, 0, 12, 15, 7, 0, 1, 0, 10, 8, 3, 4, 5, 2, 11, 0, 1, 1, 0, 1, 1, 1, 1, 1, 1, 1, 0, 1, 1, 1, 1, 1, 1, 1, 1, 1, 0, 1, 1, 0, 0]
Fitness: 686.310545 	[2, 3, 1, 12, 0, 6, 15, 7, 0, 11, 8, 9, 5, 10, 13, 0, 4, 14, 0, 1, 0, 1, 1, 1, 1, 0, 0, 0, 1, 1, 1, 1, 1, 1, 1, 1, 1, 1, 1, 1, 1, 1, 1, 0]
Fitness: 949.287575 	[4, 7, 0, 10, 15, 8, 14, 1, 3, 11, 0, 2, 6, 0, 13, 12, 9, 5, 0, 0, 1, 1, 1, 1, 1, 1, 0, 1, 1, 1, 1, 1, 1, 1, 0, 1, 0, 1, 1, 1, 1, 1, 1, 0]
Fitness: 765.930497 	[9, 6, 1, 14, 0, 13, 2, 3, 0, 5, 11, 7, 8, 10, 15, 0, 4, 12, 0, 1, 1, 1, 1, 1, 1, 1, 0, 1, 1, 0, 0, 1, 1, 1, 1, 0, 1, 1, 1, 1, 1, 1, 1, 0]
Fitness: 865.259369 	[12, 14, 15, 11, 9, 0, 3, 0, 7, 2, 10, 0, 6, 1, 4, 5, 8, 13, 0, 0, 1, 0, 1, 1, 1, 1, 1, 1, 1, 1, 1, 1, 0, 1, 1, 1, 0, 1, 1, 1, 1, 1, 1, 0]
Fitness: 840.984962 	[14, 1, 11, 5, 0, 6, 10, 3, 2, 0, 15, 4, 7, 13, 0, 8, 12, 9, 0, 1, 1, 1, 1, 0, 1, 1, 0, 1, 1, 1, 1, 1, 1, 0, 1, 1, 1, 1, 1, 0, 1, 1, 1, 0]
Fitness: 695.018364 	[12, 3, 11, 0, 15, 1, 8, 2, 0, 10, 13, 5, 6, 0, 7, 14, 4, 9, 0, 1, 1, 1, 1, 1, 0, 1, 1, 1, 0, 1, 1, 1, 1, 1, 0, 1, 1, 1, 0, 1, 1, 1, 1, 0]
Fitness: 961.429680 	[10, 6, 12, 2, 8, 13, 1, 0, 11, 15, 0, 7, 3, 4, 0, 9, 5, 14, 0, 1, 1, 1, 1, 1, 0, 1, 0, 1, 1, 1, 1, 1, 1, 1, 1, 0, 1, 1, 1, 0, 1, 1, 1, 0]
Fitness: 862.648271 	[7, 13, 6, 9, 12, 15, 3, 11, 14, 0, 5, 10, 0, 8, 4, 0, 2, 1, 0, 1, 1, 0, 1, 1, 1, 1, 1, 1, 1, 0, 1, 1, 1, 1, 1, 1, 0, 1, 0, 1, 1, 1, 1, 0]
Fitness: 695.315105 	[9, 13, 0, 12, 0, 7, 4, 11, 5, 8, 0, 3, 1, 10, 2, 15, 6, 14, 0, 0, 1, 1, 1, 1, 1, 1, 1, 1, 1, 1, 1, 1, 1, 0, 1, 0, 0, 1, 1, 1, 1, 1, 1, 0]
Fitness: 695.315105 	[9, 13, 0, 14, 0, 7, 4, 11, 5, 8, 0, 3, 1, 10, 2, 15, 6, 12, 0, 0, 1, 1, 0, 1, 1, 1, 1, 1, 1, 1, 1, 0, 1, 0, 1, 1, 1, 1, 1, 1, 1, 1, 1, 0]
Fitness: 860.592820 	[2, 5, 3, 0, 10, 12, 1, 14, 0, 11, 15, 7, 4, 9, 6, 0, 8, 13, 0, 1, 1, 1, 1, 0, 1, 1, 1, 0, 1, 1, 1, 1, 0, 1, 1, 1, 1, 1, 1, 0, 1, 1, 1, 0]
Fitness: 736.475258 	[7, 2, 4, 6, 5, 11, 3, 9, 0, 12, 14, 10, 0, 15, 0, 13, 8, 1, 0, 1, 1, 1, 1, 1, 0, 1, 1, 1, 0, 1, 1, 1, 0, 1, 1, 0, 1, 1, 1, 1, 1, 1, 1, 0]
Fitness: 921.870374 	[9, 7, 2, 4, 0, 14, 12, 13, 0, 5, 3, 6, 1, 11, 0, 10, 15, 8, 0, 1, 1, 1, 1, 1, 1, 1, 1, 1, 1, 1, 0, 1, 1, 1, 0, 1, 1, 1, 0, 1, 1, 0, 1, 0]
Fitness: 910.196802 	[8, 5, 15, 14, 7, 1, 9, 0, 12, 10, 3, 2, 4, 0, 6, 0, 13, 11, 0, 1, 1, 1, 1, 0, 1, 0, 1, 1, 1, 1, 1, 1, 0, 1, 1, 1, 0, 1, 1, 1, 1, 1, 1, 0]
Fitness: 1024.195631 	[5, 8, 6, 12, 10, 0, 3, 14, 2, 1, 0, 7, 11, 4, 13, 0, 15, 9, 0, 0, 1, 1, 1, 1, 1, 1, 0, 1, 0, 1, 1, 1, 1, 0, 1, 1, 1, 1, 1, 1, 1, 1, 1, 0]
Fitness: 881.110806 	[7, 15, 2, 0, 9, 11, 5, 0, 14, 12, 1, 0, 10, 13, 3, 6, 8, 4, 0, 1, 1, 1, 1, 0, 1, 1, 1, 1, 1, 1, 1, 1, 1, 0, 0, 1, 1, 0, 1, 1, 1, 1, 1, 0]
Fitness: 795.001009 	[10, 8, 3, 4, 5, 2, 11, 14, 0, 6, 0, 1, 0, 12, 15, 7, 13, 9, 0, 1, 0, 1, 1, 1, 1, 1, 1, 1, 1, 0, 1, 1, 1, 0, 1, 1, 1, 1, 1, 0, 1, 1, 1, 0]
Fitness: 686.310545 	[6, 15, 7, 2, 3, 1, 14, 0, 12, 0, 11, 8, 9, 5, 10, 13, 0, 4, 0, 1, 0, 1, 1, 1, 1, 1, 1, 0, 1, 1, 1, 1, 1, 1, 1, 1, 0, 0, 1, 1, 1, 1, 1, 0]
Fitness: 757.175668 	[15, 7, 13, 14, 9, 0, 6, 12, 0, 1, 0, 10, 8, 3, 4, 5, 2, 11, 0, 1, 0, 1, 1, 1, 1, 1, 1, 1, 1, 1, 1, 1, 1, 1, 1, 1, 1, 1, 1, 0, 0, 1, 0, 0]
Fitness: 695.018364 	[12, 3, 0, 15, 1, 8, 2, 0, 10, 13, 5, 6, 11, 0, 7, 14, 4, 9, 0, 1, 1, 0, 1, 1, 1, 1, 1, 0, 0, 1, 1, 1, 1, 1, 0, 1, 1, 1, 1, 1, 1, 1, 1, 0]
Fitness: 944.602997 	[1, 0, 2, 6, 10, 12, 13, 0, 7, 14, 3, 4, 15, 0, 8, 11, 9, 5, 0, 1, 0, 0, 1, 1, 0, 1, 1, 1, 1, 1, 1, 1, 1, 1, 1, 0, 1, 1, 1, 1, 1, 1, 1, 0]
Fitness: 695.018364 	[8, 11, 15, 14, 7, 1, 0, 9, 2, 4, 0, 12, 0, 10, 13, 5, 6, 3, 0, 1, 1, 1, 1, 0, 1, 1, 1, 0, 0, 1, 1, 1, 1, 1, 0, 1, 1, 1, 1, 1, 1, 1, 1, 0]
Fitness: 710.209623 	[9, 3, 7, 6, 8, 0, 11, 1, 2, 0, 14, 4, 10, 5, 0, 12, 15, 13, 0, 1, 1, 1, 1, 1, 1, 0, 1, 1, 1, 1, 1, 1, 1, 0, 1, 1, 1, 1, 0, 1, 0, 1, 1, 0]
Fitness: 734.880777 	[11, 0, 13, 7, 15, 0, 3, 14, 10, 12, 4, 1, 9, 0, 5, 8, 6, 2, 0, 1, 1, 1, 1, 1, 1, 0, 1, 1, 1, 1, 1, 1, 1, 1, 0, 1, 1, 1, 0, 1, 1, 1, 0, 0]
Fitness: 879.971366 	[4, 14, 6, 0, 11, 8, 9, 5, 10, 13, 0, 2, 12, 3, 1, 0, 7, 15, 0, 1, 0, 1, 1, 1, 1, 1, 0, 1, 1, 1, 1, 1, 1, 1, 1, 1, 0, 0, 1, 1, 1, 1, 1, 0]
Fitness: 949.287575 	[4, 7, 0, 10, 15, 8, 14, 1, 3, 11, 0, 2, 6, 0, 13, 12, 9, 5, 0, 0, 1, 1, 1, 1, 1, 1, 0, 1, 0, 1, 1, 1, 1, 1, 1, 0, 1, 1, 1, 1, 1, 1, 1, 0]
Fitness: 758.716009 	[3, 14, 10, 12, 4, 1, 0, 13, 7, 15, 0, 9, 0, 5, 8, 6, 2, 11, 0, 1, 1, 1, 1, 1, 1, 0, 1, 1, 1, 1, 0, 1, 1, 1, 0, 1, 1, 1, 0, 1, 1, 1, 1, 0]
Fitness: 840.486760 	[3, 15, 8, 9, 11, 0, 4, 1, 10, 12, 0, 6, 0, 2, 7, 13, 5, 14, 0, 1, 1, 1, 1, 1, 1, 1, 1, 0, 1, 1, 1, 1, 1, 1, 0, 1, 0, 1, 1, 1, 1, 0, 1, 0]
Fitness: 909.312345 	[2, 0, 3, 5, 10, 0, 4, 12, 9, 1, 14, 15, 0, 7, 6, 11, 13, 8, 0, 1, 1, 0, 1, 1, 1, 1, 1, 1, 1, 1, 1, 1, 0, 1, 1, 1, 1, 1, 0, 1, 0, 1, 1, 0]
Fitness: 917.336695 	[8, 9, 6, 1, 14, 0, 15, 11, 5, 4, 10, 0, 13, 0, 12, 2, 3, 7, 0, 1, 1, 1, 0, 0, 1, 1, 1, 1, 1, 1, 0, 1, 1, 1, 0, 1, 1, 1, 1, 1, 1, 1, 1, 0]
Fitness: 748.137214 	[10, 7, 13, 0, 11, 8, 14, 2, 12, 0, 6, 4, 1, 0, 9, 5, 15, 3, 0, 1, 1, 1, 1, 1, 1, 1, 0, 1, 1, 1, 1, 1, 0, 1, 1, 1, 1, 0, 1, 1, 1, 1, 0, 0]
Fitness: 755.924791 	[9, 0, 3, 2, 0, 7, 14, 15, 10, 11, 12, 4, 1, 0, 5, 8, 6, 13, 0, 1, 1, 0, 1, 1, 1, 0, 1, 1, 1, 0, 1, 1, 1, 1, 1, 0, 1, 1, 1, 1, 1, 1, 1, 0]
Fitness: 686.310545 	[6, 15, 7, 2, 3, 1, 0, 12, 0, 11, 8, 9, 5, 10, 13, 4, 0, 14, 0, 1, 0, 1, 1, 1, 1, 1, 0, 1, 1, 1, 1, 1, 1, 0, 1, 1, 1, 0, 1, 1, 1, 1, 1, 0]
Fitness: 765.930497 	[9, 6, 1, 0, 13, 2, 14, 3, 0, 12, 0, 5, 11, 7, 8, 10, 15, 4, 0, 1, 1, 1, 1, 1, 1, 1, 1, 1, 1, 1, 0, 0, 1, 1, 1, 0, 1, 1, 1, 0, 1, 1, 1, 0]
Fitness: 868.071389 	[9, 4, 10, 1, 15, 7, 14, 13, 0, 5, 12, 0, 2, 6, 3, 8, 0, 11, 0, 1, 1, 0, 1, 1, 1, 1, 0, 1, 1, 1, 1, 1, 0, 1, 1, 1, 1, 1, 0, 1, 1, 1, 1, 0]
Fitness: 837.242250 	[8, 11, 0, 4, 9, 0, 2, 6, 3, 1, 0, 13, 5, 7, 10, 12, 14, 15, 0, 1, 1, 1, 1, 0, 1, 1, 1, 1, 0, 1, 0, 1, 1, 1, 1, 0, 1, 1, 1, 1, 1, 1, 1, 0]
Fitness: 924.151592 	[6, 15, 7, 2, 1, 0, 12, 3, 0, 11, 8, 9, 5, 10, 0, 4, 14, 13, 0, 1, 0, 1, 1, 1, 1, 1, 1, 0, 1, 1, 1, 0, 1, 0, 1, 1, 1, 1, 1, 1, 1, 1, 1, 0]
Fitness: 986.805439 	[9, 11, 5, 4, 0, 7, 15, 2, 0, 14, 12, 1, 0, 10, 13, 3, 6, 8, 0, 1, 1, 1, 0, 0, 1, 1, 1, 1, 1, 0, 1, 1, 1, 1, 1, 1, 1, 0, 1, 1, 1, 1, 1, 0]
Fitness: 1153.886254 	[1, 8, 0, 9, 11, 5, 0, 4, 3, 0, 12, 2, 6, 7, 10, 13, 14, 15, 0, 1, 0, 1, 1, 0, 1, 1, 0, 1, 1, 1, 1, 1, 1, 1, 1, 0, 1, 1, 1, 1, 1, 1, 1, 0]
Fitness: 796.413968 	[6, 0, 13, 11, 0, 8, 5, 15, 14, 7, 1, 0, 12, 9, 10, 3, 2, 4, 0, 1, 1, 1, 1, 1, 1, 0, 1, 1, 1, 0, 1, 1, 0, 1, 1, 1, 0, 1, 1, 1, 1, 1, 1, 0]
Fitness: 729.717714 	[10, 7, 6, 15, 5, 11, 3, 0, 12, 14, 2, 0, 8, 4, 1, 0, 9, 13, 0, 1, 1, 1, 1, 1, 1, 1, 0, 1, 1, 1, 1, 1, 1, 1, 1, 1, 1, 1, 0, 0, 0, 1, 1, 0]
Fitness: 747.687004 	[1, 0, 9, 15, 14, 3, 10, 7, 11, 6, 0, 12, 5, 4, 8, 0, 2, 13, 0, 1, 1, 1, 1, 1, 1, 1, 0, 1, 1, 1, 1, 1, 0, 1, 1, 1, 0, 1, 1, 1, 1, 0, 1, 0]
Fitness: 863.771444 	[2, 15, 6, 0, 4, 3, 12, 0, 14, 13, 8, 5, 0, 10, 1, 11, 9, 7, 0, 1, 0, 1, 1, 0, 1, 0, 1, 1, 1, 1, 1, 1, 1, 0, 1, 1, 1, 1, 1, 1, 1, 1, 1, 0]
Fitness: 840.984962 	[15, 4, 7, 13, 0, 6, 10, 3, 2, 0, 14, 1, 11, 5, 0, 8, 12, 9, 0, 1, 1, 1, 1, 0, 1, 1, 0, 1, 1, 1, 1, 1, 1, 0, 1, 1, 1, 1, 1, 0, 1, 1, 1, 0]
Fitness: 712.596519 	[1, 0, 13, 5, 10, 2, 0, 14, 11, 4, 15, 12, 0, 3, 8, 6, 7, 9, 0, 0, 1, 1, 1, 1, 1, 1, 1, 1, 1, 1, 1, 0, 1, 1, 1, 1, 1, 1, 1, 1, 1, 0, 0, 0]
Fitness: 765.930497 	[4, 12, 0, 13, 2, 14, 3, 0, 9, 6, 1, 0, 5, 11, 7, 8, 10, 15, 0, 1, 1, 1, 1, 1, 1, 1, 0, 1, 1, 1, 0, 1, 1, 1, 1, 0, 1, 1, 1, 0, 1, 1, 1, 0]
Fitness: 695.018364 	[8, 11, 15, 14, 7, 1, 0, 9, 2, 4, 0, 10, 13, 5, 6, 0, 12, 3, 0, 1, 1, 1, 1, 1, 0, 1, 1, 0, 0, 1, 1, 1, 1, 1, 0, 1, 1, 1, 1, 1, 1, 1, 1, 0]
Fitness: 690.621425 	[15, 9, 0, 1, 10, 7, 8, 0, 3, 13, 12, 14, 2, 0, 4, 11, 5, 6, 0, 1, 1, 1, 1, 0, 1, 1, 1, 1, 1, 1, 1, 1, 1, 1, 1, 1, 0, 1, 1, 0, 1, 1, 0, 0]
Fitness: 686.078507 	[14, 12, 0, 10, 0, 13, 9, 6, 3, 2, 4, 0, 8, 5, 15, 11, 7, 1, 0, 0, 1, 1, 1, 1, 1, 1, 0, 1, 1, 1, 1, 1, 1, 1, 1, 1, 0, 1, 1, 0, 1, 1, 1, 0]
Fitness: 695.315105 	[7, 4, 11, 5, 8, 0, 14, 12, 0, 9, 13, 0, 3, 1, 10, 2, 15, 6, 0, 0, 1, 1, 0, 1, 1, 1, 1, 1, 1, 1, 1, 1, 1, 0, 1, 0, 1, 1, 1, 1, 1, 1, 1, 0]
Fitness: 840.486760 	[3, 15, 8, 9, 11, 2, 7, 13, 5, 0, 4, 1, 10, 12, 0, 6, 0, 14, 0, 1, 1, 0, 1, 1, 1, 1, 1, 0, 1, 1, 1, 1, 1, 1, 0, 1, 1, 1, 1, 1, 1, 0, 1, 0]
Fitness: 881.110806 	[7, 15, 2, 0, 10, 13, 3, 6, 8, 4, 0, 14, 12, 1, 0, 9, 11, 5, 0, 1, 1, 1, 1, 0, 1, 1, 1, 1, 1, 1, 1, 1, 1, 0, 0, 1, 1, 0, 1, 1, 1, 1, 1, 0]
Fitness: 683.615762 	[14, 2, 6, 4, 0, 3, 12, 7, 11, 0, 15, 0, 5, 10, 9, 13, 8, 1, 0, 1, 0, 1, 1, 1, 1, 0, 1, 1, 0, 1, 1, 1, 1, 1, 1, 1, 1, 1, 1, 1, 1, 0, 1, 0]
Fitness: 758.716009 	[3, 14, 10, 12, 4, 1, 0, 9, 11, 0, 13, 7, 15, 0, 5, 8, 6, 2, 0, 1, 1, 1, 1, 1, 1, 0, 1, 0, 1, 1, 1, 1, 1, 1, 0, 1, 1, 1, 0, 1, 1, 1, 1, 0]
Fitness: 771.160531 	[2, 7, 12, 8, 10, 15, 14, 0, 9, 4, 5, 13, 1, 0, 3, 6, 0, 11, 0, 1, 0, 1, 1, 0, 0, 1, 1, 1, 1, 1, 0, 1, 1, 1, 1, 1, 1, 1, 1, 1, 1, 1, 1, 0]
Fitness: 706.743603 	[14, 12, 0, 13, 9, 6, 3, 2, 4, 0, 10, 0, 8, 5, 15, 11, 7, 1, 0, 0, 1, 1, 1, 1, 1, 1, 0, 1, 1, 1, 1, 1, 1, 1, 1, 1, 0, 1, 1, 0, 1, 1, 1, 0]
Fitness: 944.602997 	[11, 1, 8, 0, 9, 5, 15, 0, 7, 14, 3, 4, 0, 2, 6, 10, 12, 13, 0, 1, 0, 1, 1, 1, 0, 1, 0, 1, 1, 1, 1, 1, 1, 1, 1, 0, 1, 1, 1, 1, 1, 1, 1, 0]
Fitness: 862.648271 	[7, 13, 6, 9, 12, 15, 3, 11, 14, 0, 8, 4, 1, 0, 5, 10, 0, 2, 0, 1, 1, 0, 1, 1, 1, 1, 1, 1, 1, 0, 1, 1, 0, 1, 1, 1, 0, 1, 1, 1, 1, 1, 1, 0]
Fitness: 904.883648 	[7, 5, 12, 9, 1, 0, 10, 8, 2, 13, 0, 11, 14, 3, 0, 4, 15, 6, 0, 1, 1, 0, 1, 1, 1, 1, 0, 1, 1, 1, 1, 1, 1, 1, 1, 0, 1, 1, 1, 1, 1, 1, 0, 0]
Fitness: 786.163154 	[14, 3, 0, 13, 11, 0, 4, 5, 1, 12, 15, 7, 0, 9, 8, 2, 10, 6, 0, 1, 1, 0, 1, 1, 0, 1, 1, 0, 1, 1, 1, 1, 1, 1, 1, 1, 1, 1, 1, 1, 1, 0, 1, 0]
Fitness: 786.271090 	[10, 15, 8, 5, 14, 1, 3, 11, 0, 4, 7, 0, 2, 6, 0, 13, 12, 9, 0, 0, 1, 1, 1, 1, 1, 1, 0, 1, 1, 1, 1, 1, 0, 1, 0, 1, 1, 1, 1, 1, 1, 1, 1, 0]
Fitness: 921.870374 	[9, 7, 2, 0, 5, 3, 6, 1, 11, 0, 10, 15, 8, 14, 12, 13, 0, 4, 0, 1, 0, 1, 1, 1, 1, 1, 1, 1, 1, 1, 0, 1, 1, 1, 0, 1, 1, 1, 0, 1, 1, 1, 1, 0]
Fitness: 796.413968 	[6, 0, 13, 0, 8, 5, 15, 14, 7, 1, 0, 12, 9, 10, 3, 2, 4, 11, 0, 1, 1, 1, 1, 1, 1, 0, 1, 1, 1, 1, 0, 1, 0, 1, 1, 1, 0, 1, 1, 1, 1, 1, 1, 0]
Fitness: 891.090576 	[3, 5, 10, 0, 9, 11, 7, 2, 1, 14, 0, 8, 6, 0, 4, 15, 12, 13, 0, 0, 1, 1, 1, 1, 1, 1, 0, 1, 1, 1, 0, 1, 1, 1, 1, 1, 1, 0, 1, 1, 1, 1, 1, 0]
Fitness: 1153.886254 	[1, 0, 9, 11, 5, 0, 12, 2, 6, 7, 8, 10, 13, 14, 15, 0, 4, 3, 0, 1, 0, 1, 1, 1, 1, 1, 0, 1, 1, 1, 1, 0, 1, 1, 1, 0, 1, 1, 1, 1, 1, 1, 1, 0]
Fitness: 844.973852 	[1, 6, 11, 5, 4, 0, 13, 14, 8, 7, 0, 12, 9, 2, 15, 0, 3, 10, 0, 1, 1, 0, 1, 1, 1, 1, 1, 1, 1, 0, 1, 1, 1, 0, 1, 1, 1, 1, 1, 1, 1, 1, 0, 0]
Fitness: 949.287575 	[4, 7, 0, 10, 15, 8, 14, 1, 3, 11, 0, 13, 12, 9, 5, 0, 2, 6, 0, 0, 1, 1, 1, 1, 1, 1, 0, 1, 0, 1, 1, 1, 1, 1, 1, 0, 1, 1, 1, 1, 1, 1, 1, 0]
Fitness: 695.018364 	[7, 14, 4, 9, 15, 1, 8, 2, 0, 12, 3, 0, 10, 13, 5, 6, 0, 11, 0, 1, 1, 1, 1, 1, 0, 1, 1, 0, 0, 1, 1, 1, 1, 1, 0, 1, 1, 1, 1, 1, 1, 1, 1, 0]
Fitness: 897.195972 	[8, 6, 0, 4, 15, 12, 13, 0, 9, 11, 7, 2, 1, 14, 0, 3, 5, 10, 0, 0, 1, 1, 1, 1, 1, 1, 0, 1, 1, 1, 0, 1, 1, 1, 1, 1, 1, 0, 1, 1, 1, 1, 1, 0]
Fitness: 775.242768 	[14, 1, 11, 0, 15, 4, 7, 13, 0, 8, 12, 9, 6, 10, 3, 0, 2, 5, 0, 1, 1, 1, 1, 1, 1, 1, 0, 1, 1, 1, 1, 1, 1, 0, 1, 1, 1, 1, 1, 0, 0, 1, 1, 0]
Fitness: 879.971366 	[4, 14, 0, 11, 8, 9, 5, 10, 13, 0, 7, 6, 15, 0, 2, 12, 3, 1, 0, 1, 0, 1, 1, 1, 1, 1, 0, 0, 1, 1, 1, 1, 1, 1, 1, 1, 1, 0, 1, 1, 1, 1, 1, 0]
Fitness: 879.971366 	[4, 14, 6, 0, 11, 8, 9, 5, 10, 13, 0, 7, 15, 0, 2, 12, 3, 1, 0, 1, 0, 1, 1, 1, 1, 1, 0, 1, 1, 1, 1, 1, 1, 1, 1, 1, 0, 0, 1, 1, 1, 1, 1, 0]
Fitness: 860.592820 	[8, 13, 0, 10, 12, 1, 14, 0, 11, 15, 7, 4, 9, 3, 6, 0, 2, 5, 0, 1, 1, 1, 1, 0, 1, 0, 1, 1, 1, 1, 1, 1, 1, 1, 0, 1, 1, 1, 1, 0, 1, 1, 1, 0]
Fitness: 837.242250 	[8, 4, 11, 0, 14, 2, 1, 12, 0, 5, 13, 3, 9, 15, 0, 7, 10, 6, 0, 1, 1, 1, 1, 0, 1, 1, 1, 1, 1, 1, 0, 1, 0, 1, 1, 0, 1, 1, 1, 1, 1, 1, 1, 0]
Fitness: 860.592820 	[7, 2, 6, 4, 11, 5, 0, 8, 13, 0, 10, 12, 1, 14, 0, 15, 9, 3, 0, 1, 1, 1, 1, 0, 1, 1, 1, 0, 1, 1, 1, 1, 1, 1, 0, 1, 1, 1, 1, 0, 1, 1, 1, 0]
Fitness: 961.429680 	[7, 3, 4, 0, 11, 15, 0, 10, 6, 12, 2, 8, 13, 1, 0, 9, 5, 14, 0, 1, 1, 1, 1, 1, 0, 1, 0, 1, 1, 1, 1, 1, 1, 1, 1, 0, 1, 1, 1, 0, 1, 1, 1, 0]
Fitness: 765.930497 	[13, 2, 14, 3, 0, 9, 6, 1, 0, 5, 11, 7, 8, 10, 15, 0, 4, 12, 0, 1, 1, 1, 1, 1, 1, 1, 0, 1, 1, 1, 0, 1, 1, 1, 1, 0, 1, 1, 1, 0, 1, 1, 1, 0]
Fitness: 695.018364 	[11, 0, 7, 14, 4, 9, 15, 1, 8, 2, 0, 10, 13, 5, 6, 0, 12, 3, 0, 1, 1, 1, 1, 1, 0, 1, 1, 0, 0, 1, 1, 1, 1, 1, 0, 1, 1, 1, 1, 1, 1, 1, 1, 0]
Fitness: 752.059130 	[8, 9, 10, 12, 0, 14, 3, 13, 5, 11, 4, 2, 7, 0, 6, 1, 0, 15, 0, 0, 1, 1, 1, 1, 1, 1, 0, 1, 1, 1, 0, 1, 1, 1, 1, 1, 1, 0, 1, 1, 1, 1, 1, 0]
Fitness: 686.310545 	[6, 15, 7, 2, 3, 1, 0, 11, 8, 9, 5, 10, 13, 0, 12, 0, 4, 14, 0, 1, 0, 1, 1, 1, 1, 1, 0, 0, 1, 1, 1, 1, 1, 1, 1, 1, 1, 0, 1, 1, 1, 1, 1, 0]
Fitness: 949.287575 	[4, 7, 5, 0, 13, 12, 9, 0, 2, 6, 0, 10, 15, 8, 14, 1, 3, 11, 0, 0, 1, 1, 1, 1, 1, 1, 0, 1, 0, 1, 1, 1, 1, 1, 0, 1, 1, 1, 1, 1, 1, 1, 1, 0]
Fitness: 840.984962 	[14, 1, 11, 5, 0, 15, 4, 7, 13, 0, 8, 12, 9, 6, 10, 3, 0, 2, 0, 1, 1, 1, 1, 0, 1, 1, 1, 1, 1, 1, 1, 1, 1, 0, 1, 1, 1, 1, 1, 0, 0, 1, 1, 0]
Fitness: 837.242250 	[7, 10, 6, 14, 2, 1, 12, 0, 5, 13, 3, 9, 15, 0, 4, 0, 8, 11, 0, 1, 1, 1, 1, 0, 1, 1, 1, 1, 1, 1, 0, 1, 0, 1, 0, 1, 1, 1, 1, 1, 1, 1, 1, 0]
Fitness: 865.259369 	[12, 14, 15, 11, 9, 0, 7, 2, 0, 10, 3, 0, 6, 1, 4, 5, 8, 13, 0, 1, 1, 1, 0, 1, 1, 1, 1, 1, 1, 0, 1, 1, 0, 1, 1, 1, 0, 1, 1, 1, 1, 1, 1, 0]
Fitness: 736.475258 	[13, 8, 1, 0, 12, 14, 10, 0, 9, 15, 0, 7, 2, 4, 6, 5, 11, 3, 0, 1, 1, 1, 1, 1, 0, 1, 1, 1, 0, 1, 1, 1, 0, 1, 0, 1, 1, 1, 1, 1, 1, 1, 1, 0]
Fitness: 924.151592 	[9, 3, 0, 4, 14, 0, 6, 15, 7, 2, 1, 0, 12, 11, 5, 8, 10, 13, 0, 1, 0, 1, 1, 1, 1, 1, 0, 0, 1, 1, 1, 1, 1, 0, 1, 1, 1, 1, 1, 1, 1, 1, 1, 0]
Fitness: 862.648271 	[7, 13, 6, 9, 12, 15, 3, 11, 14, 0, 5, 10, 0, 2, 0, 8, 4, 1, 0, 1, 1, 0, 1, 1, 1, 1, 1, 1, 1, 0, 1, 1, 0, 1, 1, 1, 0, 1, 1, 1, 1, 1, 1, 0]
Fitness: 910.783596 	[6, 14, 10, 5, 4, 12, 0, 3, 0, 9, 11, 1, 2, 13, 0, 8, 7, 15, 0, 0, 1, 1, 1, 1, 1, 1, 1, 1, 0, 1, 1, 1, 1, 1, 0, 1, 1, 1, 1, 1, 1, 0, 1, 0]
Fitness: 924.151592 	[6, 15, 7, 2, 1, 0, 12, 3, 0, 4, 14, 13, 0, 11, 8, 9, 5, 10, 0, 1, 0, 1, 1, 1, 1, 1, 1, 0, 1, 1, 1, 0, 1, 0, 1, 1, 1, 1, 1, 1, 1, 1, 1, 0]
Time: 0.42035