Fitness: 1398.936683 	[11, 5, 6, 0, 4, 3, 9, 0, 2, 7, 12, 8, 10, 15, 14, 0, 1, 13, 0, 1, 0, 1, 1, 1, 1, 1, 0, 1, 1, 1, 1, 1, 0, 1, 1, 0, 1, 1, 1, 1, 1, 1, 1, 0]
Fitness: 1398.936683 	[11, 5, 6, 0, 4, 3, 9, 0, 2, 7, 12, 8, 10, 15, 14, 0, 1, 13, 0, 1, 0, 1, 1, 1, 1, 1, 0, 1, 1, 1, 1, 1, 0, 1, 1, 0, 1, 1, 1, 1, 1, 1, 1, 0]
Fitness: 1398.936683 	[11, 5, 6, 0, 4, 3, 9, 0, 2, 7, 12, 8, 10, 15, 14, 0, 1, 13, 0, 1, 0, 1, 1, 1, 1, 1, 0, 1, 1, 1, 1, 1, 0, 1, 1, 0, 1, 1, 1, 1, 1, 1, 1, 0]
Fitness: 1398.936683 	[4, 3, 9, 0, 11, 5, 6, 0, 2, 7, 12, 8, 10, 15, 14, 0, 1, 13, 0, 1, 0, 1, 1, 1, 1, 1, 0, 1, 1, 1, 1, 1, 0, 1, 1, 0, 1, 1, 1, 1, 1, 1, 1, 0]
Fitness: 1398.936683 	[4, 3, 9, 0, 11, 5, 6, 0, 2, 7, 12, 8, 10, 15, 14, 0, 1, 13, 0, 1, 0, 1, 1, 1, 1, 1, 0, 1, 1, 1, 1, 1, 0, 1, 1, 0, 1, 1, 1, 1, 1, 1, 1, 0]
Fitness: 1398.936683 	[4, 3, 9, 0, 11, 5, 6, 0, 2, 7, 12, 8, 10, 15, 14, 0, 1, 13, 0, 1, 0, 1, 1, 1, 1, 1, 0, 1, 1, 1, 1, 1, 0, 1, 1, 0, 1, 1, 1, 1, 1, 1, 1, 0]
Fitness: 1398.936683 	[4, 3, 9, 0, 11, 5, 6, 0, 2, 7, 12, 8, 10, 15, 14, 0, 1, 13, 0, 1, 0, 1, 1, 1, 1, 1, 0, 1, 1, 1, 1, 1, 0, 1, 1, 0, 1, 1, 1, 1, 1, 1, 1, 0]
Fitness: 1398.936683 	[4, 3, 9, 0, 11, 5, 6, 0, 2, 7, 12, 8, 10, 15, 14, 0, 1, 13, 0, 1, 0, 1, 1, 1, 1, 1, 0, 1, 1, 1, 1, 1, 0, 1, 1, 0, 1, 1, 1, 1, 1, 1, 1, 0]
Fitness: 1398.936683 	[4, 3, 9, 0, 11, 5, 6, 0, 2, 7, 12, 8, 10, 15, 14, 0, 1, 13, 0, 1, 0, 1, 1, 1, 1, 1, 0, 1, 1, 1, 1, 1, 0, 1, 1, 0, 1, 1, 1, 1, 1, 1, 1, 0]
Fitness: 1398.936683 	[4, 3, 9, 0, 11, 5, 6, 0, 2, 7, 12, 8, 10, 15, 14, 0, 1, 13, 0, 1, 0, 1, 1, 1, 1, 1, 0, 1, 1, 1, 1, 1, 0, 1, 1, 0, 1, 1, 1, 1, 1, 1, 1, 0]
Fitness: 1398.936683 	[4, 3, 9, 0, 11, 5, 6, 0, 2, 7, 12, 8, 10, 15, 14, 0, 1, 13, 0, 1, 0, 1, 1, 1, 1, 1, 0, 1, 1, 1, 1, 1, 0, 1, 1, 0, 1, 1, 1, 1, 1, 1, 1, 0]
Fitness: 1398.936683 	[4, 3, 9, 0, 11, 5, 6, 0, 2, 7, 12, 8, 10, 15, 14, 0, 1, 13, 0, 1, 0, 1, 1, 1, 1, 1, 0, 1, 1, 1, 1, 1, 0, 1, 1, 0, 1, 1, 1, 1, 1, 1, 1, 0]
Fitness: 1398.936683 	[4, 3, 9, 0, 11, 5, 6, 0, 2, 7, 12, 8, 10, 15, 14, 0, 1, 13, 0, 1, 0, 1, 1, 1, 1, 1, 0, 1, 1, 1, 1, 1, 0, 1, 1, 0, 1, 1, 1, 1, 1, 1, 1, 0]
Fitness: 1398.936683 	[4, 3, 9, 0, 11, 5, 6, 0, 2, 7, 12, 8, 10, 15, 14, 0, 1, 13, 0, 1, 0, 1, 1, 1, 1, 1, 0, 1, 1, 1, 1, 1, 0, 1, 1, 0, 1, 1, 1, 1, 1, 1, 1, 0]
Fitness: 1398.936683 	[4, 3, 9, 0, 11, 5, 6, 0, 2, 7, 12, 8, 10, 15, 14, 0, 1, 13, 0, 1, 0, 1, 1, 1, 1, 1, 0, 1, 1, 1, 1, 1, 0, 1, 1, 0, 1, 1, 1, 1, 1, 1, 1, 0]
Fitness: 1389.119922 	[4, 3, 0, 11, 5, 9, 0, 2, 7, 12, 8, 10, 15, 14, 6, 0, 1, 13, 0, 1, 0, 1, 1, 1, 1, 1, 0, 1, 1, 1, 1, 0, 1, 1, 1, 0, 1, 1, 1, 1, 1, 1, 1, 0]
Fitness: 1389.119922 	[4, 3, 0, 11, 5, 9, 0, 2, 7, 12, 8, 10, 15, 14, 6, 0, 1, 13, 0, 1, 0, 1, 1, 1, 1, 1, 0, 1, 1, 1, 1, 0, 1, 1, 1, 0, 1, 1, 1, 1, 1, 1, 1, 0]
Fitness: 1389.119922 	[11, 5, 9, 0, 4, 3, 0, 2, 7, 12, 8, 10, 15, 14, 6, 0, 1, 13, 0, 1, 0, 1, 1, 1, 1, 0, 1, 1, 1, 1, 1, 0, 1, 1, 1, 0, 1, 1, 1, 1, 1, 1, 1, 0]
Fitness: 1389.119922 	[11, 5, 9, 0, 4, 3, 0, 2, 7, 12, 8, 10, 15, 14, 6, 0, 1, 13, 0, 1, 0, 1, 1, 1, 1, 0, 1, 1, 1, 1, 1, 0, 1, 1, 1, 0, 1, 1, 1, 1, 1, 1, 1, 0]
Fitness: 1389.119922 	[11, 5, 9, 0, 4, 3, 0, 2, 7, 12, 8, 10, 15, 14, 6, 0, 1, 13, 0, 1, 0, 1, 1, 1, 1, 0, 1, 1, 1, 1, 1, 0, 1, 1, 1, 0, 1, 1, 1, 1, 1, 1, 1, 0]
Fitness: 1389.119922 	[11, 5, 9, 0, 4, 3, 0, 2, 7, 12, 8, 10, 15, 14, 6, 0, 1, 13, 0, 1, 0, 1, 1, 1, 1, 0, 1, 1, 1, 1, 1, 0, 1, 1, 1, 0, 1, 1, 1, 1, 1, 1, 1, 0]
Fitness: 1389.119922 	[11, 5, 9, 0, 4, 3, 0, 2, 7, 12, 8, 10, 15, 14, 6, 0, 1, 13, 0, 1, 0, 1, 1, 1, 1, 0, 1, 1, 1, 1, 1, 0, 1, 1, 1, 0, 1, 1, 1, 1, 1, 1, 1, 0]
Fitness: 1389.119922 	[11, 5, 9, 0, 4, 3, 0, 2, 7, 12, 8, 10, 15, 14, 6, 0, 1, 13, 0, 1, 0, 1, 1, 1, 1, 0, 1, 1, 1, 1, 1, 0, 1, 1, 1, 0, 1, 1, 1, 1, 1, 1, 1, 0]
Fitness: 1389.119922 	[11, 5, 9, 0, 4, 3, 0, 2, 7, 12, 8, 10, 15, 14, 6, 0, 1, 13, 0, 1, 0, 1, 1, 1, 1, 0, 1, 1, 1, 1, 1, 0, 1, 1, 1, 0, 1, 1, 1, 1, 1, 1, 1, 0]
Fitness: 1389.119922 	[11, 5, 9, 0, 4, 3, 0, 2, 7, 12, 8, 10, 15, 14, 6, 0, 1, 13, 0, 1, 0, 1, 1, 1, 1, 0, 1, 1, 1, 1, 1, 0, 1, 1, 1, 0, 1, 1, 1, 1, 1, 1, 1, 0]
Fitness: 1389.119922 	[11, 5, 9, 0, 4, 3, 0, 2, 7, 12, 8, 10, 15, 14, 6, 0, 1, 13, 0, 1, 0, 1, 1, 1, 1, 0, 1, 1, 1, 1, 1, 0, 1, 1, 1, 0, 1, 1, 1, 1, 1, 1, 1, 0]
Fitness: 1389.119922 	[11, 5, 9, 0, 4, 3, 0, 2, 7, 12, 8, 10, 15, 14, 6, 0, 1, 13, 0, 1, 0, 1, 1, 1, 1, 0, 1, 1, 1, 1, 1, 0, 1, 1, 1, 0, 1, 1, 1, 1, 1, 1, 1, 0]
Fitness: 1387.455918 	[4, 3, 0, 11, 5, 6, 0, 2, 7, 12, 8, 10, 15, 14, 9, 0, 1, 13, 0, 1, 0, 1, 1, 1, 1, 1, 0, 1, 1, 1, 1, 1, 0, 1, 1, 1, 0, 1, 1, 1, 1, 1, 1, 0]
Fitness: 1386.386283 	[11, 5, 9, 0, 4, 3, 6, 0, 2, 7, 12, 8, 10, 15, 14, 0, 1, 13, 0, 1, 0, 1, 1, 1, 1, 1, 0, 1, 1, 1, 1, 0, 1, 1, 1, 0, 1, 1, 1, 1, 1, 1, 1, 0]
Fitness: 1386.086913 	[4, 3, 9, 0, 11, 5, 6, 0, 2, 7, 12, 8, 10, 15, 14, 0, 1, 13, 0, 1, 0, 1, 1, 1, 1, 1, 0, 1, 1, 1, 1, 0, 1, 1, 1, 0, 1, 1, 1, 1, 1, 1, 1, 0]
Fitness: 1386.086913 	[4, 3, 9, 0, 11, 5, 6, 0, 2, 7, 12, 8, 10, 15, 14, 0, 1, 13, 0, 1, 0, 1, 1, 1, 1, 1, 0, 1, 1, 1, 1, 0, 1, 1, 1, 0, 1, 1, 1, 1, 1, 1, 1, 0]
Fitness: 1386.086913 	[4, 3, 9, 0, 11, 5, 6, 0, 2, 7, 12, 8, 10, 15, 14, 0, 1, 13, 0, 1, 0, 1, 1, 1, 1, 1, 0, 1, 1, 1, 1, 0, 1, 1, 1, 0, 1, 1, 1, 1, 1, 1, 1, 0]
Fitness: 1386.086913 	[4, 3, 9, 0, 11, 5, 6, 0, 2, 7, 12, 8, 10, 15, 14, 0, 1, 13, 0, 1, 0, 1, 1, 1, 1, 1, 0, 1, 1, 1, 1, 0, 1, 1, 1, 0, 1, 1, 1, 1, 1, 1, 1, 0]
Fitness: 1386.086913 	[4, 3, 9, 0, 11, 5, 6, 0, 2, 7, 12, 8, 10, 15, 14, 0, 1, 13, 0, 1, 0, 1, 1, 1, 1, 1, 0, 1, 1, 1, 1, 0, 1, 1, 1, 0, 1, 1, 1, 1, 1, 1, 1, 0]
Fitness: 1386.086913 	[4, 3, 9, 0, 11, 5, 6, 0, 2, 7, 12, 8, 10, 15, 14, 0, 1, 13, 0, 1, 0, 1, 1, 1, 1, 1, 0, 1, 1, 1, 1, 0, 1, 1, 1, 0, 1, 1, 1, 1, 1, 1, 1, 0]
Fitness: 1385.996060 	[11, 5, 6, 0, 4, 3, 9, 0, 2, 7, 12, 8, 10, 15, 14, 0, 1, 13, 0, 1, 0, 1, 1, 1, 1, 1, 0, 1, 1, 1, 1, 0, 1, 1, 1, 0, 1, 1, 1, 1, 1, 1, 1, 0]
Fitness: 1385.996060 	[4, 3, 9, 0, 11, 5, 6, 0, 2, 7, 12, 8, 10, 15, 14, 0, 1, 13, 0, 1, 0, 1, 1, 1, 1, 0, 1, 1, 1, 1, 1, 0, 1, 1, 1, 0, 1, 1, 1, 1, 1, 1, 1, 0]
Fitness: 1385.869355 	[11, 5, 9, 0, 4, 3, 0, 2, 7, 12, 8, 10, 15, 14, 6, 0, 1, 13, 0, 1, 0, 1, 1, 1, 1, 1, 0, 1, 1, 1, 1, 0, 1, 1, 1, 0, 1, 1, 1, 1, 1, 1, 1, 0]
Fitness: 1385.869355 	[11, 5, 9, 0, 4, 3, 0, 2, 7, 12, 8, 10, 15, 14, 6, 0, 1, 13, 0, 1, 0, 1, 1, 1, 1, 1, 0, 1, 1, 1, 1, 0, 1, 1, 1, 0, 1, 1, 1, 1, 1, 1, 1, 0]
Fitness: 1385.869355 	[11, 5, 9, 0, 4, 3, 0, 2, 7, 12, 8, 10, 15, 14, 6, 0, 1, 13, 0, 1, 0, 1, 1, 1, 1, 1, 0, 1, 1, 1, 1, 0, 1, 1, 1, 0, 1, 1, 1, 1, 1, 1, 1, 0]
Fitness: 1385.869355 	[4, 3, 0, 11, 5, 9, 0, 2, 7, 12, 8, 10, 15, 14, 6, 0, 1, 13, 0, 1, 0, 1, 1, 1, 1, 0, 1, 1, 1, 1, 1, 0, 1, 1, 1, 0, 1, 1, 1, 1, 1, 1, 1, 0]
Fitness: 1385.869355 	[4, 3, 0, 11, 5, 9, 0, 2, 7, 12, 8, 10, 15, 14, 6, 0, 1, 13, 0, 1, 0, 1, 1, 1, 1, 0, 1, 1, 1, 1, 1, 0, 1, 1, 1, 0, 1, 1, 1, 1, 1, 1, 1, 0]
Fitness: 1385.869355 	[4, 3, 0, 11, 5, 9, 0, 2, 7, 12, 8, 10, 15, 14, 6, 0, 1, 13, 0, 1, 0, 1, 1, 1, 1, 0, 1, 1, 1, 1, 1, 0, 1, 1, 1, 0, 1, 1, 1, 1, 1, 1, 1, 0]
Fitness: 1385.869355 	[4, 3, 0, 11, 5, 9, 0, 2, 7, 12, 8, 10, 15, 14, 6, 0, 1, 13, 0, 1, 0, 1, 1, 1, 1, 0, 1, 1, 1, 1, 1, 0, 1, 1, 1, 0, 1, 1, 1, 1, 1, 1, 1, 0]
Fitness: 1385.696690 	[4, 3, 6, 0, 11, 5, 9, 0, 2, 7, 12, 8, 10, 15, 14, 0, 1, 13, 0, 1, 0, 1, 1, 1, 1, 1, 0, 1, 1, 1, 1, 0, 1, 1, 1, 0, 1, 1, 1, 1, 1, 1, 1, 0]
Fitness: 1385.696690 	[4, 3, 6, 0, 11, 5, 9, 0, 2, 7, 12, 8, 10, 15, 14, 0, 1, 13, 0, 1, 0, 1, 1, 1, 1, 1, 0, 1, 1, 1, 1, 0, 1, 1, 1, 0, 1, 1, 1, 1, 1, 1, 1, 0]
Fitness: 1382.885400 	[11, 5, 6, 9, 0, 4, 3, 0, 2, 7, 12, 8, 10, 15, 14, 0, 1, 13, 0, 1, 0, 1, 1, 1, 1, 1, 0, 1, 1, 1, 1, 1, 0, 1, 1, 0, 1, 1, 1, 1, 1, 1, 1, 0]
Fitness: 1382.885400 	[4, 3, 0, 11, 5, 6, 9, 0, 2, 7, 12, 8, 10, 15, 14, 0, 1, 13, 0, 1, 0, 1, 1, 1, 1, 1, 0, 1, 1, 1, 1, 1, 0, 1, 1, 0, 1, 1, 1, 1, 1, 1, 1, 0]
Fitness: 1382.885400 	[4, 3, 0, 11, 5, 6, 9, 0, 2, 7, 12, 8, 10, 15, 14, 0, 1, 13, 0, 1, 0, 1, 1, 1, 1, 1, 0, 1, 1, 1, 1, 1, 0, 1, 1, 0, 1, 1, 1, 1, 1, 1, 1, 0]
Fitness: 1382.885400 	[4, 3, 0, 11, 5, 6, 9, 0, 2, 7, 12, 8, 10, 15, 14, 0, 1, 13, 0, 1, 0, 1, 1, 1, 1, 1, 0, 1, 1, 1, 1, 1, 0, 1, 1, 0, 1, 1, 1, 1, 1, 1, 1, 0]
Fitness: 1382.885400 	[4, 3, 0, 11, 5, 6, 9, 0, 2, 7, 12, 8, 10, 15, 14, 0, 1, 13, 0, 1, 0, 1, 1, 1, 1, 1, 0, 1, 1, 1, 1, 1, 0, 1, 1, 0, 1, 1, 1, 1, 1, 1, 1, 0]
Fitness: 1382.885400 	[4, 3, 0, 11, 5, 6, 9, 0, 2, 7, 12, 8, 10, 15, 14, 0, 1, 13, 0, 1, 0, 1, 1, 1, 1, 1, 0, 1, 1, 1, 1, 1, 0, 1, 1, 0, 1, 1, 1, 1, 1, 1, 1, 0]
Fitness: 1382.885400 	[4, 3, 0, 11, 5, 6, 9, 0, 2, 7, 12, 8, 10, 15, 14, 0, 1, 13, 0, 1, 0, 1, 1, 1, 1, 1, 0, 1, 1, 1, 1, 1, 0, 1, 1, 0, 1, 1, 1, 1, 1, 1, 1, 0]
Fitness: 1382.885400 	[4, 3, 0, 11, 5, 6, 9, 0, 2, 7, 12, 8, 10, 15, 14, 0, 1, 13, 0, 1, 0, 1, 1, 1, 1, 1, 0, 1, 1, 1, 1, 1, 0, 1, 1, 0, 1, 1, 1, 1, 1, 1, 1, 0]
Fitness: 1382.885400 	[4, 3, 0, 11, 5, 6, 9, 0, 2, 7, 12, 8, 10, 15, 14, 0, 1, 13, 0, 1, 0, 1, 1, 1, 1, 1, 0, 1, 1, 1, 1, 1, 0, 1, 1, 0, 1, 1, 1, 1, 1, 1, 1, 0]
Fitness: 1382.885400 	[4, 3, 0, 11, 5, 6, 9, 0, 2, 7, 12, 8, 10, 15, 14, 0, 1, 13, 0, 1, 0, 1, 1, 1, 1, 1, 0, 1, 1, 1, 1, 1, 0, 1, 1, 0, 1, 1, 1, 1, 1, 1, 1, 0]
Fitness: 1382.885400 	[4, 3, 0, 11, 5, 6, 9, 0, 2, 7, 12, 8, 10, 15, 14, 0, 1, 13, 0, 1, 0, 1, 1, 1, 1, 1, 0, 1, 1, 1, 1, 1, 0, 1, 1, 0, 1, 1, 1, 1, 1, 1, 1, 0]
Fitness: 1382.885400 	[4, 3, 0, 11, 5, 6, 9, 0, 2, 7, 12, 8, 10, 15, 14, 0, 1, 13, 0, 1, 0, 1, 1, 1, 1, 1, 0, 1, 1, 1, 1, 1, 0, 1, 1, 0, 1, 1, 1, 1, 1, 1, 1, 0]
Fitness: 1382.885400 	[4, 3, 0, 11, 5, 6, 9, 0, 2, 7, 12, 8, 10, 15, 14, 0, 1, 13, 0, 1, 0, 1, 1, 1, 1, 1, 0, 1, 1, 1, 1, 1, 0, 1, 1, 0, 1, 1, 1, 1, 1, 1, 1, 0]
Fitness: 1374.267205 	[4, 3, 6, 0, 11, 5, 9, 0, 2, 7, 12, 8, 10, 15, 14, 0, 1, 13, 0, 1, 0, 1, 1, 1, 1, 1, 0, 1, 1, 1, 1, 1, 1, 0, 1, 0, 1, 1, 1, 1, 1, 1, 1, 0]
Fitness: 1374.267205 	[4, 3, 6, 0, 11, 5, 9, 0, 2, 7, 12, 8, 10, 15, 14, 0, 1, 13, 0, 1, 0, 1, 1, 1, 1, 1, 0, 1, 1, 1, 1, 1, 1, 0, 1, 0, 1, 1, 1, 1, 1, 1, 1, 0]
Fitness: 1374.267205 	[4, 3, 6, 0, 11, 5, 9, 0, 2, 7, 12, 8, 10, 15, 14, 0, 1, 13, 0, 1, 0, 1, 1, 1, 1, 1, 0, 1, 1, 1, 1, 1, 1, 0, 1, 0, 1, 1, 1, 1, 1, 1, 1, 0]
Fitness: 1374.267205 	[4, 3, 6, 0, 11, 5, 9, 0, 2, 7, 12, 8, 10, 15, 14, 0, 1, 13, 0, 1, 0, 1, 1, 1, 1, 1, 0, 1, 1, 1, 1, 1, 1, 0, 1, 0, 1, 1, 1, 1, 1, 1, 1, 0]
Fitness: 1372.199844 	[4, 3, 0, 11, 5, 6, 9, 0, 2, 7, 12, 8, 10, 15, 14, 0, 1, 13, 0, 1, 0, 1, 1, 1, 1, 1, 0, 1, 1, 1, 1, 0, 1, 1, 1, 0, 1, 1, 1, 1, 1, 1, 1, 0]
Fitness: 1372.199844 	[4, 3, 0, 11, 5, 6, 9, 0, 2, 7, 12, 8, 10, 15, 14, 0, 1, 13, 0, 1, 0, 1, 1, 1, 1, 1, 0, 1, 1, 1, 1, 0, 1, 1, 1, 0, 1, 1, 1, 1, 1, 1, 1, 0]
Fitness: 1372.199844 	[4, 3, 0, 11, 5, 6, 9, 0, 2, 7, 12, 8, 10, 15, 14, 0, 1, 13, 0, 1, 0, 1, 1, 1, 1, 1, 0, 1, 1, 1, 1, 0, 1, 1, 1, 0, 1, 1, 1, 1, 1, 1, 1, 0]
Fitness: 1372.199844 	[4, 3, 0, 11, 5, 6, 9, 0, 2, 7, 12, 8, 10, 15, 14, 0, 1, 13, 0, 1, 0, 1, 1, 1, 1, 1, 0, 1, 1, 1, 1, 0, 1, 1, 1, 0, 1, 1, 1, 1, 1, 1, 1, 0]
Fitness: 1372.199844 	[4, 3, 0, 11, 5, 6, 9, 0, 2, 7, 12, 8, 10, 15, 14, 0, 1, 13, 0, 1, 0, 1, 1, 1, 1, 1, 0, 1, 1, 1, 1, 0, 1, 1, 1, 0, 1, 1, 1, 1, 1, 1, 1, 0]
Fitness: 1372.199844 	[4, 3, 0, 11, 5, 6, 9, 0, 2, 7, 12, 8, 10, 15, 14, 0, 1, 13, 0, 1, 0, 1, 1, 1, 1, 1, 0, 1, 1, 1, 1, 0, 1, 1, 1, 0, 1, 1, 1, 1, 1, 1, 1, 0]
Fitness: 1372.199844 	[4, 3, 0, 11, 5, 6, 9, 0, 2, 7, 12, 8, 10, 15, 14, 0, 1, 13, 0, 1, 0, 1, 1, 1, 1, 1, 0, 1, 1, 1, 1, 0, 1, 1, 1, 0, 1, 1, 1, 1, 1, 1, 1, 0]
Fitness: 1372.199844 	[4, 3, 0, 11, 5, 6, 9, 0, 2, 7, 12, 8, 10, 15, 14, 0, 1, 13, 0, 1, 0, 1, 1, 1, 1, 1, 0, 1, 1, 1, 1, 0, 1, 1, 1, 0, 1, 1, 1, 1, 1, 1, 1, 0]
Fitness: 1372.199844 	[4, 3, 0, 11, 5, 6, 9, 0, 2, 7, 12, 8, 10, 15, 14, 0, 1, 13, 0, 1, 0, 1, 1, 1, 1, 1, 0, 1, 1, 1, 1, 0, 1, 1, 1, 0, 1, 1, 1, 1, 1, 1, 1, 0]
Fitness: 1372.199844 	[4, 3, 0, 11, 5, 6, 9, 0, 2, 7, 12, 8, 10, 15, 14, 0, 1, 13, 0, 1, 0, 1, 1, 1, 1, 1, 0, 1, 1, 1, 1, 0, 1, 1, 1, 0, 1, 1, 1, 1, 1, 1, 1, 0]
Fitness: 1372.199844 	[4, 3, 0, 11, 5, 6, 9, 0, 2, 7, 12, 8, 10, 15, 14, 0, 1, 13, 0, 1, 0, 1, 1, 1, 1, 1, 0, 1, 1, 1, 1, 0, 1, 1, 1, 0, 1, 1, 1, 1, 1, 1, 1, 0]
Fitness: 1372.199844 	[4, 3, 0, 11, 5, 6, 9, 0, 2, 7, 12, 8, 10, 15, 14, 0, 1, 13, 0, 1, 0, 1, 1, 1, 1, 1, 0, 1, 1, 1, 1, 0, 1, 1, 1, 0, 1, 1, 1, 1, 1, 1, 1, 0]
Fitness: 1372.199844 	[4, 3, 0, 11, 5, 6, 9, 0, 2, 7, 12, 8, 10, 15, 14, 0, 1, 13, 0, 1, 0, 1, 1, 1, 1, 1, 0, 1, 1, 1, 1, 0, 1, 1, 1, 0, 1, 1, 1, 1, 1, 1, 1, 0]
Fitness: 1372.199844 	[4, 3, 0, 11, 5, 6, 9, 0, 2, 7, 12, 8, 10, 15, 14, 0, 1, 13, 0, 1, 0, 1, 1, 1, 1, 1, 0, 1, 1, 1, 1, 0, 1, 1, 1, 0, 1, 1, 1, 1, 1, 1, 1, 0]
Fitness: 1372.199844 	[4, 3, 0, 11, 5, 6, 9, 0, 2, 7, 12, 8, 10, 15, 14, 0, 1, 13, 0, 1, 0, 1, 1, 1, 1, 1, 0, 1, 1, 1, 1, 0, 1, 1, 1, 0, 1, 1, 1, 1, 1, 1, 1, 0]
Fitness: 1372.199844 	[4, 3, 0, 11, 5, 6, 9, 0, 2, 7, 12, 8, 10, 15, 14, 0, 1, 13, 0, 1, 0, 1, 1, 1, 1, 1, 0, 1, 1, 1, 1, 0, 1, 1, 1, 0, 1, 1, 1, 1, 1, 1, 1, 0]
Fitness: 1372.199844 	[4, 3, 0, 11, 5, 6, 9, 0, 2, 7, 12, 8, 10, 15, 14, 0, 1, 13, 0, 1, 0, 1, 1, 1, 1, 1, 0, 1, 1, 1, 1, 0, 1, 1, 1, 0, 1, 1, 1, 1, 1, 1, 1, 0]
Fitness: 1372.199844 	[4, 3, 0, 11, 5, 6, 9, 0, 2, 7, 12, 8, 10, 15, 14, 0, 1, 13, 0, 1, 0, 1, 1, 1, 1, 1, 0, 1, 1, 1, 1, 0, 1, 1, 1, 0, 1, 1, 1, 1, 1, 1, 1, 0]
Fitness: 1372.199844 	[4, 3, 0, 11, 5, 6, 9, 0, 2, 7, 12, 8, 10, 15, 14, 0, 1, 13, 0, 1, 0, 1, 1, 1, 1, 1, 0, 1, 1, 1, 1, 0, 1, 1, 1, 0, 1, 1, 1, 1, 1, 1, 1, 0]
Fitness: 1372.199844 	[4, 3, 0, 11, 5, 6, 9, 0, 2, 7, 12, 8, 10, 15, 14, 0, 1, 13, 0, 1, 0, 1, 1, 1, 1, 1, 0, 1, 1, 1, 1, 0, 1, 1, 1, 0, 1, 1, 1, 1, 1, 1, 1, 0]
Fitness: 1372.199844 	[4, 3, 0, 11, 5, 6, 9, 0, 2, 7, 12, 8, 10, 15, 14, 0, 1, 13, 0, 1, 0, 1, 1, 1, 1, 1, 0, 1, 1, 1, 1, 0, 1, 1, 1, 0, 1, 1, 1, 1, 1, 1, 1, 0]
Fitness: 1372.199844 	[4, 3, 0, 11, 5, 6, 9, 0, 2, 7, 12, 8, 10, 15, 14, 0, 1, 13, 0, 1, 0, 1, 1, 1, 1, 1, 0, 1, 1, 1, 1, 0, 1, 1, 1, 0, 1, 1, 1, 1, 1, 1, 1, 0]
Fitness: 1372.199844 	[4, 3, 0, 11, 5, 6, 9, 0, 2, 7, 12, 8, 10, 15, 14, 0, 1, 13, 0, 1, 0, 1, 1, 1, 1, 1, 0, 1, 1, 1, 1, 0, 1, 1, 1, 0, 1, 1, 1, 1, 1, 1, 1, 0]
Fitness: 1372.199844 	[4, 3, 0, 11, 5, 6, 9, 0, 2, 7, 12, 8, 10, 15, 14, 0, 1, 13, 0, 1, 0, 1, 1, 1, 1, 1, 0, 1, 1, 1, 1, 0, 1, 1, 1, 0, 1, 1, 1, 1, 1, 1, 1, 0]
Fitness: 1372.199844 	[4, 3, 0, 11, 5, 6, 9, 0, 2, 7, 12, 8, 10, 15, 14, 0, 1, 13, 0, 1, 0, 1, 1, 1, 1, 1, 0, 1, 1, 1, 1, 0, 1, 1, 1, 0, 1, 1, 1, 1, 1, 1, 1, 0]
Fitness: 1372.199844 	[4, 3, 0, 11, 5, 6, 9, 0, 2, 7, 12, 8, 10, 15, 14, 0, 1, 13, 0, 1, 0, 1, 1, 1, 1, 1, 0, 1, 1, 1, 1, 0, 1, 1, 1, 0, 1, 1, 1, 1, 1, 1, 1, 0]
Fitness: 1372.199844 	[4, 3, 0, 11, 5, 6, 9, 0, 2, 7, 12, 8, 10, 15, 14, 0, 1, 13, 0, 1, 0, 1, 1, 1, 1, 1, 0, 1, 1, 1, 1, 0, 1, 1, 1, 0, 1, 1, 1, 1, 1, 1, 1, 0]
Fitness: 1372.199844 	[4, 3, 0, 11, 5, 6, 9, 0, 2, 7, 12, 8, 10, 15, 14, 0, 1, 13, 0, 1, 0, 1, 1, 1, 1, 1, 0, 1, 1, 1, 1, 0, 1, 1, 1, 0, 1, 1, 1, 1, 1, 1, 1, 0]
Fitness: 1372.199844 	[4, 3, 0, 11, 5, 6, 9, 0, 2, 7, 12, 8, 10, 15, 14, 0, 1, 13, 0, 1, 0, 1, 1, 1, 1, 1, 0, 1, 1, 1, 1, 0, 1, 1, 1, 0, 1, 1, 1, 1, 1, 1, 1, 0]
Fitness: 1372.199844 	[4, 3, 0, 11, 5, 6, 9, 0, 2, 7, 12, 8, 10, 15, 14, 0, 1, 13, 0, 1, 0, 1, 1, 1, 1, 1, 0, 1, 1, 1, 1, 0, 1, 1, 1, 0, 1, 1, 1, 1, 1, 1, 1, 0]
Fitness: 1372.199844 	[4, 3, 0, 11, 5, 6, 9, 0, 2, 7, 12, 8, 10, 15, 14, 0, 1, 13, 0, 1, 0, 1, 1, 1, 1, 1, 0, 1, 1, 1, 1, 0, 1, 1, 1, 0, 1, 1, 1, 1, 1, 1, 1, 0]
Fitness: 1372.199844 	[4, 3, 0, 11, 5, 6, 9, 0, 2, 7, 12, 8, 10, 15, 14, 0, 1, 13, 0, 1, 0, 1, 1, 1, 1, 1, 0, 1, 1, 1, 1, 0, 1, 1, 1, 0, 1, 1, 1, 1, 1, 1, 1, 0]
Fitness: 1372.199844 	[4, 3, 0, 11, 5, 6, 9, 0, 2, 7, 12, 8, 10, 15, 14, 0, 1, 13, 0, 1, 0, 1, 1, 1, 1, 1, 0, 1, 1, 1, 1, 0, 1, 1, 1, 0, 1, 1, 1, 1, 1, 1, 1, 0]
Fitness: 1372.199844 	[4, 3, 0, 11, 5, 6, 9, 0, 2, 7, 12, 8, 10, 15, 14, 0, 1, 13, 0, 1, 0, 1, 1, 1, 1, 1, 0, 1, 1, 1, 1, 0, 1, 1, 1, 0, 1, 1, 1, 1, 1, 1, 1, 0]
Fitness: 1372.199844 	[4, 3, 0, 11, 5, 6, 9, 0, 2, 7, 12, 8, 10, 15, 14, 0, 1, 13, 0, 1, 0, 1, 1, 1, 1, 1, 0, 1, 1, 1, 1, 0, 1, 1, 1, 0, 1, 1, 1, 1, 1, 1, 1, 0]
Fitness: 1372.199844 	[4, 3, 0, 11, 5, 6, 9, 0, 2, 7, 12, 8, 10, 15, 14, 0, 1, 13, 0, 1, 0, 1, 1, 1, 1, 1, 0, 1, 1, 1, 1, 0, 1, 1, 1, 0, 1, 1, 1, 1, 1, 1, 1, 0]
Fitness: 1372.199844 	[4, 3, 0, 11, 5, 6, 9, 0, 2, 7, 12, 8, 10, 15, 14, 0, 1, 13, 0, 1, 0, 1, 1, 1, 1, 1, 0, 1, 1, 1, 1, 0, 1, 1, 1, 0, 1, 1, 1, 1, 1, 1, 1, 0]
Fitness: 1374.267205 	[4, 3, 6, 0, 11, 5, 9, 0, 2, 7, 12, 8, 10, 15, 14, 0, 1, 13, 0, 1, 0, 1, 1, 1, 1, 1, 0, 1, 1, 1, 1, 1, 0, 1, 1, 0, 1, 1, 1, 1, 1, 1, 1, 0]
Fitness: 1382.885400 	[4, 3, 0, 11, 5, 6, 9, 0, 2, 7, 12, 8, 10, 15, 14, 0, 1, 13, 0, 1, 0, 1, 1, 1, 1, 1, 0, 1, 1, 1, 1, 1, 0, 1, 1, 0, 1, 1, 1, 1, 1, 1, 1, 0]
Fitness: 1374.267205 	[11, 5, 9, 0, 4, 3, 6, 0, 2, 7, 12, 8, 10, 15, 14, 0, 1, 13, 0, 1, 0, 1, 1, 1, 1, 1, 0, 1, 1, 1, 1, 1, 1, 0, 1, 0, 1, 1, 1, 1, 1, 1, 1, 0]
Fitness: 1372.199844 	[4, 3, 0, 11, 5, 6, 9, 0, 2, 7, 12, 8, 10, 15, 14, 0, 1, 13, 0, 1, 0, 1, 1, 1, 1, 1, 0, 1, 1, 1, 1, 0, 1, 1, 1, 0, 1, 1, 1, 1, 1, 1, 1, 0]
Fitness: 1372.199844 	[4, 3, 0, 11, 5, 6, 9, 0, 2, 7, 12, 8, 10, 15, 14, 0, 1, 13, 0, 1, 0, 1, 1, 1, 1, 1, 0, 1, 1, 1, 1, 0, 1, 1, 1, 0, 1, 1, 1, 1, 1, 1, 1, 0]
Fitness: 1372.199844 	[4, 3, 0, 1, 13, 0, 2, 7, 12, 8, 10, 15, 14, 0, 9, 11, 5, 6, 0, 1, 0, 1, 1, 1, 1, 1, 0, 1, 1, 1, 1, 0, 1, 1, 1, 0, 1, 1, 1, 1, 1, 1, 1, 0]
Fitness: 1374.267205 	[4, 3, 6, 0, 11, 5, 9, 0, 2, 7, 12, 8, 10, 15, 14, 0, 1, 13, 0, 1, 0, 1, 1, 1, 1, 1, 0, 1, 1, 1, 1, 1, 1, 0, 1, 0, 1, 1, 1, 1, 1, 1, 1, 0]
Fitness: 1385.696690 	[4, 3, 6, 0, 11, 5, 9, 0, 2, 7, 12, 8, 10, 15, 14, 0, 1, 13, 0, 1, 0, 1, 1, 1, 1, 1, 0, 1, 1, 1, 1, 0, 1, 1, 1, 0, 1, 1, 1, 1, 1, 1, 1, 0]
Fitness: 1374.267205 	[9, 11, 5, 0, 2, 7, 12, 8, 10, 15, 14, 0, 4, 3, 6, 0, 1, 13, 0, 1, 0, 1, 1, 1, 1, 1, 0, 1, 1, 1, 1, 1, 1, 0, 1, 0, 1, 1, 1, 1, 1, 1, 1, 0]
Fitness: 1398.936683 	[4, 3, 9, 0, 11, 5, 6, 0, 2, 7, 12, 8, 10, 15, 14, 0, 1, 13, 0, 1, 0, 1, 1, 1, 1, 1, 0, 1, 1, 1, 1, 1, 0, 1, 1, 0, 1, 1, 1, 1, 1, 1, 1, 0]
Fitness: 1382.885400 	[4, 3, 0, 11, 5, 6, 9, 0, 2, 7, 12, 8, 10, 15, 14, 0, 1, 13, 0, 1, 0, 1, 1, 1, 1, 1, 0, 1, 1, 1, 1, 1, 0, 1, 1, 0, 1, 1, 1, 1, 1, 1, 1, 0]
Fitness: 1398.936683 	[1, 2, 0, 7, 8, 10, 12, 0, 11, 5, 6, 0, 4, 3, 9, 13, 14, 15, 0, 1, 0, 1, 1, 1, 1, 1, 0, 1, 1, 1, 1, 1, 0, 1, 1, 0, 1, 1, 1, 1, 1, 1, 1, 0]
Fitness: 1398.936683 	[11, 5, 6, 0, 4, 3, 9, 0, 2, 7, 12, 8, 10, 15, 14, 0, 1, 13, 0, 1, 0, 1, 1, 1, 1, 1, 0, 1, 1, 1, 1, 1, 0, 1, 1, 0, 1, 1, 1, 1, 1, 1, 1, 0]
Fitness: 1372.199844 	[4, 3, 0, 11, 5, 6, 9, 0, 2, 7, 12, 8, 10, 15, 14, 0, 1, 13, 0, 1, 0, 1, 1, 1, 1, 1, 0, 1, 1, 1, 1, 0, 1, 1, 1, 0, 1, 1, 1, 1, 1, 1, 1, 0]
Fitness: 1398.936683 	[4, 3, 9, 0, 11, 5, 6, 0, 2, 7, 12, 8, 10, 15, 14, 0, 1, 13, 0, 1, 0, 1, 1, 1, 1, 1, 0, 1, 1, 1, 1, 1, 0, 1, 1, 0, 1, 1, 1, 1, 1, 1, 1, 0]
Fitness: 1389.119922 	[11, 5, 9, 0, 4, 3, 0, 2, 7, 12, 8, 10, 15, 14, 6, 0, 1, 13, 0, 1, 0, 1, 1, 1, 1, 1, 0, 1, 1, 1, 1, 0, 1, 1, 1, 0, 1, 1, 1, 1, 1, 1, 1, 0]
Fitness: 1372.199844 	[4, 3, 0, 11, 5, 6, 9, 0, 2, 7, 12, 8, 10, 15, 14, 0, 1, 13, 0, 1, 0, 1, 1, 1, 1, 1, 0, 1, 1, 1, 1, 0, 1, 1, 1, 0, 1, 1, 1, 1, 1, 1, 1, 0]
Fitness: 1389.119922 	[2, 7, 12, 8, 0, 1, 13, 0, 3, 4, 5, 9, 11, 0, 10, 15, 14, 6, 0, 1, 0, 1, 1, 1, 1, 0, 1, 1, 1, 1, 1, 0, 1, 1, 1, 0, 1, 1, 1, 1, 1, 1, 1, 0]
Fitness: 1398.936683 	[4, 3, 9, 0, 11, 5, 6, 0, 2, 7, 12, 8, 10, 15, 14, 0, 1, 13, 0, 1, 0, 1, 1, 1, 1, 1, 0, 1, 1, 1, 1, 0, 1, 1, 1, 0, 1, 1, 1, 1, 1, 1, 1, 0]
Fitness: 1372.199844 	[4, 3, 0, 11, 5, 6, 9, 0, 2, 7, 12, 8, 10, 15, 14, 0, 1, 13, 0, 1, 0, 1, 1, 1, 1, 1, 0, 1, 1, 1, 1, 0, 1, 1, 1, 0, 1, 1, 1, 1, 1, 1, 1, 0]
Fitness: 1398.936683 	[11, 5, 6, 0, 2, 7, 12, 8, 10, 15, 14, 0, 9, 3, 4, 0, 1, 13, 0, 1, 0, 1, 1, 1, 1, 1, 0, 1, 1, 1, 1, 1, 0, 1, 1, 0, 1, 1, 1, 1, 1, 1, 1, 0]
Fitness: 1385.869355 	[4, 3, 0, 11, 5, 9, 0, 2, 7, 12, 8, 10, 15, 14, 6, 0, 1, 13, 0, 1, 0, 1, 1, 1, 1, 1, 0, 1, 1, 1, 1, 0, 1, 1, 1, 0, 1, 1, 1, 1, 1, 1, 1, 0]
Fitness: 1372.199844 	[4, 3, 0, 11, 5, 6, 9, 0, 2, 7, 12, 8, 10, 15, 14, 0, 1, 13, 0, 1, 0, 1, 1, 1, 1, 1, 0, 1, 1, 1, 1, 0, 1, 1, 1, 0, 1, 1, 1, 1, 1, 1, 1, 0]
Fitness: 1385.869355 	[4, 3, 0, 2, 7, 12, 8, 10, 15, 14, 6, 0, 1, 13, 0, 9, 11, 5, 0, 1, 0, 1, 1, 1, 1, 0, 1, 1, 1, 1, 1, 0, 1, 1, 1, 0, 1, 1, 1, 1, 1, 1, 1, 0]
Fitness: 1374.267205 	[4, 3, 6, 0, 11, 5, 9, 0, 2, 7, 12, 8, 10, 15, 14, 0, 1, 13, 0, 1, 0, 1, 1, 1, 1, 0, 1, 1, 1, 1, 1, 0, 1, 1, 1, 0, 1, 1, 1, 1, 1, 1, 1, 0]
Fitness: 1385.869355 	[4, 3, 0, 11, 5, 9, 0, 2, 7, 12, 8, 10, 15, 14, 6, 0, 1, 13, 0, 1, 0, 1, 1, 1, 1, 0, 1, 1, 1, 1, 1, 0, 1, 1, 1, 0, 1, 1, 1, 1, 1, 1, 1, 0]
Fitness: 1374.267205 	[4, 3, 0, 11, 5, 9, 0, 1, 13, 0, 2, 7, 12, 8, 10, 15, 14, 6, 0, 1, 0, 1, 1, 1, 1, 1, 0, 1, 1, 1, 1, 1, 1, 0, 1, 0, 1, 1, 1, 1, 1, 1, 1, 0]
Fitness: 1372.199844 	[4, 3, 0, 11, 5, 6, 9, 0, 2, 7, 12, 8, 10, 15, 14, 0, 1, 13, 0, 1, 0, 1, 1, 1, 1, 1, 0, 1, 1, 1, 1, 1, 0, 1, 1, 0, 1, 1, 1, 1, 1, 1, 1, 0]
Fitness: 1398.936683 	[4, 3, 9, 0, 11, 5, 6, 0, 2, 7, 12, 8, 10, 15, 14, 0, 1, 13, 0, 1, 0, 1, 1, 1, 1, 1, 0, 1, 1, 1, 1, 1, 0, 1, 1, 0, 1, 1, 1, 1, 1, 1, 1, 0]
Fitness: 1372.199844 	[4, 3, 2, 0, 1, 13, 0, 11, 5, 6, 9, 0, 7, 8, 10, 12, 14, 15, 0, 1, 0, 1, 1, 1, 1, 1, 0, 1, 1, 1, 1, 0, 1, 1, 1, 0, 1, 1, 1, 1, 1, 1, 1, 0]
Fitness: 1398.936683 	[11, 5, 6, 0, 4, 3, 9, 0, 2, 7, 12, 8, 10, 15, 14, 0, 1, 13, 0, 1, 0, 1, 1, 1, 1, 1, 0, 1, 1, 1, 1, 0, 1, 1, 1, 0, 1, 1, 1, 1, 1, 1, 1, 0]
Fitness: 1372.199844 	[4, 3, 0, 11, 5, 6, 9, 0, 2, 7, 12, 8, 10, 15, 14, 0, 1, 13, 0, 1, 0, 1, 1, 1, 1, 1, 0, 1, 1, 1, 1, 0, 1, 1, 1, 0, 1, 1, 1, 1, 1, 1, 1, 0]
Fitness: 1398.936683 	[4, 3, 0, 1, 13, 0, 11, 5, 6, 0, 2, 7, 8, 9, 10, 12, 14, 15, 0, 1, 0, 1, 1, 1, 1, 1, 0, 1, 1, 1, 1, 1, 0, 1, 1, 0, 1, 1, 1, 1, 1, 1, 1, 0]
Fitness: 1398.936683 	[4, 3, 9, 0, 11, 5, 6, 0, 2, 7, 12, 8, 10, 15, 14, 0, 1, 13, 0, 1, 0, 1, 1, 1, 1, 1, 0, 1, 1, 1, 1, 1, 0, 1, 1, 0, 1, 1, 1, 1, 1, 1, 1, 0]
Fitness: 1398.936683 	[11, 5, 6, 0, 4, 3, 9, 0, 2, 7, 12, 8, 10, 15, 14, 0, 1, 13, 0, 1, 0, 1, 1, 1, 1, 1, 0, 1, 1, 1, 1, 1, 0, 1, 1, 0, 1, 1, 1, 1, 1, 1, 1, 0]
Fitness: 1398.936683 	[2, 7, 12, 0, 1, 13, 0, 3, 4, 5, 6, 9, 11, 0, 8, 10, 15, 14, 0, 1, 0, 1, 1, 1, 1, 1, 0, 1, 1, 1, 1, 1, 0, 1, 1, 0, 1, 1, 1, 1, 1, 1, 1, 0]
Fitness: 1389.119922 	[11, 5, 9, 0, 4, 3, 0, 2, 7, 12, 8, 10, 15, 14, 6, 0, 1, 13, 0, 1, 0, 1, 1, 1, 1, 1, 0, 1, 1, 1, 1, 0, 1, 1, 1, 0, 1, 1, 1, 1, 1, 1, 1, 0]
Fitness: 1385.869355 	[11, 5, 9, 0, 4, 3, 0, 2, 7, 12, 8, 10, 15, 14, 6, 0, 1, 13, 0, 1, 0, 1, 1, 1, 1, 1, 0, 1, 1, 1, 1, 0, 1, 1, 1, 0, 1, 1, 1, 1, 1, 1, 1, 0]
Fitness: 1389.119922 	[11, 5, 9, 0, 4, 3, 0, 2, 7, 12, 8, 10, 15, 14, 6, 0, 1, 13, 0, 1, 0, 1, 1, 1, 1, 0, 1, 1, 1, 1, 1, 0, 1, 1, 1, 0, 1, 1, 1, 1, 1, 1, 1, 0]
Fitness: 1382.885400 	[4, 3, 0, 11, 5, 6, 9, 0, 2, 7, 12, 8, 10, 15, 14, 0, 1, 13, 0, 1, 0, 1, 1, 1, 1, 1, 0, 1, 1, 1, 1, 1, 0, 1, 1, 0, 1, 1, 1, 1, 1, 1, 1, 0]
Fitness: 1382.885400 	[4, 3, 0, 11, 5, 6, 9, 0, 2, 7, 12, 8, 10, 15, 14, 0, 1, 13, 0, 1, 0, 1, 1, 1, 1, 1, 0, 1, 1, 1, 1, 1, 0, 1, 1, 0, 1, 1, 1, 1, 1, 1, 1, 0]
Fitness: 1382.885400 	[11, 5, 6, 9, 0, 1, 13, 0, 2, 7, 12, 8, 10, 15, 14, 0, 3, 4, 0, 1, 0, 1, 1, 1, 1, 1, 0, 1, 1, 1, 1, 1, 0, 1, 1, 0, 1, 1, 1, 1, 1, 1, 1, 0]
Fitness: 1372.199844 	[4, 3, 0, 11, 5, 6, 9, 0, 2, 7, 12, 8, 10, 15, 14, 0, 1, 13, 0, 1, 0, 1, 1, 1, 1, 0, 1, 1, 1, 1, 1, 0, 1, 1, 1, 0, 1, 1, 1, 1, 1, 1, 1, 0]
Fitness: 1385.996060 	[4, 3, 9, 0, 11, 5, 6, 0, 2, 7, 12, 8, 10, 15, 14, 0, 1, 13, 0, 1, 0, 1, 1, 1, 1, 0, 1, 1, 1, 1, 1, 0, 1, 1, 1, 0, 1, 1, 1, 1, 1, 1, 1, 0]
Fitness: 1372.199844 	[11, 5, 9, 0, 4, 3, 0, 2, 7, 12, 8, 10, 15, 14, 0, 1, 13, 6, 0, 1, 0, 1, 1, 1, 1, 1, 0, 1, 1, 1, 1, 0, 1, 1, 1, 0, 1, 1, 1, 1, 1, 1, 1, 0]
Fitness: 1385.869355 	[11, 5, 9, 0, 4, 3, 0, 2, 7, 12, 8, 10, 15, 14, 6, 0, 1, 13, 0, 1, 0, 1, 1, 1, 1, 1, 0, 1, 1, 1, 1, 0, 1, 1, 1, 0, 1, 1, 1, 1, 1, 1, 1, 0]
Fitness: 1372.199844 	[4, 3, 0, 11, 5, 6, 9, 0, 2, 7, 12, 8, 10, 15, 14, 0, 1, 13, 0, 1, 0, 1, 1, 1, 1, 1, 0, 1, 1, 1, 1, 0, 1, 1, 1, 0, 1, 1, 1, 1, 1, 1, 1, 0]
Fitness: 1385.869355 	[2, 5, 0, 1, 13, 0, 4, 3, 0, 6, 7, 8, 9, 10, 11, 12, 14, 15, 0, 1, 0, 1, 1, 1, 1, 1, 0, 1, 1, 1, 1, 0, 1, 1, 1, 0, 1, 1, 1, 1, 1, 1, 1, 0]
Fitness: 1372.199844 	[4, 3, 0, 11, 5, 6, 9, 0, 2, 7, 12, 8, 10, 15, 14, 0, 1, 13, 0, 1, 0, 1, 1, 1, 1, 1, 0, 1, 1, 1, 1, 0, 1, 1, 1, 0, 1, 1, 1, 1, 1, 1, 1, 0]
Fitness: 1386.086913 	[4, 3, 9, 0, 11, 5, 6, 0, 2, 7, 12, 8, 10, 15, 14, 0, 1, 13, 0, 1, 0, 1, 1, 1, 1, 1, 0, 1, 1, 1, 1, 0, 1, 1, 1, 0, 1, 1, 1, 1, 1, 1, 1, 0]
Fitness: 1372.199844 	[11, 5, 9, 0, 4, 3, 0, 2, 7, 12, 8, 10, 15, 14, 0, 1, 13, 6, 0, 1, 0, 1, 1, 1, 1, 1, 0, 1, 1, 1, 1, 0, 1, 1, 1, 0, 1, 1, 1, 1, 1, 1, 1, 0]
Fitness: 1372.199844 	[4, 3, 0, 11, 5, 6, 9, 0, 2, 7, 12, 8, 10, 15, 14, 0, 1, 13, 0, 1, 0, 1, 1, 1, 1, 1, 0, 1, 1, 1, 1, 1, 0, 1, 1, 0, 1, 1, 1, 1, 1, 1, 1, 0]
Fitness: 1398.936683 	[4, 3, 9, 0, 11, 5, 6, 0, 2, 7, 12, 8, 10, 15, 14, 0, 1, 13, 0, 1, 0, 1, 1, 1, 1, 1, 0, 1, 1, 1, 1, 1, 0, 1, 1, 0, 1, 1, 1, 1, 1, 1, 1, 0]
Fitness: 1372.199844 	[4, 3, 2, 0, 11, 5, 6, 9, 0, 1, 13, 0, 7, 8, 10, 12, 14, 15, 0, 1, 0, 1, 1, 1, 1, 1, 0, 1, 1, 1, 1, 0, 1, 1, 1, 0, 1, 1, 1, 1, 1, 1, 1, 0]
Fitness: 1386.086913 	[4, 3, 9, 0, 11, 5, 6, 0, 2, 7, 12, 8, 10, 15, 14, 0, 1, 13, 0, 1, 0, 1, 1, 1, 1, 1, 0, 1, 1, 1, 1, 0, 1, 1, 1, 0, 1, 1, 1, 1, 1, 1, 1, 0]
Fitness: 1385.869355 	[11, 5, 9, 0, 4, 3, 0, 2, 7, 12, 8, 10, 15, 14, 6, 0, 1, 13, 0, 1, 0, 1, 1, 1, 1, 1, 0, 1, 1, 1, 1, 0, 1, 1, 1, 0, 1, 1, 1, 1, 1, 1, 1, 0]
Fitness: 1386.086913 	[11, 5, 6, 0, 2, 7, 12, 8, 10, 15, 14, 0, 9, 3, 4, 0, 1, 13, 0, 1, 0, 1, 1, 1, 1, 1, 0, 1, 1, 1, 1, 0, 1, 1, 1, 0, 1, 1, 1, 1, 1, 1, 1, 0]
Fitness: 1389.119922 	[11, 5, 9, 0, 4, 3, 0, 2, 7, 12, 8, 10, 15, 14, 6, 0, 1, 13, 0, 1, 0, 1, 1, 1, 1, 0, 1, 1, 1, 1, 1, 0, 1, 1, 1, 0, 1, 1, 1, 1, 1, 1, 1, 0]
Fitness: 1385.869355 	[4, 3, 0, 11, 5, 9, 0, 2, 7, 12, 8, 10, 15, 14, 6, 0, 1, 13, 0, 1, 0, 1, 1, 1, 1, 0, 1, 1, 1, 1, 1, 0, 1, 1, 1, 0, 1, 1, 1, 1, 1, 1, 1, 0]
Fitness: 1389.119922 	[4, 3, 0, 2, 6, 7, 0, 1, 13, 0, 11, 5, 9, 8, 10, 12, 14, 15, 0, 1, 0, 1, 1, 1, 1, 0, 1, 1, 1, 1, 1, 0, 1, 1, 1, 0, 1, 1, 1, 1, 1, 1, 1, 0]
Fitness: 1386.086913 	[4, 3, 9, 0, 11, 5, 6, 0, 2, 7, 12, 8, 10, 15, 14, 0, 1, 13, 0, 1, 0, 1, 1, 1, 1, 1, 0, 1, 1, 1, 1, 0, 1, 1, 1, 0, 1, 1, 1, 1, 1, 1, 1, 0]
Fitness: 1386.086913 	[4, 3, 9, 0, 11, 5, 6, 0, 2, 7, 12, 8, 10, 15, 14, 0, 1, 13, 0, 1, 0, 1, 1, 1, 1, 1, 0, 1, 1, 1, 1, 0, 1, 1, 1, 0, 1, 1, 1, 1, 1, 1, 1, 0]
Fitness: 1386.086913 	[4, 3, 9, 0, 11, 5, 6, 0, 2, 7, 12, 8, 10, 15, 14, 0, 1, 13, 0, 1, 0, 1, 1, 1, 1, 1, 0, 1, 1, 1, 1, 0, 1, 1, 1, 0, 1, 1, 1, 1, 1, 1, 1, 0]
Fitness: 1389.119922 	[4, 3, 0, 11, 5, 9, 0, 2, 7, 12, 8, 10, 15, 14, 6, 0, 1, 13, 0, 1, 0, 1, 1, 1, 1, 1, 0, 1, 1, 1, 1, 0, 1, 1, 1, 0, 1, 1, 1, 1, 1, 1, 1, 0]
Fitness: 1372.199844 	[4, 3, 0, 11, 5, 6, 9, 0, 2, 7, 12, 8, 10, 15, 14, 0, 1, 13, 0, 1, 0, 1, 1, 1, 1, 1, 0, 1, 1, 1, 1, 0, 1, 1, 1, 0, 1, 1, 1, 1, 1, 1, 1, 0]
Fitness: 1389.119922 	[2, 6, 0, 4, 3, 0, 11, 5, 9, 0, 1, 13, 7, 8, 10, 12, 14, 15, 0, 1, 0, 1, 1, 1, 1, 1, 0, 1, 1, 1, 1, 0, 1, 1, 1, 0, 1, 1, 1, 1, 1, 1, 1, 0]
Fitness: 1372.199844 	[4, 3, 0, 11, 5, 6, 9, 0, 2, 7, 12, 8, 10, 15, 14, 0, 1, 13, 0, 1, 0, 1, 1, 1, 1, 1, 0, 1, 1, 1, 1, 0, 1, 1, 1, 0, 1, 1, 1, 1, 1, 1, 1, 0]
Fitness: 1382.885400 	[4, 3, 0, 11, 5, 6, 9, 0, 2, 7, 12, 8, 10, 15, 14, 0, 1, 13, 0, 1, 0, 1, 1, 1, 1, 1, 0, 1, 1, 1, 1, 1, 0, 1, 1, 0, 1, 1, 1, 1, 1, 1, 1, 0]
Fitness: 1372.199844 	[4, 3, 0, 2, 7, 12, 8, 10, 15, 14, 0, 1, 13, 0, 9, 11, 5, 6, 0, 1, 0, 1, 1, 1, 1, 1, 0, 1, 1, 1, 1, 0, 1, 1, 1, 0, 1, 1, 1, 1, 1, 1, 1, 0]
Fitness: 1372.199844 	[4, 3, 0, 11, 5, 6, 9, 0, 2, 7, 12, 8, 10, 15, 14, 0, 1, 13, 0, 1, 0, 1, 1, 1, 1, 1, 0, 1, 1, 1, 1, 0, 1, 1, 1, 0, 1, 1, 1, 1, 1, 1, 1, 0]
Fitness: 1372.199844 	[4, 3, 0, 11, 5, 6, 9, 0, 2, 7, 12, 8, 10, 15, 14, 0, 1, 13, 0, 1, 0, 1, 1, 1, 1, 1, 0, 1, 1, 1, 1, 0, 1, 1, 1, 0, 1, 1, 1, 1, 1, 1, 1, 0]
Fitness: 1372.199844 	[2, 7, 0, 4, 3, 0, 11, 5, 6, 9, 0, 1, 13, 8, 10, 12, 14, 15, 0, 1, 0, 1, 1, 1, 1, 1, 0, 1, 1, 1, 1, 0, 1, 1, 1, 0, 1, 1, 1, 1, 1, 1, 1, 0]
Fitness: 1389.119922 	[11, 5, 9, 0, 4, 3, 0, 2, 7, 12, 8, 10, 15, 14, 6, 0, 1, 13, 0, 1, 0, 1, 1, 1, 1, 0, 1, 1, 1, 1, 1, 0, 1, 1, 1, 0, 1, 1, 1, 1, 1, 1, 1, 0]
Fitness: 1372.199844 	[4, 3, 0, 11, 5, 6, 9, 0, 2, 7, 12, 8, 10, 15, 14, 0, 1, 13, 0, 1, 0, 1, 1, 1, 1, 1, 0, 1, 1, 1, 1, 0, 1, 1, 1, 0, 1, 1, 1, 1, 1, 1, 1, 0]
Fitness: 1389.119922 	[4, 3, 0, 1, 13, 0, 11, 5, 9, 0, 2, 7, 12, 8, 10, 15, 14, 6, 0, 1, 0, 1, 1, 1, 1, 0, 1, 1, 1, 1, 1, 0, 1, 1, 1, 0, 1, 1, 1, 1, 1, 1, 1, 0]
Fitness: 1389.119922 	[11, 5, 0, 4, 3, 0, 2, 7, 12, 8, 10, 15, 14, 6, 0, 1, 13, 9, 0, 1, 0, 1, 1, 1, 1, 0, 0, 1, 1, 1, 1, 1, 1, 1, 1, 0, 1, 1, 1, 1, 1, 1, 1, 0]
Fitness: 1385.869355 	[11, 9, 0, 4, 3, 5, 0, 2, 7, 12, 8, 10, 15, 14, 6, 0, 1, 13, 0, 1, 0, 1, 1, 1, 1, 1, 0, 1, 1, 1, 1, 0, 1, 1, 1, 1, 1, 1, 1, 1, 1, 0, 1, 0]
Fitness: 1372.199844 	[4, 3, 0, 11, 5, 6, 9, 0, 2, 7, 12, 8, 10, 15, 14, 1, 0, 13, 0, 1, 0, 1, 1, 0, 1, 1, 1, 1, 1, 1, 1, 1, 0, 1, 1, 0, 1, 1, 1, 1, 1, 1, 1, 0]
Fitness: 1385.869355 	[2, 5, 0, 1, 13, 0, 4, 0, 6, 7, 8, 9, 10, 11, 12, 14, 15, 3, 0, 0, 1, 1, 1, 1, 1, 1, 0, 1, 1, 1, 1, 0, 1, 1, 1, 0, 1, 1, 1, 1, 1, 1, 1, 0]
Fitness: 1398.936683 	[1, 2, 0, 7, 8, 10, 12, 5, 0, 11, 6, 0, 4, 3, 9, 13, 14, 15, 0, 1, 0, 1, 1, 1, 1, 1, 1, 1, 1, 1, 0, 1, 0, 1, 1, 0, 1, 1, 1, 1, 1, 1, 1, 0]
Fitness: 1372.199844 	[4, 0, 11, 5, 6, 9, 0, 2, 7, 12, 8, 10, 15, 14, 3, 0, 1, 13, 0, 1, 0, 1, 1, 1, 1, 1, 0, 1, 1, 1, 1, 1, 1, 1, 1, 0, 1, 1, 1, 1, 1, 1, 0, 0]
Fitness: 1386.086913 	[11, 5, 6, 9, 0, 2, 7, 12, 8, 10, 15, 14, 0, 3, 4, 0, 1, 13, 0, 1, 0, 1, 1, 1, 1, 0, 1, 1, 1, 1, 1, 0, 1, 1, 1, 0, 1, 1, 1, 1, 1, 1, 1, 0]
Fitness: 1386.086913 	[4, 3, 9, 5, 0, 11, 6, 0, 2, 7, 12, 8, 10, 15, 14, 0, 1, 13, 0, 1, 0, 1, 0, 1, 1, 1, 0, 1, 1, 1, 1, 0, 1, 1, 1, 1, 1, 1, 1, 1, 1, 1, 1, 0]
Fitness: 1386.086913 	[4, 3, 9, 0, 11, 5, 6, 0, 2, 7, 12, 8, 10, 15, 14, 1, 0, 13, 0, 1, 0, 1, 1, 1, 1, 1, 1, 0, 1, 1, 1, 0, 1, 1, 1, 0, 1, 1, 1, 1, 1, 1, 1, 0]
Fitness: 1385.869355 	[4, 3, 0, 2, 12, 8, 10, 15, 14, 6, 0, 1, 13, 7, 0, 9, 11, 5, 0, 1, 0, 1, 1, 1, 0, 1, 1, 1, 1, 1, 1, 0, 1, 1, 1, 0, 1, 1, 1, 1, 1, 1, 1, 0]
Fitness: 1389.119922 	[5, 9, 0, 4, 3, 11, 0, 2, 7, 12, 8, 10, 15, 14, 6, 0, 1, 13, 0, 1, 0, 1, 1, 1, 1, 1, 1, 0, 1, 1, 1, 0, 1, 1, 1, 0, 1, 1, 1, 1, 1, 1, 1, 0]
Fitness: 1386.086913 	[4, 3, 9, 13, 0, 11, 5, 6, 0, 2, 7, 12, 8, 10, 15, 14, 0, 1, 0, 1, 0, 1, 1, 1, 1, 1, 0, 1, 1, 1, 1, 1, 1, 0, 1, 0, 1, 1, 1, 1, 1, 1, 1, 0]
Fitness: 1374.267205 	[4, 3, 6, 0, 11, 5, 9, 2, 0, 7, 12, 8, 10, 15, 14, 0, 1, 13, 0, 1, 0, 1, 1, 1, 1, 1, 0, 1, 1, 1, 1, 1, 1, 1, 1, 0, 1, 1, 1, 1, 0, 1, 1, 0]
Fitness: 1374.267205 	[11, 5, 9, 3, 0, 4, 6, 0, 2, 7, 12, 8, 10, 15, 14, 0, 1, 13, 0, 1, 0, 1, 1, 1, 1, 1, 0, 1, 1, 1, 1, 1, 1, 0, 1, 1, 0, 1, 1, 1, 1, 1, 1, 0]
Fitness: 1389.119922 	[4, 3, 0, 11, 5, 9, 0, 2, 7, 12, 8, 10, 15, 14, 6, 13, 0, 1, 0, 1, 0, 1, 1, 1, 1, 1, 0, 1, 1, 1, 1, 1, 1, 1, 1, 0, 1, 1, 1, 1, 1, 0, 1, 0]
Fitness: 1398.936683 	[4, 3, 0, 1, 13, 0, 11, 5, 6, 10, 0, 2, 7, 8, 9, 12, 14, 15, 0, 1, 0, 1, 1, 1, 0, 1, 0, 1, 1, 1, 1, 1, 1, 1, 1, 0, 1, 1, 1, 1, 1, 1, 1, 0]
Fitness: 1398.936683 	[11, 5, 6, 0, 4, 3, 9, 0, 2, 7, 12, 8, 10, 15, 14, 1, 0, 13, 0, 1, 0, 1, 1, 1, 1, 1, 0, 1, 1, 1, 1, 1, 1, 1, 1, 0, 1, 1, 1, 1, 1, 0, 1, 0]
Fitness: 1387.455918 	[4, 3, 0, 11, 5, 6, 0, 2, 7, 12, 8, 15, 14, 9, 0, 1, 13, 10, 0, 0, 0, 1, 1, 1, 1, 1, 0, 1, 1, 1, 1, 1, 0, 1, 1, 1, 1, 1, 1, 1, 1, 1, 1, 0]
Fitness: 1386.086913 	[4, 3, 9, 0, 11, 5, 6, 7, 0, 2, 12, 8, 10, 15, 14, 0, 1, 13, 0, 1, 1, 1, 1, 1, 1, 1, 0, 0, 1, 1, 1, 0, 1, 1, 1, 0, 1, 1, 1, 1, 1, 1, 1, 0]
Fitness: 1389.119922 	[11, 5, 9, 0, 4, 0, 2, 7, 12, 8, 10, 15, 14, 6, 3, 0, 1, 13, 0, 1, 1, 1, 1, 1, 1, 0, 1, 1, 1, 1, 1, 0, 1, 0, 1, 0, 1, 1, 1, 1, 1, 1, 1, 0]
Fitness: 1385.996060 	[4, 3, 9, 0, 11, 5, 0, 2, 7, 12, 8, 10, 15, 14, 0, 1, 13, 6, 0, 1, 0, 1, 1, 1, 1, 0, 1, 1, 1, 1, 1, 0, 1, 1, 1, 1, 1, 1, 1, 1, 1, 0, 1, 0]
Fitness: 1385.869355 	[4, 3, 0, 5, 9, 0, 2, 7, 12, 8, 10, 15, 14, 6, 0, 1, 13, 11, 0, 1, 1, 1, 1, 1, 1, 0, 1, 1, 1, 1, 1, 0, 1, 1, 1, 0, 1, 1, 1, 0, 1, 1, 1, 0]
Fitness: 1385.696690 	[4, 3, 6, 0, 11, 5, 9, 13, 0, 2, 7, 12, 8, 10, 15, 14, 0, 1, 0, 1, 0, 1, 1, 1, 1, 1, 0, 1, 0, 1, 1, 0, 1, 1, 1, 1, 1, 1, 1, 1, 1, 1, 1, 0]
Fitness: 1382.885400 	[4, 3, 7, 0, 11, 5, 6, 9, 0, 2, 12, 8, 10, 15, 14, 0, 1, 13, 0, 1, 1, 1, 1, 1, 1, 1, 0, 1, 1, 1, 1, 0, 0, 1, 1, 0, 1, 1, 1, 1, 1, 1, 1, 0]
Fitness: 1382.885400 	[11, 5, 6, 9, 15, 0, 4, 3, 0, 2, 7, 12, 8, 10, 14, 0, 1, 13, 0, 0, 0, 1, 1, 1, 1, 1, 0, 1, 1, 1, 1, 1, 1, 1, 1, 0, 1, 1, 1, 1, 1, 1, 1, 0]
Fitness: 1372.199844 	[3, 0, 11, 5, 6, 9, 0, 2, 7, 12, 8, 10, 15, 14, 4, 0, 1, 13, 0, 1, 0, 1, 1, 1, 1, 1, 0, 1, 1, 1, 1, 0, 1, 1, 1, 1, 1, 0, 1, 1, 1, 1, 1, 0]
Fitness: 1372.199844 	[4, 3, 0, 11, 5, 6, 9, 15, 0, 2, 7, 12, 8, 10, 14, 0, 1, 13, 0, 1, 0, 1, 1, 1, 1, 1, 0, 1, 1, 1, 1, 1, 1, 1, 1, 0, 1, 1, 0, 1, 1, 1, 1, 0]
Fitness: 1372.199844 	[4, 3, 5, 0, 11, 6, 9, 0, 2, 7, 12, 8, 10, 15, 14, 0, 1, 13, 0, 1, 0, 1, 1, 1, 1, 1, 1, 1, 1, 1, 1, 0, 1, 1, 1, 0, 1, 1, 1, 1, 1, 1, 0, 0]
Fitness: 1372.199844 	[4, 0, 11, 5, 6, 9, 3, 0, 2, 7, 12, 8, 10, 15, 14, 0, 1, 13, 0, 1, 0, 1, 1, 1, 1, 1, 0, 1, 1, 1, 1, 0, 1, 1, 1, 1, 0, 1, 1, 1, 1, 1, 1, 0]
Fitness: 1398.936683 	[4, 3, 9, 0, 11, 5, 6, 0, 2, 7, 12, 8, 10, 15, 14, 13, 0, 1, 0, 1, 1, 1, 1, 1, 1, 1, 0, 1, 1, 1, 1, 1, 0, 1, 0, 0, 1, 1, 1, 1, 1, 1, 1, 0]
Fitness: 1372.199844 	[4, 3, 0, 5, 6, 9, 0, 2, 7, 12, 8, 10, 15, 14, 11, 0, 1, 13, 0, 1, 0, 1, 1, 1, 1, 1, 0, 0, 1, 1, 1, 1, 1, 1, 1, 0, 1, 1, 1, 1, 1, 1, 1, 0]
Fitness: 1382.885400 	[4, 3, 0, 11, 5, 6, 9, 13, 0, 2, 7, 12, 8, 10, 15, 14, 0, 1, 0, 1, 0, 1, 1, 0, 1, 1, 0, 1, 1, 1, 1, 1, 0, 1, 1, 1, 1, 1, 1, 1, 1, 1, 1, 0]
Fitness: 1385.869355 	[4, 3, 0, 11, 5, 9, 0, 2, 7, 12, 8, 10, 15, 14, 6, 1, 0, 13, 0, 1, 1, 1, 1, 1, 1, 0, 1, 1, 0, 1, 1, 0, 1, 1, 1, 0, 1, 1, 1, 1, 1, 1, 1, 0]
Fitness: 1389.119922 	[4, 3, 0, 2, 6, 7, 0, 13, 0, 11, 5, 9, 8, 10, 12, 14, 15, 1, 0, 1, 0, 1, 1, 1, 1, 0, 1, 1, 1, 1, 1, 0, 1, 1, 1, 1, 1, 1, 1, 1, 1, 0, 1, 0]
Fitness: 1386.086913 	[4, 3, 9, 0, 11, 6, 0, 2, 7, 12, 8, 10, 15, 14, 0, 1, 13, 5, 0, 1, 0, 1, 1, 1, 1, 1, 1, 1, 1, 1, 1, 0, 1, 1, 1, 0, 1, 1, 0, 1, 1, 1, 1, 0]
Fitness: 1386.086913 	[4, 3, 9, 0, 11, 5, 0, 2, 7, 12, 8, 10, 15, 14, 6, 0, 1, 13, 0, 1, 0, 1, 1, 1, 1, 1, 0, 1, 0, 1, 1, 1, 1, 1, 1, 0, 1, 1, 1, 1, 1, 1, 1, 0]
Fitness: 1372.199844 	[4, 3, 14, 0, 11, 5, 6, 9, 0, 2, 7, 12, 8, 10, 15, 0, 1, 13, 0, 1, 1, 1, 1, 1, 1, 1, 0, 1, 1, 1, 1, 1, 0, 1, 1, 0, 1, 1, 1, 0, 1, 1, 1, 0]
Fitness: 1382.885400 	[4, 0, 11, 5, 6, 9, 0, 2, 7, 12, 8, 10, 15, 14, 0, 1, 13, 3, 0, 1, 1, 1, 1, 1, 1, 1, 0, 1, 1, 1, 1, 1, 0, 1, 0, 0, 1, 1, 1, 1, 1, 1, 1, 0]
Fitness: 1385.869355 	[11, 5, 0, 4, 3, 0, 2, 7, 12, 8, 10, 15, 14, 6, 9, 0, 1, 13, 0, 1, 0, 0, 1, 1, 1, 1, 0, 1, 1, 1, 1, 1, 1, 1, 1, 0, 1, 1, 1, 1, 1, 1, 1, 0]
Fitness: 1372.199844 	[4, 3, 9, 0, 11, 5, 6, 0, 2, 7, 12, 8, 10, 15, 14, 0, 1, 13, 0, 1, 0, 1, 1, 1, 1, 1, 1, 1, 0, 1, 1, 0, 1, 1, 1, 0, 1, 1, 1, 1, 1, 1, 1, 0]
Fitness: 1389.119922 	[11, 5, 9, 0, 4, 0, 2, 7, 12, 8, 10, 15, 14, 6, 0, 1, 13, 3, 0, 1, 0, 1, 1, 1, 1, 1, 1, 1, 1, 1, 0, 0, 1, 1, 1, 0, 1, 1, 1, 1, 1, 1, 1, 0]
Fitness: 1382.885400 	[4, 3, 13, 0, 11, 5, 6, 9, 0, 2, 7, 12, 8, 10, 15, 14, 0, 1, 0, 1, 0, 1, 1, 1, 1, 1, 0, 1, 0, 1, 1, 1, 1, 1, 1, 0, 1, 1, 1, 1, 1, 1, 1, 0]
Fitness: 1374.267205 	[4, 3, 6, 0, 5, 9, 0, 2, 7, 12, 8, 10, 15, 14, 11, 0, 1, 13, 0, 1, 1, 1, 1, 1, 1, 1, 0, 0, 1, 1, 1, 1, 1, 0, 1, 0, 1, 1, 1, 1, 1, 1, 1, 0]
Fitness: 1372.199844 	[4, 3, 0, 11, 6, 9, 0, 2, 7, 12, 8, 10, 15, 14, 0, 1, 13, 5, 0, 1, 0, 1, 1, 1, 1, 1, 0, 1, 1, 1, 1, 0, 1, 1, 1, 1, 1, 1, 1, 1, 1, 0, 1, 0]
Fitness: 1398.936683 	[4, 9, 0, 11, 5, 6, 3, 0, 2, 7, 12, 8, 10, 15, 14, 0, 1, 13, 0, 1, 1, 1, 1, 1, 1, 1, 0, 1, 1, 1, 1, 1, 0, 1, 1, 0, 1, 1, 1, 1, 1, 0, 1, 0]
Fitness: 1372.199844 	[4, 3, 2, 0, 11, 5, 6, 9, 0, 7, 12, 8, 10, 15, 14, 0, 1, 13, 0, 1, 0, 1, 1, 1, 1, 0, 1, 1, 1, 1, 1, 0, 1, 1, 1, 0, 1, 1, 1, 1, 1, 1, 1, 0]
Fitness: 1382.885400 	[4, 3, 0, 11, 5, 6, 9, 0, 2, 7, 12, 8, 10, 15, 14, 13, 0, 1, 0, 1, 0, 1, 1, 1, 1, 1, 0, 0, 1, 1, 1, 1, 1, 1, 1, 0, 1, 1, 1, 1, 1, 1, 1, 0]
Fitness: 1398.936683 	[4, 3, 9, 8, 0, 11, 5, 6, 0, 2, 7, 12, 10, 15, 14, 0, 1, 13, 0, 1, 0, 1, 1, 1, 1, 1, 0, 1, 1, 1, 1, 1, 0, 1, 1, 1, 1, 1, 0, 1, 1, 1, 1, 0]
Fitness: 1385.869355 	[4, 3, 0, 11, 9, 0, 2, 7, 12, 8, 10, 15, 14, 6, 5, 0, 1, 13, 0, 1, 0, 1, 0, 1, 1, 1, 1, 1, 1, 1, 1, 0, 1, 1, 1, 0, 1, 1, 1, 1, 1, 1, 1, 0]
Fitness: 1372.199844 	[4, 0, 11, 5, 6, 9, 0, 2, 7, 12, 8, 10, 15, 14, 3, 0, 1, 13, 0, 1, 0, 1, 1, 0, 1, 1, 0, 1, 1, 1, 1, 1, 1, 1, 1, 0, 1, 1, 1, 1, 1, 1, 1, 0]
Fitness: 1372.199844 	[4, 3, 0, 2, 7, 12, 8, 10, 15, 14, 0, 11, 5, 6, 9, 0, 1, 13, 0, 1, 0, 1, 1, 1, 1, 1, 0, 1, 1, 1, 1, 0, 1, 1, 1, 0, 1, 1, 1, 1, 1, 1, 1, 0]
Fitness: 1389.119922 	[11, 5, 0, 1, 13, 9, 0, 2, 7, 12, 8, 10, 15, 14, 6, 0, 4, 3, 0, 1, 0, 1, 1, 1, 1, 0, 0, 1, 1, 1, 1, 1, 1, 1, 1, 0, 1, 1, 1, 1, 1, 1, 1, 0]
Fitness: 1382.885400 	[11, 5, 6, 9, 0, 4, 3, 0, 2, 7, 12, 8, 10, 15, 14, 13, 0, 1, 0, 1, 0, 1, 1, 1, 1, 1, 0, 0, 1, 1, 1, 1, 1, 1, 1, 0, 1, 1, 1, 1, 1, 1, 1, 0]
Fitness: 1385.696690 	[4, 3, 6, 0, 11, 5, 9, 0, 1, 13, 0, 2, 7, 12, 8, 10, 15, 14, 0, 1, 0, 1, 1, 1, 1, 1, 0, 1, 1, 1, 1, 0, 1, 1, 1, 0, 1, 1, 1, 1, 1, 1, 1, 0]
Fitness: 1389.119922 	[1, 13, 0, 4, 3, 0, 2, 7, 12, 8, 10, 15, 14, 6, 0, 11, 5, 9, 0, 1, 0, 1, 1, 1, 1, 0, 1, 1, 1, 1, 1, 0, 1, 1, 1, 0, 1, 1, 1, 1, 1, 1, 1, 0]
Fitness: 1389.119922 	[11, 5, 9, 0, 4, 3, 0, 1, 13, 0, 2, 7, 12, 8, 10, 15, 14, 6, 0, 1, 0, 1, 1, 1, 1, 1, 0, 1, 1, 1, 1, 0, 1, 1, 1, 0, 1, 1, 1, 1, 1, 1, 1, 0]
Fitness: 1372.199844 	[4, 3, 0, 2, 7, 12, 8, 10, 15, 14, 0, 11, 5, 6, 9, 0, 1, 13, 0, 1, 0, 1, 1, 1, 1, 1, 0, 1, 1, 1, 1, 0, 1, 1, 1, 0, 1, 1, 1, 1, 1, 1, 1, 0]
Fitness: 1372.199844 	[2, 7, 0, 1, 13, 8, 10, 12, 14, 15, 0, 11, 5, 6, 9, 0, 4, 3, 0, 1, 0, 1, 1, 1, 1, 1, 0, 1, 1, 1, 1, 0, 1, 1, 1, 0, 1, 1, 1, 1, 1, 1, 1, 0]
Fitness: 1382.885400 	[11, 5, 6, 9, 0, 2, 7, 12, 8, 10, 15, 14, 0, 1, 13, 0, 3, 4, 0, 1, 0, 1, 1, 1, 1, 1, 0, 1, 1, 1, 1, 1, 0, 1, 1, 0, 1, 1, 1, 1, 1, 1, 1, 0]
Fitness: 1389.119922 	[1, 13, 0, 11, 5, 9, 0, 2, 7, 12, 8, 10, 15, 14, 6, 0, 4, 3, 0, 1, 0, 1, 1, 1, 1, 1, 0, 1, 1, 1, 1, 0, 1, 1, 1, 0, 1, 1, 1, 1, 1, 1, 1, 0]
Fitness: 1385.869355 	[4, 3, 0, 11, 5, 9, 0, 2, 7, 12, 8, 10, 15, 14, 6, 0, 1, 13, 0, 1, 0, 1, 1, 1, 1, 1, 0, 1, 1, 1, 1, 0, 1, 1, 1, 0, 1, 1, 1, 1, 1, 1, 1, 0]
Fitness: 1398.936683 	[4, 3, 0, 11, 5, 6, 10, 0, 1, 13, 0, 2, 7, 8, 9, 12, 14, 15, 0, 1, 0, 1, 1, 1, 0, 1, 0, 1, 1, 1, 1, 1, 1, 1, 1, 0, 1, 1, 1, 1, 1, 1, 1, 0]
Fitness: 1382.885400 	[11, 5, 6, 9, 0, 4, 3, 0, 1, 13, 0, 2, 7, 12, 8, 10, 15, 14, 0, 1, 0, 1, 1, 1, 1, 1, 0, 1, 1, 1, 1, 1, 0, 1, 1, 0, 1, 1, 1, 1, 1, 1, 1, 0]
Fitness: 1372.199844 	[1, 13, 0, 11, 5, 6, 9, 0, 2, 7, 12, 8, 10, 15, 14, 0, 4, 3, 0, 1, 0, 1, 1, 1, 1, 1, 0, 1, 1, 1, 1, 0, 1, 1, 1, 0, 1, 1, 1, 1, 1, 1, 1, 0]
Fitness: 1374.267205 	[4, 3, 0, 11, 5, 9, 0, 2, 7, 12, 8, 10, 15, 14, 6, 0, 1, 13, 0, 1, 0, 1, 1, 1, 1, 1, 0, 1, 1, 1, 1, 1, 1, 0, 1, 0, 1, 1, 1, 1, 1, 1, 1, 0]
Fitness: 1386.086913 	[2, 7, 12, 8, 10, 15, 14, 0, 11, 5, 6, 0, 9, 3, 4, 0, 1, 13, 0, 1, 0, 1, 1, 1, 1, 1, 0, 1, 1, 1, 1, 0, 1, 1, 1, 0, 1, 1, 1, 1, 1, 1, 1, 0]
Fitness: 1389.119922 	[4, 3, 0, 11, 5, 9, 0, 2, 7, 12, 8, 10, 15, 14, 6, 0, 1, 13, 0, 1, 0, 1, 1, 1, 1, 1, 0, 1, 1, 1, 1, 0, 1, 1, 1, 0, 1, 1, 1, 1, 1, 1, 1, 0]
Fitness: 1372.199844 	[1, 13, 0, 11, 5, 6, 9, 0, 2, 7, 12, 8, 10, 15, 14, 0, 4, 3, 0, 1, 0, 1, 1, 1, 1, 1, 0, 1, 1, 1, 1, 0, 1, 1, 1, 0, 1, 1, 1, 1, 1, 1, 1, 0]
Fitness: 1382.885400 	[11, 5, 6, 9, 0, 4, 3, 0, 2, 7, 12, 8, 10, 15, 14, 0, 1, 13, 0, 1, 0, 1, 1, 1, 1, 1, 0, 1, 1, 1, 1, 1, 0, 1, 1, 0, 1, 1, 1, 1, 1, 1, 1, 0]
Fitness: 1372.199844 	[2, 7, 12, 8, 10, 15, 14, 0, 11, 5, 6, 9, 0, 4, 3, 0, 1, 13, 0, 1, 0, 1, 1, 1, 1, 1, 0, 1, 1, 1, 1, 0, 1, 1, 1, 0, 1, 1, 1, 1, 1, 1, 1, 0]
Fitness: 1372.199844 	[7, 8, 10, 12, 14, 15, 0, 11, 5, 6, 9, 0, 1, 13, 0, 4, 3, 2, 0, 1, 0, 1, 1, 1, 1, 1, 0, 1, 1, 1, 1, 0, 1, 1, 1, 0, 1, 1, 1, 1, 1, 1, 1, 0]
Fitness: 1372.199844 	[2, 7, 12, 8, 10, 15, 14, 0, 11, 5, 6, 9, 0, 4, 3, 0, 1, 13, 0, 1, 0, 1, 1, 1, 1, 0, 1, 1, 1, 1, 1, 0, 1, 1, 1, 0, 1, 1, 1, 1, 1, 1, 1, 0]
Fitness: 1389.119922 	[11, 5, 9, 0, 2, 7, 12, 8, 10, 15, 14, 6, 0, 4, 3, 0, 1, 13, 0, 1, 0, 1, 1, 1, 1, 0, 1, 1, 1, 1, 1, 0, 1, 1, 1, 0, 1, 1, 1, 1, 1, 1, 1, 0]
Fitness: 1372.199844 	[2, 7, 12, 8, 10, 15, 14, 0, 11, 5, 6, 9, 0, 4, 3, 0, 1, 13, 0, 1, 0, 1, 1, 1, 1, 1, 0, 1, 1, 1, 1, 0, 1, 1, 1, 0, 1, 1, 1, 1, 1, 1, 1, 0]
Fitness: 1372.199844 	[2, 7, 12, 8, 10, 15, 14, 0, 11, 5, 6, 9, 0, 4, 3, 0, 1, 13, 0, 1, 0, 1, 1, 1, 1, 1, 0, 1, 1, 1, 1, 0, 1, 1, 1, 0, 1, 1, 1, 1, 1, 1, 1, 0]
Fitness: 1385.869355 	[11, 5, 9, 0, 2, 7, 12, 8, 10, 15, 14, 6, 0, 4, 3, 0, 1, 13, 0, 1, 0, 1, 1, 1, 1, 1, 0, 1, 1, 1, 1, 0, 1, 1, 1, 0, 1, 1, 1, 1, 1, 1, 1, 0]
Fitness: 1382.885400 	[1, 13, 0, 11, 5, 6, 9, 0, 2, 7, 12, 8, 10, 15, 14, 0, 4, 3, 0, 1, 0, 1, 1, 1, 1, 1, 0, 1, 1, 1, 1, 1, 0, 1, 1, 0, 1, 1, 1, 1, 1, 1, 1, 0]
Fitness: 1374.267205 	[11, 5, 9, 0, 4, 3, 6, 0, 2, 7, 12, 8, 10, 15, 14, 0, 1, 13, 0, 1, 0, 1, 1, 1, 1, 0, 1, 1, 1, 1, 1, 0, 1, 1, 1, 0, 1, 1, 1, 1, 1, 1, 1, 0]
Fitness: 1372.199844 	[11, 5, 6, 9, 0, 4, 3, 0, 2, 7, 12, 8, 10, 15, 14, 0, 1, 13, 0, 1, 0, 1, 1, 1, 1, 1, 0, 1, 1, 1, 1, 0, 1, 1, 1, 0, 1, 1, 1, 1, 1, 1, 1, 0]
Fitness: 1372.199844 	[4, 3, 0, 2, 7, 12, 8, 10, 15, 14, 0, 11, 5, 6, 9, 0, 1, 13, 0, 1, 0, 1, 1, 1, 1, 1, 0, 1, 1, 1, 1, 0, 1, 1, 1, 0, 1, 1, 1, 1, 1, 1, 1, 0]
Fitness: 1372.199844 	[4, 3, 0, 2, 7, 12, 8, 10, 15, 14, 0, 11, 5, 6, 9, 0, 1, 13, 0, 1, 0, 1, 1, 1, 1, 1, 0, 1, 1, 1, 1, 0, 1, 1, 1, 0, 1, 1, 1, 1, 1, 1, 1, 0]
Fitness: 1382.885400 	[11, 5, 6, 9, 0, 4, 3, 0, 2, 7, 12, 8, 10, 15, 14, 0, 1, 13, 0, 1, 0, 1, 1, 1, 1, 1, 0, 1, 1, 1, 1, 1, 0, 1, 1, 0, 1, 1, 1, 1, 1, 1, 1, 0]
Fitness: 1385.869355 	[2, 7, 12, 8, 10, 15, 14, 6, 1, 0, 11, 5, 9, 0, 4, 3, 0, 13, 0, 1, 1, 1, 1, 1, 1, 0, 1, 1, 0, 1, 1, 0, 1, 1, 1, 0, 1, 1, 1, 1, 1, 1, 1, 0]
Fitness: 1386.086913 	[2, 7, 12, 8, 10, 15, 14, 0, 11, 5, 6, 0, 4, 3, 9, 0, 1, 13, 0, 1, 0, 1, 1, 1, 1, 1, 0, 1, 1, 1, 1, 0, 1, 1, 1, 0, 1, 1, 1, 1, 1, 1, 1, 0]
Fitness: 1374.267205 	[2, 7, 12, 8, 10, 15, 14, 0, 11, 5, 9, 0, 4, 3, 6, 0, 1, 13, 0, 1, 0, 1, 1, 1, 1, 1, 0, 1, 1, 1, 1, 1, 0, 1, 1, 0, 1, 1, 1, 1, 1, 1, 1, 0]
Fitness: 1372.199844 	[1, 13, 0, 11, 5, 6, 9, 0, 2, 7, 12, 8, 10, 15, 14, 0, 4, 3, 0, 1, 0, 1, 1, 1, 1, 1, 0, 1, 1, 1, 1, 0, 1, 1, 1, 0, 1, 1, 1, 1, 1, 1, 1, 0]
Fitness: 1385.869355 	[11, 9, 0, 4, 3, 0, 2, 7, 12, 8, 10, 15, 14, 6, 5, 0, 1, 13, 0, 1, 0, 1, 0, 1, 1, 1, 1, 1, 1, 1, 1, 0, 1, 1, 1, 0, 1, 1, 1, 1, 1, 1, 1, 0]
Fitness: 1385.869355 	[11, 5, 9, 0, 4, 3, 0, 1, 13, 0, 2, 7, 12, 8, 10, 15, 14, 6, 0, 1, 0, 1, 1, 1, 1, 1, 0, 1, 1, 1, 1, 0, 1, 1, 1, 0, 1, 1, 1, 1, 1, 1, 1, 0]
Fitness: 1372.199844 	[4, 3, 0, 11, 5, 6, 9, 0, 1, 13, 0, 2, 7, 12, 8, 10, 15, 14, 0, 1, 0, 1, 1, 1, 1, 1, 0, 1, 1, 1, 1, 0, 1, 1, 1, 0, 1, 1, 1, 1, 1, 1, 1, 0]
Fitness: 1389.119922 	[11, 5, 9, 0, 2, 7, 12, 8, 10, 15, 14, 6, 0, 4, 3, 0, 1, 13, 0, 1, 0, 1, 1, 1, 1, 0, 1, 1, 1, 1, 1, 0, 1, 1, 1, 0, 1, 1, 1, 1, 1, 1, 1, 0]
Fitness: 1398.936683 	[11, 5, 6, 0, 4, 3, 9, 0, 2, 7, 12, 8, 10, 15, 14, 0, 1, 13, 0, 1, 0, 1, 1, 1, 1, 1, 0, 1, 1, 1, 1, 1, 0, 1, 1, 0, 1, 1, 1, 1, 1, 1, 1, 0]
Fitness: 1372.199844 	[4, 3, 0, 11, 5, 6, 9, 0, 1, 13, 0, 2, 7, 12, 8, 10, 15, 14, 0, 1, 0, 1, 1, 1, 1, 1, 0, 1, 1, 1, 1, 0, 1, 1, 1, 0, 1, 1, 1, 1, 1, 1, 1, 0]
Fitness: 1382.885400 	[4, 3, 0, 1, 13, 0, 2, 7, 12, 8, 10, 15, 14, 0, 11, 5, 6, 9, 0, 1, 0, 1, 1, 1, 1, 1, 0, 1, 1, 1, 1, 1, 0, 1, 1, 0, 1, 1, 1, 1, 1, 1, 1, 0]
Fitness: 1389.119922 	[1, 13, 0, 4, 3, 0, 2, 7, 12, 8, 10, 15, 14, 6, 0, 11, 5, 9, 0, 1, 0, 1, 1, 1, 1, 0, 1, 1, 1, 1, 1, 0, 1, 1, 1, 0, 1, 1, 1, 1, 1, 1, 1, 0]
Fitness: 1372.199844 	[4, 3, 0, 1, 13, 0, 2, 7, 12, 8, 10, 15, 14, 0, 11, 5, 6, 9, 0, 1, 0, 1, 1, 1, 1, 1, 0, 1, 1, 1, 1, 0, 1, 1, 1, 0, 1, 1, 1, 1, 1, 1, 1, 0]
Fitness: 1389.119922 	[11, 5, 9, 0, 4, 0, 1, 13, 3, 0, 2, 7, 12, 8, 10, 15, 14, 6, 0, 1, 0, 1, 1, 1, 1, 1, 1, 1, 1, 1, 0, 0, 1, 1, 1, 0, 1, 1, 1, 1, 1, 1, 1, 0]
Fitness: 1398.936683 	[2, 7, 12, 8, 10, 15, 14, 0, 11, 5, 6, 0, 4, 3, 9, 0, 1, 13, 0, 1, 0, 1, 1, 1, 1, 1, 0, 1, 1, 1, 1, 1, 0, 1, 1, 0, 1, 1, 1, 1, 1, 1, 1, 0]
Fitness: 1386.086913 	[4, 3, 9, 0, 1, 13, 0, 2, 7, 12, 8, 10, 15, 14, 6, 0, 11, 5, 0, 1, 0, 1, 1, 1, 1, 1, 0, 1, 0, 1, 1, 1, 1, 1, 1, 0, 1, 1, 1, 1, 1, 1, 1, 0]
Fitness: 1398.936683 	[4, 3, 9, 0, 1, 13, 0, 2, 7, 12, 8, 10, 15, 14, 0, 11, 5, 6, 0, 1, 0, 1, 1, 1, 1, 1, 0, 1, 1, 1, 1, 1, 0, 1, 1, 0, 1, 1, 1, 1, 1, 1, 1, 0]
Fitness: 1372.199844 	[4, 3, 0, 11, 5, 6, 9, 0, 1, 13, 0, 2, 7, 12, 8, 10, 15, 14, 0, 1, 0, 1, 1, 1, 1, 1, 0, 1, 1, 1, 1, 0, 1, 1, 1, 0, 1, 1, 1, 1, 1, 1, 1, 0]
Time: 0.46639