Fitness: 1333.671041 	[1, 13, 0, 3, 7, 15, 8, 6, 10, 12, 14, 0, 9, 4, 0, 5, 11, 2, 0, 1, 0, 1, 1, 1, 0, 1, 1, 0, 1, 1, 0, 1, 1, 0]
Fitness: 1328.085541 	[9, 4, 0, 6, 11, 14, 15, 0, 10, 12, 7, 2, 13, 3, 8, 0, 1, 5, 0, 1, 0, 1, 1, 1, 0, 1, 1, 0, 1, 0, 1, 1, 1, 0]
Fitness: 1328.085541 	[1, 4, 0, 6, 11, 14, 15, 0, 10, 12, 7, 2, 13, 3, 8, 0, 9, 5, 0, 1, 0, 1, 1, 1, 0, 1, 1, 0, 1, 0, 1, 1, 1, 0]
Fitness: 1328.085541 	[9, 5, 0, 6, 11, 14, 15, 0, 10, 12, 7, 2, 13, 3, 8, 0, 1, 4, 0, 1, 0, 1, 1, 1, 0, 1, 1, 0, 1, 0, 1, 1, 1, 0]
Fitness: 1328.085541 	[1, 5, 0, 6, 11, 14, 15, 0, 10, 12, 7, 2, 13, 3, 8, 0, 9, 4, 0, 1, 0, 1, 1, 1, 0, 1, 1, 0, 1, 0, 1, 1, 1, 0]
Fitness: 1328.085541 	[1, 5, 0, 6, 11, 14, 15, 0, 10, 12, 7, 2, 13, 3, 8, 0, 9, 4, 0, 1, 0, 1, 1, 1, 0, 1, 1, 0, 1, 0, 1, 1, 1, 0]
Fitness: 1328.085541 	[1, 5, 0, 6, 11, 14, 15, 0, 10, 12, 7, 2, 13, 3, 8, 0, 9, 4, 0, 1, 0, 1, 1, 1, 0, 1, 1, 0, 1, 0, 1, 1, 1, 0]
Fitness: 1321.443604 	[6, 14, 13, 0, 1, 4, 0, 11, 2, 0, 3, 7, 15, 8, 9, 10, 12, 5, 0, 1, 0, 1, 1, 1, 0, 1, 1, 1, 0, 1, 1, 0, 1, 0]
Fitness: 1321.443604 	[6, 14, 13, 0, 1, 4, 0, 11, 2, 0, 3, 7, 15, 8, 9, 10, 12, 5, 0, 1, 0, 1, 1, 1, 0, 1, 1, 1, 0, 1, 1, 0, 1, 0]
Fitness: 1321.161502 	[1, 5, 0, 9, 4, 0, 13, 11, 2, 0, 3, 7, 15, 8, 6, 10, 12, 14, 0, 1, 0, 1, 1, 1, 0, 1, 1, 0, 1, 1, 0, 1, 1, 0]
Fitness: 1321.161502 	[1, 5, 0, 9, 4, 0, 13, 11, 2, 0, 3, 7, 15, 8, 6, 10, 12, 14, 0, 1, 0, 1, 1, 1, 0, 1, 1, 0, 1, 1, 0, 1, 1, 0]
Fitness: 1321.161502 	[1, 5, 0, 9, 4, 0, 13, 11, 2, 0, 3, 7, 15, 8, 6, 10, 12, 14, 0, 1, 0, 1, 1, 1, 0, 1, 1, 0, 1, 1, 0, 1, 1, 0]
Fitness: 1321.161502 	[1, 5, 0, 9, 4, 0, 13, 11, 2, 0, 3, 7, 15, 8, 6, 10, 12, 14, 0, 1, 0, 1, 1, 1, 0, 1, 1, 0, 1, 1, 0, 1, 1, 0]
Fitness: 1321.161502 	[1, 5, 0, 9, 4, 0, 13, 11, 2, 0, 3, 7, 15, 8, 6, 10, 12, 14, 0, 1, 0, 1, 1, 1, 0, 1, 1, 0, 1, 1, 0, 1, 1, 0]
Fitness: 1321.161502 	[1, 5, 0, 9, 4, 0, 13, 11, 2, 0, 3, 7, 15, 8, 6, 10, 12, 14, 0, 1, 0, 1, 1, 1, 0, 1, 1, 0, 1, 1, 0, 1, 1, 0]
Fitness: 1321.161502 	[1, 5, 0, 9, 4, 0, 13, 11, 2, 0, 3, 7, 15, 8, 6, 10, 12, 14, 0, 1, 0, 1, 1, 1, 0, 1, 1, 0, 1, 1, 0, 1, 1, 0]
Fitness: 1321.161502 	[1, 5, 0, 9, 4, 0, 13, 11, 2, 0, 3, 7, 15, 8, 6, 10, 12, 14, 0, 1, 0, 1, 1, 1, 0, 1, 1, 0, 1, 1, 0, 1, 1, 0]
Fitness: 1321.161502 	[1, 5, 0, 9, 4, 0, 13, 11, 2, 0, 3, 7, 15, 8, 6, 10, 12, 14, 0, 1, 0, 1, 1, 1, 0, 1, 1, 0, 1, 1, 0, 1, 1, 0]
Fitness: 1321.161502 	[1, 5, 0, 9, 4, 0, 13, 11, 2, 0, 3, 7, 15, 8, 6, 10, 12, 14, 0, 1, 0, 1, 1, 1, 0, 1, 1, 0, 1, 1, 0, 1, 1, 0]
Fitness: 1321.161502 	[1, 5, 0, 9, 4, 0, 13, 11, 2, 0, 3, 7, 15, 8, 6, 10, 12, 14, 0, 1, 0, 1, 1, 1, 0, 1, 1, 0, 1, 1, 0, 1, 1, 0]
Fitness: 1321.161502 	[1, 5, 0, 9, 4, 0, 3, 7, 15, 8, 6, 10, 12, 14, 0, 13, 11, 2, 0, 1, 0, 1, 1, 1, 0, 1, 1, 0, 1, 1, 0, 1, 1, 0]
Fitness: 1321.161502 	[1, 5, 0, 13, 11, 2, 0, 9, 4, 0, 3, 7, 15, 8, 6, 10, 12, 14, 0, 1, 0, 1, 1, 1, 0, 1, 1, 0, 1, 1, 0, 1, 1, 0]
Fitness: 1317.375545 	[1, 5, 0, 6, 11, 14, 15, 13, 0, 9, 4, 0, 10, 12, 7, 2, 3, 8, 0, 1, 0, 1, 1, 1, 0, 1, 1, 0, 1, 1, 1, 0, 1, 0]
Fitness: 1317.375545 	[1, 5, 0, 6, 11, 14, 15, 13, 0, 9, 4, 0, 10, 12, 7, 2, 3, 8, 0, 1, 0, 1, 1, 1, 0, 1, 1, 0, 1, 1, 1, 0, 1, 0]
Fitness: 1310.851899 	[6, 14, 13, 0, 1, 4, 0, 3, 7, 15, 8, 9, 10, 12, 0, 5, 11, 2, 0, 1, 0, 1, 1, 1, 0, 1, 1, 1, 1, 0, 1, 0, 1, 0]
Fitness: 1310.851899 	[6, 14, 13, 0, 1, 4, 0, 3, 7, 15, 8, 9, 10, 12, 0, 5, 11, 2, 0, 1, 0, 1, 1, 1, 0, 1, 1, 1, 1, 0, 1, 0, 1, 0]
Fitness: 1310.851899 	[6, 14, 13, 0, 1, 4, 0, 3, 7, 15, 8, 9, 10, 12, 0, 5, 11, 2, 0, 1, 0, 1, 1, 1, 0, 1, 1, 1, 1, 0, 1, 0, 1, 0]
Fitness: 1310.851899 	[6, 14, 13, 0, 1, 4, 0, 3, 7, 15, 8, 9, 10, 12, 0, 5, 11, 2, 0, 1, 0, 1, 1, 1, 0, 1, 1, 1, 1, 0, 1, 0, 1, 0]
Fitness: 1310.851899 	[6, 14, 13, 0, 1, 4, 0, 3, 7, 15, 8, 9, 10, 12, 0, 5, 11, 2, 0, 1, 0, 1, 1, 1, 0, 1, 1, 1, 1, 0, 1, 0, 1, 0]
Fitness: 1310.851899 	[6, 14, 13, 0, 1, 4, 0, 5, 11, 2, 0, 3, 9, 10, 15, 12, 8, 7, 0, 1, 0, 1, 1, 1, 0, 1, 1, 1, 1, 0, 1, 0, 1, 0]
Fitness: 1310.851899 	[6, 14, 13, 0, 1, 4, 0, 3, 7, 15, 8, 9, 10, 12, 0, 5, 11, 2, 0, 1, 0, 1, 1, 1, 0, 1, 1, 1, 1, 0, 1, 0, 1, 0]
Fitness: 1310.851899 	[6, 14, 13, 0, 1, 4, 0, 3, 7, 15, 8, 9, 10, 12, 0, 5, 11, 2, 0, 1, 0, 1, 1, 1, 0, 1, 1, 1, 1, 0, 1, 0, 1, 0]
Fitness: 1310.851899 	[6, 14, 13, 0, 1, 4, 0, 3, 7, 15, 8, 9, 10, 12, 0, 5, 11, 2, 0, 1, 0, 1, 1, 1, 0, 1, 1, 1, 1, 0, 1, 0, 1, 0]
Fitness: 1310.851899 	[6, 14, 13, 0, 1, 4, 0, 3, 7, 15, 8, 9, 10, 12, 0, 5, 11, 2, 0, 1, 0, 1, 1, 1, 0, 1, 1, 1, 1, 0, 1, 0, 1, 0]
Fitness: 1310.851899 	[6, 14, 13, 0, 1, 4, 0, 5, 11, 2, 0, 3, 9, 10, 15, 12, 8, 7, 0, 1, 0, 1, 1, 1, 0, 1, 1, 1, 1, 0, 1, 0, 1, 0]
Fitness: 1310.851899 	[6, 14, 13, 0, 1, 4, 0, 3, 7, 15, 8, 9, 10, 12, 0, 2, 11, 5, 0, 1, 0, 1, 1, 1, 0, 1, 1, 1, 1, 0, 1, 0, 1, 0]
Fitness: 1310.851899 	[6, 14, 13, 0, 1, 4, 0, 3, 7, 15, 8, 9, 10, 12, 0, 5, 11, 2, 0, 1, 0, 1, 1, 1, 0, 1, 1, 1, 1, 0, 1, 0, 1, 0]
Fitness: 1310.851899 	[6, 14, 13, 0, 1, 4, 0, 3, 7, 15, 8, 9, 10, 12, 0, 5, 11, 2, 0, 1, 0, 1, 1, 1, 0, 1, 1, 1, 1, 0, 1, 0, 1, 0]
Fitness: 1310.851899 	[6, 14, 13, 0, 1, 4, 0, 3, 7, 15, 8, 9, 10, 12, 0, 5, 11, 2, 0, 1, 0, 1, 1, 1, 0, 1, 1, 1, 1, 0, 1, 0, 1, 0]
Fitness: 1310.851899 	[6, 14, 13, 0, 1, 4, 0, 3, 7, 15, 8, 9, 10, 12, 0, 5, 11, 2, 0, 1, 0, 1, 1, 1, 0, 1, 1, 1, 1, 0, 1, 0, 1, 0]
Fitness: 1310.851899 	[6, 14, 13, 0, 1, 4, 0, 3, 7, 15, 8, 9, 10, 12, 0, 5, 11, 2, 0, 1, 0, 1, 1, 1, 0, 1, 1, 1, 1, 0, 1, 0, 1, 0]
Fitness: 1310.851899 	[6, 14, 13, 0, 1, 4, 0, 5, 11, 2, 0, 3, 9, 10, 15, 12, 8, 7, 0, 1, 0, 1, 1, 1, 0, 1, 1, 1, 1, 0, 1, 0, 1, 0]
Fitness: 1310.851899 	[6, 14, 13, 0, 1, 4, 0, 5, 11, 2, 0, 3, 7, 15, 8, 9, 10, 12, 0, 1, 0, 1, 1, 1, 0, 1, 1, 1, 1, 0, 1, 0, 1, 0]
Fitness: 1310.851899 	[6, 14, 13, 0, 1, 4, 0, 5, 11, 2, 0, 3, 7, 15, 8, 9, 10, 12, 0, 1, 0, 1, 1, 1, 0, 1, 1, 1, 1, 0, 1, 0, 1, 0]
Fitness: 1310.851899 	[6, 14, 13, 0, 1, 4, 0, 5, 11, 2, 0, 3, 7, 15, 8, 9, 10, 12, 0, 1, 0, 1, 1, 1, 0, 1, 1, 1, 1, 0, 1, 0, 1, 0]
Fitness: 1310.851899 	[6, 14, 13, 0, 1, 4, 0, 5, 11, 2, 0, 3, 7, 15, 8, 9, 10, 12, 0, 1, 0, 1, 1, 1, 0, 1, 1, 1, 1, 0, 1, 0, 1, 0]
Fitness: 1310.851899 	[6, 14, 13, 0, 1, 4, 0, 5, 11, 2, 0, 3, 7, 15, 8, 9, 10, 12, 0, 1, 0, 1, 1, 1, 0, 1, 1, 1, 1, 0, 1, 0, 1, 0]
Fitness: 1310.851899 	[6, 14, 13, 0, 1, 4, 0, 5, 11, 2, 0, 3, 7, 15, 8, 9, 10, 12, 0, 1, 0, 1, 1, 1, 0, 1, 1, 1, 1, 0, 1, 0, 1, 0]
Fitness: 1310.851899 	[6, 14, 13, 0, 1, 4, 0, 5, 11, 2, 0, 3, 7, 15, 8, 9, 10, 12, 0, 1, 0, 1, 1, 1, 0, 1, 1, 1, 1, 0, 1, 0, 1, 0]
Fitness: 1310.851899 	[6, 14, 13, 0, 1, 4, 0, 5, 11, 2, 0, 3, 7, 15, 8, 9, 10, 12, 0, 1, 0, 1, 1, 1, 0, 1, 1, 1, 1, 0, 1, 0, 1, 0]
Fitness: 1310.851899 	[6, 14, 13, 0, 1, 4, 0, 5, 11, 2, 0, 3, 7, 15, 8, 9, 10, 12, 0, 1, 0, 1, 1, 1, 0, 1, 1, 1, 1, 0, 1, 0, 1, 0]
Fitness: 1310.851899 	[6, 14, 13, 0, 1, 4, 0, 5, 11, 2, 0, 3, 7, 15, 8, 9, 10, 12, 0, 1, 0, 1, 1, 1, 0, 1, 1, 1, 1, 0, 1, 0, 1, 0]
Fitness: 1310.851899 	[6, 14, 13, 0, 1, 4, 0, 5, 11, 2, 0, 3, 7, 15, 8, 9, 10, 12, 0, 1, 0, 1, 1, 1, 0, 1, 1, 1, 1, 0, 1, 0, 1, 0]
Fitness: 1310.556700 	[5, 11, 2, 0, 1, 4, 0, 6, 14, 13, 0, 3, 7, 15, 8, 9, 10, 12, 0, 1, 0, 1, 1, 1, 0, 1, 1, 1, 1, 0, 1, 0, 1, 0]
Fitness: 1310.556700 	[5, 11, 2, 0, 1, 4, 0, 6, 14, 13, 0, 3, 7, 15, 8, 9, 10, 12, 0, 1, 0, 1, 1, 1, 0, 1, 1, 1, 1, 0, 1, 0, 1, 0]
Fitness: 1310.556700 	[5, 11, 2, 0, 1, 4, 0, 6, 14, 13, 0, 3, 9, 10, 15, 12, 8, 7, 0, 1, 0, 1, 1, 1, 0, 1, 1, 1, 1, 0, 1, 0, 1, 0]
Fitness: 1304.579056 	[5, 0, 10, 12, 7, 2, 13, 3, 8, 0, 1, 11, 4, 0, 9, 15, 6, 14, 0, 1, 0, 1, 1, 1, 0, 1, 0, 1, 1, 1, 0, 1, 1, 0]
Fitness: 1304.411138 	[2, 5, 0, 1, 4, 0, 6, 14, 13, 0, 3, 9, 10, 11, 12, 8, 7, 15, 0, 1, 0, 1, 1, 1, 0, 1, 1, 1, 1, 0, 1, 0, 1, 0]
Fitness: 1304.411138 	[2, 5, 0, 1, 4, 0, 6, 14, 13, 0, 3, 9, 10, 11, 12, 8, 7, 15, 0, 1, 0, 1, 1, 1, 0, 1, 1, 1, 1, 0, 1, 0, 1, 0]
Fitness: 1304.411138 	[2, 5, 0, 1, 4, 0, 6, 14, 13, 0, 3, 9, 10, 11, 12, 8, 7, 15, 0, 1, 0, 1, 1, 1, 0, 1, 1, 1, 1, 0, 1, 0, 1, 0]
Fitness: 1304.411138 	[2, 5, 0, 1, 4, 0, 6, 14, 13, 0, 3, 9, 10, 11, 12, 8, 7, 15, 0, 1, 0, 1, 1, 1, 0, 1, 1, 1, 1, 0, 1, 0, 1, 0]
Fitness: 1304.411138 	[2, 5, 0, 1, 4, 0, 6, 14, 13, 0, 3, 9, 10, 11, 12, 8, 7, 15, 0, 1, 0, 1, 1, 1, 0, 1, 1, 1, 1, 0, 1, 0, 1, 0]
Fitness: 1304.247616 	[6, 14, 13, 0, 1, 4, 0, 3, 7, 15, 8, 5, 10, 12, 0, 9, 11, 2, 0, 1, 0, 1, 1, 1, 0, 1, 1, 1, 1, 0, 1, 0, 1, 0]
Fitness: 1304.247616 	[6, 14, 13, 0, 1, 4, 0, 9, 11, 2, 0, 3, 7, 15, 8, 5, 10, 12, 0, 1, 0, 1, 1, 1, 0, 1, 1, 1, 1, 0, 1, 0, 1, 0]
Fitness: 1304.247616 	[6, 14, 13, 0, 1, 4, 0, 9, 11, 2, 0, 3, 7, 15, 8, 5, 10, 12, 0, 1, 0, 1, 1, 1, 0, 1, 1, 1, 1, 0, 1, 0, 1, 0]
Fitness: 1301.796843 	[5, 0, 10, 12, 7, 2, 13, 3, 8, 0, 9, 4, 1, 0, 11, 15, 6, 14, 0, 1, 0, 1, 1, 1, 0, 1, 0, 1, 1, 1, 0, 1, 1, 0]
Fitness: 1301.796843 	[5, 0, 10, 12, 7, 2, 13, 3, 8, 0, 9, 4, 1, 0, 11, 15, 6, 14, 0, 1, 0, 1, 1, 1, 0, 1, 0, 1, 1, 1, 0, 1, 1, 0]
Fitness: 1301.796843 	[5, 0, 10, 12, 7, 2, 13, 3, 8, 0, 9, 4, 1, 0, 11, 15, 6, 14, 0, 1, 0, 1, 1, 1, 0, 1, 0, 1, 1, 1, 0, 1, 1, 0]
Fitness: 1301.796843 	[5, 0, 10, 12, 7, 2, 13, 3, 8, 0, 9, 4, 1, 0, 11, 15, 6, 14, 0, 1, 0, 1, 1, 1, 0, 1, 0, 1, 1, 1, 0, 1, 1, 0]
Fitness: 1301.796843 	[5, 0, 10, 12, 7, 2, 13, 3, 8, 0, 9, 4, 1, 0, 11, 15, 6, 14, 0, 1, 0, 1, 1, 1, 0, 1, 0, 1, 1, 1, 0, 1, 1, 0]
Fitness: 1301.796843 	[5, 0, 10, 12, 7, 2, 13, 3, 8, 0, 9, 4, 1, 0, 11, 15, 6, 14, 0, 1, 0, 1, 1, 1, 0, 1, 0, 1, 1, 1, 0, 1, 1, 0]
Fitness: 1301.796843 	[5, 0, 10, 12, 7, 2, 13, 3, 8, 0, 9, 4, 1, 0, 11, 15, 6, 14, 0, 1, 0, 1, 1, 1, 0, 1, 0, 1, 1, 1, 0, 1, 1, 0]
Fitness: 1301.796843 	[9, 4, 1, 0, 10, 12, 7, 2, 13, 3, 8, 0, 5, 0, 11, 15, 6, 14, 0, 1, 0, 1, 1, 1, 0, 1, 0, 1, 1, 1, 0, 1, 1, 0]
Fitness: 1301.796843 	[9, 4, 1, 0, 10, 12, 7, 2, 13, 3, 8, 0, 5, 0, 11, 15, 6, 14, 0, 1, 0, 1, 1, 1, 0, 1, 0, 1, 1, 1, 0, 1, 1, 0]
Fitness: 1301.796843 	[9, 4, 1, 0, 10, 12, 7, 2, 13, 3, 8, 0, 5, 0, 11, 15, 6, 14, 0, 1, 0, 1, 1, 1, 0, 1, 0, 1, 1, 1, 0, 1, 1, 0]
Fitness: 1301.479875 	[1, 4, 0, 10, 12, 7, 2, 13, 3, 8, 0, 11, 15, 6, 14, 0, 9, 5, 0, 1, 0, 1, 1, 1, 0, 1, 0, 1, 1, 1, 0, 1, 1, 0]
Fitness: 1301.479875 	[1, 4, 0, 10, 12, 7, 2, 13, 3, 8, 0, 11, 15, 6, 14, 0, 9, 5, 0, 1, 0, 1, 1, 1, 0, 1, 0, 1, 1, 1, 0, 1, 1, 0]
Fitness: 1299.088409 	[1, 5, 0, 9, 4, 0, 10, 12, 7, 2, 13, 3, 8, 0, 6, 11, 14, 15, 0, 1, 0, 1, 1, 1, 0, 1, 1, 0, 1, 0, 1, 1, 1, 0]
Fitness: 1297.710768 	[9, 4, 0, 1, 5, 0, 13, 11, 2, 0, 3, 7, 15, 8, 6, 10, 12, 14, 0, 1, 0, 1, 1, 1, 0, 1, 1, 0, 1, 1, 0, 1, 1, 0]
Fitness: 1297.710768 	[9, 4, 0, 1, 5, 0, 13, 11, 2, 0, 3, 7, 15, 8, 6, 10, 12, 14, 0, 1, 0, 1, 1, 1, 0, 1, 1, 0, 1, 1, 0, 1, 1, 0]
Fitness: 1297.710768 	[9, 4, 0, 1, 5, 0, 13, 11, 2, 0, 3, 7, 15, 8, 6, 10, 12, 14, 0, 1, 0, 1, 1, 1, 0, 1, 1, 0, 1, 1, 0, 1, 1, 0]
Fitness: 1297.710768 	[9, 4, 0, 3, 7, 15, 8, 6, 10, 12, 14, 0, 1, 5, 0, 2, 11, 13, 0, 1, 0, 1, 1, 1, 0, 1, 1, 0, 1, 1, 0, 1, 1, 0]
Fitness: 1296.943850 	[6, 14, 13, 0, 1, 4, 0, 2, 5, 0, 3, 9, 10, 11, 12, 8, 7, 15, 0, 1, 0, 1, 1, 1, 0, 1, 1, 1, 1, 0, 1, 0, 1, 0]
Fitness: 1296.307454 	[13, 11, 2, 0, 9, 4, 0, 1, 5, 0, 3, 7, 15, 8, 6, 10, 12, 14, 0, 1, 0, 1, 1, 1, 0, 1, 1, 0, 1, 1, 0, 1, 1, 0]
Fitness: 1296.307454 	[13, 11, 2, 0, 9, 4, 0, 1, 5, 0, 3, 7, 15, 8, 6, 10, 12, 14, 0, 1, 0, 1, 1, 1, 0, 1, 1, 0, 1, 1, 0, 1, 1, 0]
Fitness: 1295.790716 	[2, 5, 0, 1, 4, 0, 13, 11, 9, 0, 3, 7, 15, 8, 6, 10, 12, 14, 0, 1, 0, 1, 1, 1, 0, 1, 1, 0, 1, 1, 0, 1, 1, 0]
Fitness: 1295.009585 	[1, 4, 0, 3, 9, 10, 13, 12, 8, 7, 0, 6, 11, 14, 15, 0, 2, 5, 0, 1, 0, 1, 1, 1, 0, 1, 1, 0, 1, 1, 0, 1, 1, 0]
Fitness: 1295.009585 	[1, 4, 0, 3, 9, 10, 13, 12, 8, 7, 0, 6, 11, 14, 15, 0, 2, 5, 0, 1, 0, 1, 1, 1, 0, 1, 1, 0, 1, 1, 0, 1, 1, 0]
Fitness: 1295.009585 	[1, 4, 0, 3, 9, 10, 13, 12, 8, 7, 0, 6, 11, 14, 15, 0, 2, 5, 0, 1, 0, 1, 1, 1, 0, 1, 1, 0, 1, 1, 0, 1, 1, 0]
Fitness: 1295.009585 	[1, 4, 0, 3, 9, 10, 13, 12, 8, 7, 0, 6, 11, 14, 15, 0, 2, 5, 0, 1, 0, 1, 1, 1, 0, 1, 1, 0, 1, 1, 0, 1, 1, 0]
Fitness: 1295.009585 	[1, 4, 0, 6, 11, 14, 15, 0, 3, 9, 10, 13, 12, 8, 7, 0, 2, 5, 0, 1, 0, 1, 1, 1, 0, 1, 1, 0, 1, 1, 0, 1, 1, 0]
Fitness: 1295.009585 	[1, 4, 0, 6, 11, 14, 15, 0, 3, 9, 10, 13, 12, 8, 7, 0, 2, 5, 0, 1, 0, 1, 1, 1, 0, 1, 1, 0, 1, 1, 0, 1, 1, 0]
Fitness: 1295.009585 	[1, 4, 0, 6, 11, 14, 15, 0, 3, 9, 10, 13, 12, 8, 7, 0, 2, 5, 0, 1, 0, 1, 1, 1, 0, 1, 1, 0, 1, 1, 0, 1, 1, 0]
Fitness: 1295.009585 	[1, 4, 0, 6, 11, 14, 15, 0, 3, 9, 10, 13, 12, 8, 7, 0, 2, 5, 0, 1, 0, 1, 1, 1, 0, 1, 1, 0, 1, 1, 0, 1, 1, 0]
Fitness: 1295.009585 	[1, 4, 0, 6, 11, 14, 15, 0, 3, 9, 10, 13, 12, 8, 7, 0, 2, 5, 0, 1, 0, 1, 1, 1, 0, 1, 1, 0, 1, 1, 0, 1, 1, 0]
Fitness: 1295.009585 	[1, 4, 0, 6, 11, 14, 15, 0, 3, 9, 10, 13, 12, 8, 7, 0, 2, 5, 0, 1, 0, 1, 1, 1, 0, 1, 1, 0, 1, 1, 0, 1, 1, 0]
Fitness: 1295.009585 	[1, 4, 0, 6, 11, 14, 15, 0, 3, 9, 10, 13, 12, 8, 7, 0, 2, 5, 0, 1, 0, 1, 1, 1, 0, 1, 1, 0, 1, 1, 0, 1, 1, 0]
Fitness: 1295.009585 	[1, 4, 0, 6, 11, 14, 15, 0, 3, 9, 10, 13, 12, 8, 7, 0, 2, 5, 0, 1, 0, 1, 1, 1, 0, 1, 1, 0, 1, 1, 0, 1, 1, 0]
Fitness: 1295.009585 	[1, 4, 0, 6, 11, 14, 15, 0, 3, 9, 10, 13, 12, 8, 7, 0, 2, 5, 0, 1, 0, 1, 1, 1, 0, 1, 1, 0, 1, 1, 0, 1, 1, 0]
Fitness: 1295.009585 	[1, 4, 0, 6, 11, 14, 15, 0, 3, 9, 10, 13, 12, 8, 7, 0, 2, 5, 0, 1, 0, 1, 1, 1, 0, 1, 1, 0, 1, 1, 0, 1, 1, 0]
Fitness: 1321.443604 	[6, 14, 13, 0, 1, 4, 0, 11, 2, 0, 3, 7, 15, 8, 9, 10, 12, 5, 0, 1, 0, 1, 1, 1, 0, 1, 1, 1, 0, 1, 1, 0, 1, 0]
Fitness: 1297.710768 	[9, 4, 0, 1, 5, 0, 13, 11, 2, 0, 3, 7, 15, 8, 6, 10, 12, 14, 0, 1, 0, 1, 1, 1, 0, 1, 1, 0, 1, 1, 0, 1, 1, 0]
Fitness: 1321.443604 	[9, 2, 0, 3, 5, 0, 6, 14, 13, 0, 1, 4, 7, 8, 10, 11, 12, 15, 0, 1, 0, 1, 1, 1, 0, 1, 1, 1, 0, 1, 1, 0, 1, 0]
Fitness: 1310.851899 	[6, 14, 13, 0, 1, 4, 0, 5, 11, 2, 0, 3, 7, 15, 8, 9, 10, 12, 0, 1, 0, 1, 1, 1, 0, 1, 1, 1, 1, 0, 1, 0, 1, 0]
Fitness: 1321.161502 	[1, 5, 0, 9, 4, 0, 13, 11, 2, 0, 3, 7, 15, 8, 6, 10, 12, 14, 0, 1, 0, 1, 1, 1, 0, 1, 1, 0, 1, 1, 0, 1, 1, 0]
Fitness: 1310.851899 	[3, 7, 15, 8, 9, 10, 12, 0, 6, 14, 13, 0, 1, 11, 2, 0, 4, 5, 0, 1, 0, 1, 1, 1, 0, 1, 1, 1, 1, 0, 1, 0, 1, 0]
Fitness: 1310.851899 	[6, 14, 13, 0, 1, 4, 0, 3, 7, 15, 8, 9, 10, 12, 0, 5, 11, 2, 0, 1, 0, 1, 1, 1, 0, 1, 1, 0, 1, 1, 0, 1, 1, 0]
Fitness: 1297.710768 	[9, 4, 0, 1, 5, 0, 13, 11, 2, 0, 3, 7, 15, 8, 6, 10, 12, 14, 0, 1, 0, 1, 1, 1, 0, 1, 1, 0, 1, 1, 0, 1, 1, 0]
Fitness: 1310.851899 	[1, 4, 0, 5, 11, 2, 0, 13, 9, 0, 3, 7, 15, 8, 6, 10, 12, 14, 0, 1, 0, 1, 1, 1, 0, 1, 1, 1, 1, 0, 1, 0, 1, 0]
Fitness: 1304.411138 	[2, 5, 0, 1, 4, 0, 6, 14, 13, 0, 3, 9, 10, 11, 12, 8, 7, 15, 0, 1, 0, 1, 1, 1, 0, 1, 1, 1, 1, 0, 1, 0, 1, 0]
Fitness: 1310.851899 	[6, 14, 13, 0, 1, 4, 0, 3, 7, 15, 8, 9, 10, 12, 0, 5, 11, 2, 0, 1, 0, 1, 1, 1, 0, 1, 1, 1, 1, 0, 1, 0, 1, 0]
Fitness: 1304.411138 	[2, 5, 0, 1, 4, 0, 6, 14, 13, 0, 3, 9, 10, 11, 12, 8, 7, 15, 0, 1, 0, 1, 1, 1, 0, 1, 1, 1, 1, 0, 1, 0, 1, 0]
Fitness: 1295.009585 	[1, 4, 0, 6, 11, 14, 15, 0, 3, 9, 10, 13, 12, 8, 7, 0, 2, 5, 0, 1, 0, 1, 1, 1, 0, 1, 1, 0, 1, 1, 0, 1, 1, 0]
Fitness: 1296.307454 	[13, 11, 2, 0, 9, 4, 0, 1, 5, 0, 3, 7, 15, 8, 6, 10, 12, 14, 0, 1, 0, 1, 1, 1, 0, 1, 1, 0, 1, 1, 0, 1, 1, 0]
Fitness: 1295.009585 	[6, 11, 14, 15, 0, 1, 4, 0, 9, 5, 0, 3, 7, 2, 8, 13, 10, 12, 0, 1, 0, 1, 1, 1, 0, 1, 1, 0, 1, 1, 0, 1, 1, 0]
Fitness: 1295.009585 	[1, 4, 0, 6, 11, 14, 15, 0, 3, 9, 10, 13, 12, 8, 7, 0, 2, 5, 0, 1, 0, 1, 1, 1, 0, 1, 1, 0, 1, 1, 0, 1, 1, 0]
Fitness: 1310.851899 	[6, 14, 13, 0, 1, 4, 0, 5, 11, 2, 0, 3, 9, 10, 15, 12, 8, 7, 0, 1, 0, 1, 1, 1, 0, 1, 1, 1, 1, 0, 1, 0, 1, 0]
Fitness: 1295.009585 	[6, 11, 14, 15, 0, 1, 4, 0, 5, 13, 2, 0, 3, 9, 10, 12, 8, 7, 0, 1, 0, 1, 1, 1, 0, 1, 1, 0, 1, 1, 0, 1, 1, 0]
Fitness: 1304.411138 	[2, 5, 0, 1, 4, 0, 6, 14, 13, 0, 3, 9, 10, 11, 12, 8, 7, 15, 0, 1, 0, 1, 1, 1, 0, 1, 1, 1, 1, 0, 1, 0, 1, 0]
Fitness: 1321.161502 	[1, 5, 0, 13, 11, 2, 0, 9, 4, 0, 3, 7, 15, 8, 6, 10, 12, 14, 0, 1, 0, 1, 1, 1, 0, 1, 1, 0, 1, 1, 0, 1, 1, 0]
Fitness: 1304.411138 	[1, 4, 0, 3, 9, 10, 11, 12, 8, 7, 15, 0, 2, 5, 0, 13, 6, 14, 0, 1, 0, 1, 1, 1, 0, 1, 1, 1, 1, 0, 1, 0, 1, 0]
Fitness: 1295.009585 	[1, 4, 0, 6, 11, 14, 15, 0, 3, 9, 10, 13, 12, 8, 7, 0, 2, 5, 0, 1, 0, 1, 1, 1, 0, 1, 1, 0, 1, 1, 1, 0, 1, 0]
Fitness: 1317.375545 	[1, 5, 0, 6, 11, 14, 15, 13, 0, 9, 4, 0, 10, 12, 7, 2, 3, 8, 0, 1, 0, 1, 1, 1, 0, 1, 1, 0, 1, 1, 1, 0, 1, 0]
Fitness: 1295.009585 	[3, 9, 10, 13, 12, 8, 7, 0, 1, 4, 0, 5, 6, 0, 11, 14, 15, 2, 0, 1, 0, 1, 1, 1, 0, 1, 1, 0, 1, 1, 0, 1, 1, 0]
Fitness: 1295.009585 	[1, 4, 0, 3, 9, 10, 13, 12, 8, 7, 0, 6, 11, 14, 15, 0, 2, 5, 0, 1, 0, 1, 1, 1, 0, 1, 1, 0, 1, 1, 0, 1, 1, 0]
Fitness: 1310.556700 	[5, 11, 2, 0, 1, 4, 0, 6, 14, 13, 0, 3, 9, 10, 15, 12, 8, 7, 0, 1, 0, 1, 1, 1, 0, 1, 1, 1, 1, 0, 1, 0, 1, 0]
Fitness: 1295.009585 	[3, 7, 8, 0, 1, 4, 0, 2, 5, 0, 6, 11, 14, 15, 9, 10, 12, 13, 0, 1, 0, 1, 1, 1, 0, 1, 1, 0, 1, 1, 0, 1, 1, 0]
Fitness: 1301.796843 	[5, 0, 10, 12, 7, 2, 13, 3, 8, 0, 9, 4, 1, 0, 11, 15, 6, 14, 0, 1, 0, 1, 1, 1, 0, 1, 0, 1, 1, 1, 0, 1, 1, 0]
Fitness: 1296.943850 	[6, 14, 13, 0, 1, 4, 0, 2, 5, 0, 3, 9, 10, 11, 12, 8, 7, 15, 0, 1, 0, 1, 1, 1, 0, 1, 1, 1, 1, 0, 1, 0, 1, 0]
Fitness: 1301.796843 	[5, 0, 11, 15, 6, 14, 0, 2, 1, 0, 3, 9, 10, 4, 12, 8, 7, 13, 0, 1, 0, 1, 1, 1, 0, 1, 0, 1, 1, 1, 0, 1, 1, 0]
Fitness: 1310.851899 	[6, 14, 13, 0, 1, 4, 0, 3, 7, 15, 8, 9, 10, 12, 0, 5, 11, 2, 0, 1, 0, 1, 1, 1, 0, 1, 1, 1, 1, 0, 1, 0, 1, 0]
Fitness: 1310.851899 	[6, 14, 13, 0, 1, 4, 0, 3, 7, 15, 8, 9, 10, 12, 0, 5, 11, 2, 0, 1, 0, 1, 1, 1, 0, 1, 1, 1, 1, 0, 1, 0, 1, 0]
Fitness: 1310.851899 	[6, 14, 13, 0, 3, 7, 0, 5, 11, 2, 0, 1, 4, 8, 9, 10, 12, 15, 0, 1, 0, 1, 1, 1, 0, 1, 1, 1, 1, 0, 1, 0, 1, 0]
Fitness: 1310.851899 	[6, 14, 13, 0, 1, 4, 0, 5, 11, 2, 0, 3, 7, 15, 8, 9, 10, 12, 0, 1, 0, 1, 1, 1, 0, 1, 1, 1, 1, 0, 1, 0, 1, 0]
Fitness: 1310.851899 	[6, 14, 13, 0, 1, 4, 0, 3, 7, 15, 8, 9, 10, 12, 0, 5, 11, 2, 0, 1, 0, 1, 1, 1, 0, 1, 1, 1, 1, 0, 1, 0, 1, 0]
Fitness: 1310.851899 	[1, 4, 0, 6, 14, 13, 0, 3, 7, 15, 8, 9, 10, 12, 0, 5, 11, 2, 0, 1, 0, 1, 1, 1, 0, 1, 1, 1, 1, 0, 1, 0, 1, 0]
Fitness: 1321.161502 	[1, 5, 0, 9, 4, 0, 13, 11, 2, 0, 3, 7, 15, 8, 6, 10, 12, 14, 0, 1, 0, 1, 1, 1, 0, 1, 1, 0, 1, 1, 0, 1, 1, 0]
Fitness: 1321.161502 	[1, 5, 0, 9, 4, 0, 13, 11, 2, 0, 3, 7, 15, 8, 6, 10, 12, 14, 0, 1, 0, 1, 1, 1, 0, 1, 1, 0, 1, 1, 0, 1, 1, 0]
Fitness: 1321.161502 	[3, 7, 15, 8, 6, 10, 12, 14, 0, 13, 11, 2, 0, 1, 4, 5, 0, 9, 0, 1, 0, 1, 1, 1, 0, 1, 1, 0, 1, 1, 0, 1, 1, 0]
Fitness: 1333.671041 	[1, 13, 0, 3, 7, 15, 8, 6, 10, 12, 14, 0, 9, 4, 0, 5, 11, 2, 0, 1, 0, 1, 1, 1, 0, 1, 1, 1, 1, 0, 0, 1, 1, 0]
Fitness: 1310.851899 	[6, 14, 13, 0, 1, 4, 0, 5, 11, 2, 0, 3, 7, 15, 8, 9, 10, 12, 0, 1, 0, 1, 1, 1, 0, 1, 1, 1, 1, 0, 1, 0, 1, 0]
Fitness: 1333.671041 	[9, 2, 11, 0, 5, 4, 0, 3, 7, 15, 8, 6, 10, 12, 14, 0, 1, 13, 0, 1, 0, 1, 1, 1, 0, 1, 1, 0, 1, 1, 0, 1, 1, 0]
Fitness: 1301.796843 	[9, 4, 1, 0, 10, 12, 7, 2, 13, 3, 8, 0, 5, 0, 11, 15, 6, 14, 0, 1, 0, 1, 1, 1, 0, 1, 1, 0, 1, 1, 0, 1, 1, 0]
Fitness: 1295.009585 	[1, 4, 0, 3, 9, 10, 13, 12, 8, 7, 0, 6, 11, 14, 15, 0, 2, 5, 0, 1, 0, 1, 1, 1, 0, 1, 1, 0, 1, 1, 0, 1, 1, 0]
Fitness: 1301.796843 	[5, 6, 0, 11, 14, 15, 0, 10, 12, 7, 2, 13, 3, 8, 0, 9, 4, 1, 0, 1, 0, 1, 1, 1, 0, 1, 0, 1, 1, 1, 0, 1, 1, 0]
Fitness: 1310.851899 	[6, 14, 13, 0, 1, 4, 0, 3, 7, 15, 8, 9, 10, 12, 0, 5, 11, 2, 0, 1, 0, 1, 1, 1, 0, 1, 1, 1, 1, 0, 1, 0, 1, 0]
Fitness: 1310.851899 	[6, 14, 13, 0, 1, 4, 0, 5, 11, 2, 0, 3, 7, 15, 8, 9, 10, 12, 0, 1, 0, 1, 1, 1, 0, 1, 1, 1, 1, 0, 1, 0, 1, 0]
Fitness: 1310.851899 	[1, 4, 0, 5, 11, 2, 0, 13, 6, 14, 0, 3, 7, 15, 8, 9, 10, 12, 0, 1, 0, 1, 1, 1, 0, 1, 1, 1, 1, 0, 1, 0, 1, 0]
Fitness: 1321.161502 	[1, 5, 0, 9, 4, 0, 13, 11, 2, 0, 3, 7, 15, 8, 6, 10, 12, 14, 0, 1, 0, 1, 1, 1, 0, 1, 1, 0, 1, 1, 0, 1, 1, 0]
Fitness: 1304.247616 	[6, 14, 13, 0, 1, 4, 0, 9, 11, 2, 0, 3, 7, 15, 8, 5, 10, 12, 0, 1, 0, 1, 1, 1, 0, 1, 1, 1, 1, 0, 1, 0, 1, 0]
Fitness: 1321.161502 	[6, 14, 3, 0, 7, 4, 0, 13, 11, 2, 0, 1, 5, 8, 9, 10, 12, 15, 0, 1, 0, 1, 1, 1, 0, 1, 1, 0, 1, 1, 0, 1, 1, 0]
Fitness: 1301.796843 	[5, 0, 10, 12, 7, 2, 13, 3, 8, 0, 9, 4, 1, 0, 11, 15, 6, 14, 0, 1, 0, 1, 1, 1, 0, 1, 1, 0, 1, 1, 0, 1, 1, 0]
Fitness: 1328.085541 	[9, 5, 0, 6, 11, 14, 15, 0, 10, 12, 7, 2, 13, 3, 8, 0, 1, 4, 0, 1, 0, 1, 1, 1, 0, 1, 1, 0, 1, 0, 1, 1, 1, 0]
Fitness: 1301.796843 	[5, 0, 11, 15, 6, 14, 0, 10, 12, 7, 2, 13, 3, 8, 0, 1, 4, 9, 0, 1, 0, 1, 1, 1, 0, 1, 0, 1, 1, 1, 0, 1, 1, 0]
Fitness: 1295.009585 	[1, 4, 0, 6, 11, 14, 15, 0, 3, 9, 10, 13, 12, 8, 7, 0, 2, 5, 0, 1, 0, 1, 1, 1, 0, 1, 1, 0, 1, 1, 0, 1, 1, 0]
Fitness: 1295.790716 	[2, 5, 0, 1, 4, 0, 13, 11, 9, 0, 3, 7, 15, 8, 6, 10, 12, 14, 0, 1, 0, 1, 1, 1, 0, 1, 1, 0, 1, 1, 0, 1, 1, 0]
Fitness: 1295.009585 	[3, 7, 0, 1, 4, 0, 2, 5, 0, 6, 11, 14, 15, 8, 9, 10, 12, 13, 0, 1, 0, 1, 1, 1, 0, 1, 1, 0, 1, 1, 0, 1, 1, 0]
Fitness: 1310.851899 	[6, 14, 13, 0, 1, 4, 0, 5, 11, 2, 0, 3, 7, 15, 8, 9, 10, 12, 0, 1, 0, 1, 1, 1, 0, 1, 1, 1, 1, 0, 1, 0, 1, 0]
Fitness: 1310.851899 	[6, 14, 13, 0, 1, 4, 0, 3, 7, 15, 8, 9, 10, 12, 0, 2, 11, 5, 0, 1, 0, 1, 1, 1, 0, 1, 1, 1, 1, 0, 1, 0, 1, 0]
Fitness: 1310.851899 	[3, 7, 15, 0, 5, 11, 2, 0, 1, 4, 6, 13, 14, 0, 8, 9, 10, 12, 0, 1, 0, 1, 1, 1, 0, 1, 1, 1, 1, 0, 1, 0, 1, 0]
Fitness: 1304.411138 	[2, 5, 0, 1, 4, 0, 6, 14, 13, 0, 3, 9, 10, 11, 12, 8, 7, 15, 0, 1, 0, 1, 1, 1, 0, 1, 1, 1, 1, 0, 1, 0, 1, 0]
Fitness: 1304.411138 	[2, 5, 0, 1, 4, 0, 6, 14, 13, 0, 3, 9, 10, 11, 12, 8, 7, 15, 0, 1, 0, 1, 1, 1, 0, 1, 1, 1, 1, 0, 1, 0, 1, 0]
Fitness: 1304.411138 	[3, 6, 0, 7, 8, 0, 1, 4, 0, 2, 5, 9, 10, 11, 12, 13, 14, 15, 0, 1, 0, 1, 1, 1, 0, 1, 1, 1, 1, 0, 1, 0, 1, 0]
Fitness: 1301.796843 	[11, 5, 0, 10, 12, 7, 2, 13, 3, 8, 0, 9, 4, 1, 0, 15, 6, 14, 0, 1, 0, 1, 1, 1, 0, 1, 0, 1, 1, 1, 0, 1, 1, 0]
Fitness: 1328.085541 	[1, 5, 0, 6, 11, 14, 15, 0, 10, 12, 7, 2, 13, 3, 8, 0, 9, 4, 0, 1, 0, 1, 1, 1, 0, 1, 1, 0, 1, 0, 1, 1, 1, 0]
Fitness: 1297.710768 	[9, 4, 0, 1, 5, 0, 13, 11, 2, 0, 3, 7, 15, 8, 6, 10, 12, 14, 0, 1, 0, 1, 1, 1, 0, 1, 1, 0, 1, 1, 0, 1, 1, 0]
Fitness: 1328.085541 	[9, 4, 0, 1, 5, 0, 10, 12, 7, 2, 13, 3, 8, 0, 11, 15, 6, 14, 0, 1, 0, 1, 1, 1, 0, 1, 1, 0, 1, 0, 1, 1, 1, 0]
Fitness: 1310.851899 	[6, 14, 13, 0, 1, 4, 0, 3, 7, 15, 8, 9, 10, 12, 0, 5, 11, 2, 0, 1, 0, 1, 1, 1, 0, 1, 1, 1, 1, 0, 1, 0, 1, 0]
Fitness: 1304.247616 	[6, 14, 13, 0, 1, 4, 0, 9, 11, 2, 0, 3, 7, 15, 8, 5, 10, 12, 0, 1, 0, 1, 1, 1, 0, 1, 1, 1, 1, 0, 1, 0, 1, 0]
Fitness: 1310.851899 	[3, 7, 15, 8, 9, 10, 12, 0, 6, 14, 13, 0, 1, 11, 2, 0, 4, 5, 0, 1, 0, 1, 1, 1, 0, 1, 1, 1, 1, 0, 1, 0, 1, 0]
Fitness: 1310.556700 	[5, 11, 2, 0, 1, 4, 0, 6, 14, 13, 0, 3, 7, 15, 8, 9, 10, 12, 0, 1, 0, 1, 1, 1, 0, 1, 0, 1, 1, 1, 1, 0, 1, 0]
Fitness: 1301.479875 	[1, 4, 0, 10, 12, 7, 2, 13, 3, 8, 0, 11, 15, 6, 14, 0, 9, 5, 0, 1, 0, 1, 1, 1, 0, 1, 0, 1, 1, 1, 0, 1, 1, 0]
Fitness: 1310.556700 	[9, 11, 0, 10, 12, 7, 2, 5, 3, 8, 0, 1, 4, 0, 6, 14, 13, 15, 0, 1, 0, 1, 1, 1, 0, 1, 1, 1, 1, 0, 1, 0, 1, 0]
Fitness: 1310.851899 	[6, 14, 13, 0, 1, 4, 0, 5, 2, 0, 3, 9, 10, 15, 12, 8, 7, 11, 0, 1, 0, 1, 0, 1, 0, 1, 1, 1, 1, 0, 1, 1, 1, 0]
Fitness: 1310.851899 	[6, 14, 0, 1, 4, 0, 3, 7, 15, 8, 9, 10, 12, 0, 5, 11, 2, 13, 0, 1, 0, 1, 1, 1, 1, 0, 1, 1, 1, 0, 1, 0, 1, 0]
Fitness: 1310.851899 	[6, 13, 0, 1, 4, 0, 5, 11, 2, 14, 0, 3, 7, 15, 8, 9, 10, 12, 0, 1, 1, 1, 1, 1, 0, 1, 1, 1, 0, 0, 1, 0, 1, 0]
Fitness: 1295.009585 	[1, 4, 0, 11, 14, 15, 0, 3, 9, 10, 13, 12, 8, 7, 6, 0, 2, 5, 0, 1, 0, 0, 1, 1, 0, 1, 1, 0, 1, 1, 1, 1, 1, 0]
Fitness: 1310.851899 	[6, 14, 13, 0, 1, 4, 0, 3, 7, 8, 9, 10, 12, 0, 5, 11, 2, 15, 0, 1, 1, 1, 1, 1, 0, 1, 1, 1, 1, 0, 0, 0, 1, 0]
Fitness: 1321.161502 	[5, 0, 9, 4, 0, 13, 11, 2, 0, 3, 7, 15, 8, 6, 10, 12, 14, 1, 0, 1, 0, 1, 1, 1, 0, 1, 1, 0, 0, 1, 1, 1, 1, 0]
Fitness: 1296.943850 	[6, 14, 13, 0, 4, 0, 2, 5, 1, 0, 3, 9, 10, 11, 12, 8, 7, 15, 0, 1, 0, 1, 1, 1, 0, 1, 1, 1, 1, 1, 1, 0, 0, 0]
Fitness: 1301.796843 	[9, 4, 1, 0, 10, 12, 7, 2, 13, 8, 0, 5, 0, 11, 15, 6, 14, 3, 0, 1, 0, 1, 1, 1, 1, 1, 0, 1, 1, 1, 0, 1, 0, 0]
Fitness: 1304.579056 	[10, 12, 7, 0, 2, 13, 3, 8, 0, 1, 11, 4, 5, 0, 9, 15, 6, 14, 0, 0, 0, 1, 1, 1, 1, 1, 0, 1, 1, 1, 0, 1, 1, 0]
Fitness: 1301.796843 	[5, 7, 0, 10, 12, 2, 13, 3, 8, 0, 9, 4, 1, 0, 11, 15, 6, 14, 0, 1, 0, 1, 0, 1, 0, 1, 1, 1, 1, 1, 0, 1, 1, 0]
Fitness: 1304.247616 	[6, 14, 13, 12, 0, 1, 4, 0, 9, 11, 2, 0, 3, 7, 15, 8, 5, 10, 0, 1, 1, 1, 1, 1, 0, 1, 1, 1, 1, 0, 1, 0, 0, 0]
Fitness: 1310.851899 	[6, 14, 13, 0, 4, 0, 3, 7, 15, 8, 9, 10, 12, 0, 5, 11, 2, 1, 0, 1, 0, 1, 1, 1, 0, 1, 1, 1, 1, 1, 1, 0, 0, 0]
Fitness: 1310.851899 	[6, 14, 0, 1, 4, 0, 3, 7, 15, 8, 9, 10, 12, 0, 5, 11, 2, 13, 0, 1, 1, 1, 1, 1, 0, 1, 1, 1, 0, 0, 1, 0, 1, 0]
Fitness: 1310.851899 	[6, 14, 13, 0, 1, 4, 8, 0, 3, 7, 15, 9, 10, 12, 0, 5, 11, 2, 0, 1, 0, 1, 1, 1, 0, 1, 1, 1, 1, 1, 0, 0, 1, 0]
Fitness: 1295.009585 	[1, 4, 0, 6, 11, 14, 15, 7, 0, 3, 9, 10, 13, 12, 8, 0, 2, 5, 0, 1, 0, 1, 0, 1, 0, 1, 1, 1, 1, 1, 0, 1, 1, 0]
Fitness: 1295.009585 	[6, 14, 15, 0, 1, 4, 0, 9, 5, 11, 0, 3, 7, 2, 8, 13, 10, 12, 0, 1, 1, 1, 0, 1, 0, 1, 1, 0, 1, 1, 0, 1, 1, 0]
Fitness: 1328.085541 	[9, 0, 6, 11, 14, 15, 0, 10, 12, 7, 2, 13, 3, 8, 5, 0, 1, 4, 0, 1, 0, 1, 1, 0, 0, 1, 1, 0, 1, 1, 1, 1, 1, 0]
Fitness: 1295.009585 	[1, 4, 0, 3, 9, 10, 13, 8, 7, 0, 6, 11, 14, 15, 0, 2, 5, 12, 0, 1, 0, 1, 1, 0, 0, 1, 1, 0, 1, 1, 1, 1, 1, 0]
Fitness: 1295.009585 	[1, 4, 0, 6, 11, 14, 15, 5, 0, 3, 9, 10, 13, 12, 8, 7, 0, 2, 0, 1, 0, 1, 1, 0, 1, 1, 1, 0, 1, 1, 0, 1, 1, 0]
Fitness: 1301.796843 	[9, 4, 1, 0, 10, 12, 7, 2, 13, 3, 8, 14, 0, 5, 0, 11, 15, 6, 0, 1, 0, 1, 1, 1, 0, 1, 1, 1, 1, 1, 0, 1, 0, 0]
Fitness: 1310.851899 	[6, 13, 0, 1, 4, 0, 5, 11, 2, 0, 3, 7, 15, 8, 9, 10, 12, 14, 0, 1, 1, 1, 1, 0, 0, 1, 1, 1, 1, 0, 1, 0, 1, 0]
Fitness: 1295.009585 	[1, 4, 0, 6, 14, 15, 0, 3, 9, 10, 13, 12, 8, 7, 0, 2, 5, 11, 0, 1, 1, 1, 1, 0, 0, 1, 1, 0, 1, 1, 0, 1, 1, 0]
Fitness: 1310.851899 	[6, 14, 13, 0, 1, 4, 11, 0, 5, 2, 0, 3, 7, 15, 8, 9, 10, 12, 0, 1, 1, 1, 1, 1, 0, 1, 1, 0, 1, 0, 1, 0, 1, 0]
Fitness: 1328.085541 	[1, 5, 0, 6, 11, 14, 15, 0, 10, 12, 7, 2, 13, 3, 8, 4, 0, 9, 0, 1, 0, 1, 0, 1, 1, 1, 1, 0, 1, 0, 1, 1, 1, 0]
Fitness: 1304.411138 	[2, 0, 1, 4, 5, 0, 6, 14, 13, 0, 3, 9, 10, 11, 12, 8, 7, 15, 0, 0, 1, 1, 1, 1, 0, 1, 1, 1, 1, 0, 1, 0, 1, 0]
Fitness: 1295.009585 	[1, 4, 0, 3, 9, 10, 13, 12, 8, 7, 0, 6, 11, 14, 15, 2, 0, 5, 0, 1, 1, 0, 1, 1, 0, 1, 1, 0, 1, 1, 0, 1, 1, 0]
Fitness: 1295.009585 	[3, 7, 5, 0, 1, 4, 0, 2, 0, 6, 11, 14, 15, 8, 9, 10, 12, 13, 0, 1, 1, 1, 1, 1, 0, 0, 1, 0, 1, 1, 0, 1, 1, 0]
Fitness: 1321.161502 	[6, 3, 0, 7, 4, 0, 13, 11, 2, 0, 1, 5, 8, 9, 10, 12, 15, 14, 0, 1, 0, 1, 1, 1, 1, 1, 1, 0, 1, 1, 0, 1, 0, 0]
Fitness: 1310.851899 	[6, 14, 13, 11, 0, 1, 4, 0, 3, 7, 15, 8, 9, 10, 12, 0, 5, 2, 0, 1, 0, 1, 1, 1, 1, 1, 1, 1, 1, 0, 1, 0, 0, 0]
Fitness: 1321.161502 	[1, 5, 14, 0, 9, 4, 0, 13, 11, 2, 0, 3, 7, 15, 8, 6, 10, 12, 0, 1, 0, 1, 1, 1, 0, 1, 1, 1, 0, 1, 0, 1, 1, 0]
Fitness: 1301.796843 	[10, 12, 7, 0, 11, 15, 6, 14, 0, 2, 13, 3, 8, 0, 1, 4, 9, 5, 0, 1, 0, 1, 1, 1, 0, 1, 1, 1, 1, 0, 0, 1, 1, 0]
Fitness: 1304.247616 	[6, 14, 13, 0, 4, 0, 9, 11, 2, 1, 0, 3, 7, 15, 8, 5, 10, 12, 0, 1, 0, 1, 1, 1, 0, 1, 1, 1, 1, 0, 0, 1, 1, 0]
Fitness: 1295.009585 	[1, 4, 10, 0, 6, 11, 14, 15, 0, 3, 9, 13, 12, 8, 7, 0, 2, 5, 0, 1, 1, 1, 1, 1, 0, 1, 1, 0, 1, 1, 0, 1, 0, 0]
Fitness: 1301.796843 	[10, 12, 7, 0, 2, 13, 3, 8, 0, 9, 4, 1, 0, 11, 15, 6, 14, 5, 0, 1, 0, 0, 1, 1, 0, 1, 0, 1, 1, 1, 1, 1, 1, 0]
Fitness: 1301.796843 	[5, 0, 10, 12, 7, 2, 13, 3, 8, 15, 0, 9, 4, 1, 0, 11, 6, 14, 0, 1, 0, 1, 1, 1, 0, 1, 1, 1, 1, 0, 0, 1, 1, 0]
Fitness: 1321.161502 	[1, 5, 0, 9, 4, 0, 13, 2, 0, 3, 7, 15, 8, 6, 10, 12, 14, 11, 0, 1, 0, 1, 1, 1, 0, 1, 1, 1, 0, 1, 0, 1, 1, 0]
Fitness: 1317.375545 	[1, 0, 6, 11, 14, 15, 13, 5, 0, 9, 4, 0, 10, 12, 7, 2, 3, 8, 0, 1, 0, 1, 1, 0, 0, 1, 1, 1, 1, 1, 1, 0, 1, 0]
Fitness: 1310.851899 	[6, 14, 13, 1, 0, 4, 0, 5, 11, 2, 0, 3, 7, 15, 8, 9, 10, 12, 0, 1, 0, 1, 1, 1, 0, 0, 1, 1, 1, 1, 1, 0, 1, 0]
Fitness: 1296.943850 	[6, 14, 13, 0, 1, 4, 9, 0, 2, 5, 0, 3, 10, 11, 12, 8, 7, 15, 0, 1, 0, 1, 1, 1, 0, 1, 1, 1, 1, 1, 1, 0, 0, 0]
Fitness: 1310.851899 	[6, 14, 13, 0, 1, 4, 0, 5, 2, 0, 3, 7, 15, 8, 9, 10, 12, 11, 0, 1, 0, 0, 1, 1, 1, 1, 1, 1, 1, 0, 1, 0, 1, 0]
Fitness: 1310.851899 	[6, 14, 13, 0, 1, 4, 7, 0, 3, 15, 8, 9, 10, 12, 0, 5, 11, 2, 0, 1, 1, 1, 1, 1, 0, 1, 1, 1, 1, 0, 1, 0, 0, 0]
Fitness: 1321.161502 	[1, 5, 0, 13, 11, 2, 9, 0, 4, 0, 3, 7, 15, 8, 6, 10, 12, 14, 0, 1, 1, 1, 1, 1, 0, 1, 1, 0, 1, 1, 0, 0, 1, 0]
Fitness: 1310.556700 	[5, 2, 0, 1, 4, 0, 6, 14, 13, 0, 3, 9, 10, 15, 12, 8, 7, 11, 0, 1, 1, 1, 1, 1, 0, 1, 1, 0, 1, 0, 1, 0, 1, 0]
Fitness: 1310.851899 	[6, 14, 13, 0, 1, 4, 0, 5, 11, 0, 3, 9, 10, 15, 12, 8, 7, 2, 0, 1, 0, 1, 1, 1, 0, 1, 1, 0, 1, 1, 1, 0, 1, 0]
Fitness: 1304.411138 	[2, 0, 1, 4, 0, 6, 14, 13, 0, 3, 9, 10, 11, 12, 8, 7, 15, 5, 0, 1, 0, 1, 1, 1, 0, 1, 1, 1, 0, 1, 1, 0, 1, 0]
Fitness: 1310.851899 	[6, 14, 0, 1, 4, 0, 3, 7, 15, 8, 9, 10, 12, 0, 5, 11, 2, 13, 0, 1, 0, 1, 1, 1, 1, 1, 1, 1, 0, 0, 1, 0, 1, 0]
Fitness: 1295.009585 	[3, 9, 10, 12, 8, 7, 0, 1, 4, 0, 5, 6, 0, 11, 14, 15, 2, 13, 0, 1, 1, 1, 1, 1, 0, 1, 1, 0, 1, 1, 0, 1, 0, 0]
Fitness: 1304.411138 	[2, 5, 12, 0, 1, 4, 0, 6, 14, 13, 0, 3, 9, 10, 11, 8, 7, 15, 0, 1, 0, 1, 0, 1, 0, 1, 1, 1, 1, 1, 1, 0, 1, 0]
Fitness: 1304.247616 	[6, 13, 0, 1, 4, 0, 9, 11, 2, 14, 0, 3, 7, 15, 8, 5, 10, 12, 0, 1, 0, 0, 1, 1, 0, 1, 1, 1, 1, 1, 1, 0, 1, 0]
Fitness: 1328.085541 	[5, 0, 6, 11, 14, 15, 0, 10, 12, 7, 2, 13, 3, 8, 0, 9, 4, 1, 0, 1, 0, 1, 0, 1, 1, 1, 1, 0, 1, 0, 1, 1, 1, 0]
Fitness: 1304.411138 	[2, 5, 0, 6, 14, 13, 0, 1, 4, 0, 3, 9, 10, 11, 12, 8, 7, 15, 0, 1, 0, 1, 1, 1, 0, 1, 1, 1, 1, 0, 1, 0, 1, 0]
Fitness: 1310.851899 	[6, 14, 13, 0, 3, 7, 15, 8, 9, 10, 12, 0, 5, 11, 2, 0, 1, 4, 0, 1, 0, 1, 1, 1, 0, 1, 1, 1, 1, 0, 1, 0, 1, 0]
Fitness: 1321.161502 	[1, 5, 0, 3, 7, 15, 8, 6, 10, 12, 14, 0, 13, 11, 2, 0, 9, 4, 0, 1, 0, 1, 1, 1, 0, 1, 1, 0, 1, 1, 0, 1, 1, 0]
Fitness: 1310.851899 	[1, 4, 0, 6, 14, 13, 0, 5, 11, 2, 0, 3, 7, 15, 8, 9, 10, 12, 0, 1, 0, 1, 1, 1, 0, 1, 1, 1, 1, 0, 1, 0, 1, 0]
Fitness: 1295.009585 	[2, 5, 0, 3, 9, 10, 13, 12, 8, 7, 0, 6, 11, 14, 15, 0, 1, 4, 0, 1, 0, 1, 1, 1, 0, 1, 1, 0, 1, 1, 0, 1, 1, 0]
Fitness: 1295.009585 	[1, 4, 0, 6, 11, 14, 15, 7, 0, 2, 5, 0, 3, 9, 10, 13, 12, 8, 0, 1, 0, 1, 0, 1, 0, 1, 1, 1, 1, 1, 0, 1, 1, 0]
Fitness: 1297.710768 	[9, 4, 0, 3, 7, 15, 8, 6, 10, 12, 14, 0, 13, 11, 2, 0, 1, 5, 0, 1, 0, 1, 1, 1, 0, 1, 1, 0, 1, 1, 0, 1, 1, 0]
Fitness: 1328.085541 	[10, 12, 7, 2, 13, 3, 8, 0, 6, 11, 14, 15, 0, 1, 5, 0, 9, 4, 0, 1, 0, 1, 1, 1, 0, 1, 1, 0, 1, 0, 1, 1, 1, 0]
Fitness: 1301.796843 	[10, 12, 7, 2, 13, 3, 8, 0, 9, 4, 1, 0, 5, 0, 11, 15, 6, 14, 0, 1, 0, 1, 1, 1, 0, 1, 0, 1, 1, 1, 0, 1, 1, 0]
Fitness: 1310.851899 	[6, 14, 0, 3, 7, 15, 8, 9, 10, 12, 0, 1, 4, 0, 5, 11, 2, 13, 0, 1, 0, 1, 1, 1, 1, 1, 1, 1, 0, 0, 1, 0, 1, 0]
Fitness: 1295.009585 	[1, 4, 0, 3, 9, 10, 13, 12, 8, 7, 0, 6, 14, 15, 0, 2, 5, 11, 0, 1, 1, 1, 1, 0, 0, 1, 1, 0, 1, 1, 0, 1, 1, 0]
Fitness: 1310.851899 	[1, 4, 0, 6, 14, 13, 0, 5, 11, 2, 0, 3, 9, 10, 15, 12, 8, 7, 0, 1, 0, 1, 1, 1, 0, 1, 1, 1, 1, 0, 1, 0, 1, 0]
Fitness: 1297.710768 	[3, 7, 15, 8, 6, 10, 12, 14, 0, 1, 5, 0, 13, 11, 2, 0, 9, 4, 0, 1, 0, 1, 1, 1, 0, 1, 1, 0, 1, 1, 0, 1, 1, 0]
Fitness: 1297.710768 	[9, 4, 0, 3, 7, 15, 8, 6, 10, 12, 14, 0, 13, 11, 2, 0, 1, 5, 0, 1, 0, 1, 1, 1, 0, 1, 1, 0, 1, 1, 0, 1, 1, 0]
Fitness: 1296.943850 	[1, 4, 0, 6, 14, 13, 0, 2, 5, 0, 3, 9, 10, 11, 12, 8, 7, 15, 0, 1, 0, 1, 1, 1, 0, 1, 1, 1, 1, 0, 1, 0, 1, 0]
Fitness: 1310.851899 	[6, 14, 13, 0, 5, 11, 2, 0, 1, 4, 0, 3, 7, 15, 8, 9, 10, 12, 0, 1, 0, 1, 1, 1, 0, 1, 1, 1, 1, 0, 1, 0, 1, 0]
Fitness: 1321.161502 	[1, 5, 0, 13, 11, 2, 0, 3, 7, 15, 8, 6, 10, 12, 14, 0, 9, 4, 0, 1, 0, 1, 1, 1, 0, 1, 1, 0, 1, 1, 0, 1, 1, 0]
Fitness: 1321.161502 	[6, 3, 0, 1, 5, 8, 9, 10, 12, 15, 14, 0, 13, 11, 2, 0, 7, 4, 0, 1, 0, 1, 1, 1, 1, 1, 1, 0, 1, 1, 0, 1, 0, 0]
Fitness: 1328.085541 	[1, 4, 0, 6, 11, 14, 15, 0, 10, 12, 7, 2, 13, 3, 8, 0, 9, 5, 0, 1, 0, 1, 1, 1, 0, 1, 1, 0, 1, 0, 1, 1, 1, 0]
Fitness: 1310.851899 	[6, 14, 13, 0, 5, 11, 2, 0, 1, 4, 0, 3, 7, 15, 8, 9, 10, 12, 0, 1, 0, 1, 1, 1, 0, 1, 1, 1, 1, 0, 1, 0, 1, 0]
Fitness: 1301.796843 	[5, 0, 11, 15, 6, 14, 0, 9, 4, 1, 0, 10, 12, 7, 2, 13, 3, 8, 0, 1, 0, 1, 1, 1, 0, 1, 0, 1, 1, 1, 0, 1, 1, 0]
Fitness: 1295.009585 	[3, 9, 10, 13, 12, 8, 7, 0, 6, 11, 14, 15, 5, 0, 1, 4, 0, 2, 0, 1, 0, 1, 1, 0, 1, 1, 1, 0, 1, 1, 0, 1, 1, 0]
Fitness: 1295.009585 	[6, 11, 14, 15, 0, 1, 4, 0, 3, 9, 10, 12, 8, 7, 0, 5, 13, 2, 0, 1, 0, 1, 1, 1, 0, 1, 1, 0, 1, 1, 0, 1, 1, 0]
Fitness: 1296.943850 	[4, 0, 6, 14, 13, 0, 2, 5, 1, 0, 3, 9, 10, 11, 12, 8, 7, 15, 0, 1, 0, 1, 1, 1, 0, 1, 1, 1, 1, 1, 1, 0, 0, 0]
Fitness: 1310.851899 	[3, 7, 0, 6, 14, 13, 0, 5, 11, 2, 0, 1, 4, 8, 9, 10, 12, 15, 0, 1, 0, 1, 1, 1, 0, 1, 1, 1, 1, 0, 1, 0, 1, 0]
Fitness: 1304.411138 	[2, 5, 0, 3, 9, 10, 11, 12, 8, 7, 15, 0, 6, 14, 13, 0, 1, 4, 0, 1, 0, 1, 1, 1, 0, 1, 1, 1, 1, 0, 1, 0, 1, 0]
Fitness: 1317.375545 	[1, 5, 0, 10, 12, 7, 2, 3, 8, 0, 9, 4, 0, 6, 11, 14, 15, 13, 0, 1, 0, 1, 1, 1, 0, 1, 1, 0, 1, 1, 1, 0, 1, 0]
Fitness: 1310.851899 	[6, 13, 0, 1, 4, 0, 3, 7, 15, 8, 9, 10, 12, 14, 0, 5, 11, 2, 0, 1, 1, 1, 1, 0, 0, 1, 1, 1, 1, 0, 1, 0, 1, 0]
Fitness: 1328.085541 	[11, 15, 6, 14, 0, 1, 5, 0, 10, 12, 7, 2, 13, 3, 8, 0, 9, 4, 0, 1, 0, 1, 1, 1, 0, 1, 1, 0, 1, 0, 1, 1, 1, 0]
Fitness: 1301.796843 	[10, 12, 7, 2, 13, 3, 8, 14, 0, 9, 4, 1, 0, 5, 0, 11, 15, 6, 0, 1, 0, 1, 1, 1, 0, 1, 1, 1, 1, 1, 0, 1, 0, 0]
Fitness: 1304.411138 	[1, 4, 0, 2, 5, 0, 6, 14, 13, 0, 3, 9, 10, 11, 12, 8, 7, 15, 0, 1, 0, 1, 1, 1, 0, 1, 1, 1, 1, 0, 1, 0, 1, 0]
Fitness: 1301.796843 	[9, 4, 1, 0, 5, 0, 10, 12, 7, 2, 13, 3, 8, 0, 11, 15, 6, 14, 0, 1, 0, 1, 1, 1, 0, 1, 0, 1, 1, 1, 0, 1, 1, 0]
Fitness: 1295.009585 	[1, 4, 0, 2, 5, 0, 3, 9, 10, 13, 12, 8, 7, 0, 6, 11, 14, 15, 0, 1, 0, 1, 1, 1, 0, 1, 1, 0, 1, 1, 0, 1, 1, 0]
Fitness: 1310.851899 	[6, 14, 13, 0, 5, 11, 2, 0, 3, 7, 15, 8, 9, 10, 12, 0, 1, 4, 0, 1, 0, 1, 1, 1, 0, 1, 1, 1, 1, 0, 1, 0, 1, 0]
Fitness: 1295.009585 	[1, 4, 0, 3, 9, 10, 13, 8, 7, 0, 2, 5, 12, 0, 6, 11, 14, 15, 0, 1, 0, 1, 1, 0, 0, 1, 1, 0, 1, 1, 1, 1, 1, 0]
Fitness: 1321.161502 	[1, 5, 0, 9, 4, 0, 3, 7, 15, 8, 6, 10, 12, 14, 0, 13, 11, 2, 0, 1, 0, 1, 1, 1, 0, 1, 1, 0, 1, 1, 0, 1, 1, 0]
Fitness: 1321.161502 	[3, 7, 15, 8, 6, 10, 12, 14, 0, 9, 4, 0, 13, 11, 2, 0, 1, 5, 0, 1, 0, 1, 1, 1, 0, 1, 1, 0, 1, 1, 0, 1, 1, 0]
Fitness: 1304.411138 	[13, 6, 14, 0, 3, 9, 10, 11, 12, 8, 7, 15, 0, 2, 5, 0, 1, 4, 0, 1, 0, 1, 1, 1, 0, 1, 1, 1, 1, 0, 1, 0, 1, 0]
Fitness: 1295.790716 	[2, 5, 0, 3, 7, 15, 8, 6, 10, 12, 14, 0, 13, 11, 9, 0, 1, 4, 0, 1, 0, 1, 1, 1, 0, 1, 1, 0, 1, 1, 0, 1, 1, 0]
Fitness: 1295.009585 	[2, 5, 0, 3, 9, 10, 13, 12, 8, 7, 0, 6, 11, 14, 15, 0, 1, 4, 0, 1, 0, 1, 1, 1, 0, 1, 1, 0, 1, 1, 0, 1, 1, 0]
Fitness: 1328.085541 	[6, 11, 14, 15, 0, 1, 5, 0, 10, 12, 7, 2, 13, 3, 8, 0, 9, 4, 0, 1, 0, 1, 1, 1, 0, 1, 1, 0, 1, 0, 1, 1, 1, 0]
Fitness: 1310.851899 	[5, 11, 2, 0, 1, 4, 0, 3, 7, 15, 8, 9, 10, 12, 0, 6, 14, 13, 0, 1, 0, 1, 1, 1, 0, 1, 1, 1, 1, 0, 1, 0, 1, 0]
Fitness: 1296.307454 	[9, 4, 0, 13, 11, 2, 0, 1, 5, 0, 3, 7, 15, 8, 6, 10, 12, 14, 0, 1, 0, 1, 1, 1, 0, 1, 1, 0, 1, 1, 0, 1, 1, 0]
Fitness: 1296.307454 	[9, 4, 0, 13, 11, 2, 0, 1, 5, 0, 3, 7, 15, 8, 6, 10, 12, 14, 0, 1, 0, 1, 1, 1, 0, 1, 1, 0, 1, 1, 0, 1, 1, 0]
Fitness: 1321.161502 	[9, 4, 0, 1, 5, 0, 13, 11, 2, 0, 3, 7, 15, 8, 6, 10, 12, 14, 0, 1, 0, 1, 1, 1, 0, 1, 1, 0, 1, 1, 0, 1, 1, 0]
Fitness: 1304.411138 	[2, 5, 0, 1, 4, 0, 3, 9, 10, 11, 12, 8, 7, 15, 0, 6, 14, 13, 0, 1, 0, 1, 1, 1, 0, 1, 1, 1, 1, 0, 1, 0, 1, 0]
Fitness: 1328.085541 	[1, 4, 0, 6, 11, 14, 15, 0, 9, 5, 0, 10, 12, 7, 2, 13, 3, 8, 0, 1, 0, 1, 1, 1, 0, 1, 1, 0, 1, 0, 1, 1, 1, 0]
Fitness: 1321.161502 	[1, 5, 0, 3, 7, 15, 8, 6, 10, 12, 14, 0, 13, 11, 2, 0, 9, 4, 0, 1, 0, 1, 1, 1, 0, 1, 1, 0, 1, 1, 0, 1, 1, 0]
Fitness: 1304.411138 	[1, 4, 0, 2, 5, 0, 6, 14, 13, 0, 3, 9, 10, 11, 12, 8, 7, 15, 0, 1, 0, 1, 1, 1, 0, 1, 1, 1, 1, 0, 1, 0, 1, 0]
Fitness: 1328.085541 	[1, 5, 0, 10, 12, 7, 2, 13, 3, 8, 0, 6, 11, 14, 15, 0, 9, 4, 0, 1, 0, 1, 1, 1, 0, 1, 1, 0, 1, 0, 1, 1, 1, 0]
Time: 0.45538