Fitness: 1398.936683 	[11, 5, 6, 0, 4, 3, 9, 0, 2, 7, 12, 8, 10, 15, 14, 0, 1, 13, 0, 1, 0, 1, 1, 1, 1, 1, 0, 1, 1, 1, 1, 1, 0, 1, 1, 0, 1, 1, 1, 1, 1, 1, 1, 0]
Fitness: 1398.936683 	[11, 5, 6, 0, 4, 3, 9, 0, 2, 7, 12, 8, 10, 15, 14, 0, 1, 13, 0, 1, 0, 1, 1, 1, 1, 1, 0, 1, 1, 1, 1, 1, 0, 1, 1, 0, 1, 1, 1, 1, 1, 1, 1, 0]
Fitness: 1398.936683 	[11, 5, 6, 0, 4, 3, 9, 0, 2, 7, 12, 8, 10, 15, 14, 0, 1, 13, 0, 1, 0, 1, 1, 1, 1, 1, 0, 1, 1, 1, 1, 1, 0, 1, 1, 0, 1, 1, 1, 1, 1, 1, 1, 0]
Fitness: 1398.936683 	[11, 5, 6, 0, 4, 3, 9, 0, 2, 7, 12, 8, 10, 15, 14, 0, 1, 13, 0, 1, 0, 1, 1, 1, 1, 1, 0, 1, 1, 1, 1, 1, 0, 1, 1, 0, 1, 1, 1, 1, 1, 1, 1, 0]
Fitness: 1398.936683 	[11, 5, 6, 0, 4, 3, 9, 0, 2, 7, 12, 8, 10, 15, 14, 0, 1, 13, 0, 1, 0, 1, 1, 1, 1, 1, 0, 1, 1, 1, 1, 1, 0, 1, 1, 0, 1, 1, 1, 1, 1, 1, 1, 0]
Fitness: 1398.936683 	[11, 5, 6, 0, 4, 3, 9, 0, 2, 7, 12, 8, 10, 15, 14, 0, 1, 13, 0, 1, 0, 1, 1, 1, 1, 1, 0, 1, 1, 1, 1, 1, 0, 1, 1, 0, 1, 1, 1, 1, 1, 1, 1, 0]
Fitness: 1398.936683 	[11, 5, 6, 0, 4, 3, 9, 0, 2, 7, 12, 8, 10, 15, 14, 0, 1, 13, 0, 1, 0, 1, 1, 1, 1, 1, 0, 1, 1, 1, 1, 1, 0, 1, 1, 0, 1, 1, 1, 1, 1, 1, 1, 0]
Fitness: 1398.936683 	[11, 5, 6, 0, 4, 3, 9, 0, 2, 7, 12, 8, 10, 15, 14, 0, 1, 13, 0, 1, 0, 1, 1, 1, 1, 1, 0, 1, 1, 1, 1, 1, 0, 1, 1, 0, 1, 1, 1, 1, 1, 1, 1, 0]
Fitness: 1398.936683 	[11, 5, 6, 0, 4, 3, 9, 0, 2, 7, 12, 8, 10, 15, 14, 0, 1, 13, 0, 1, 0, 1, 1, 1, 1, 1, 0, 1, 1, 1, 1, 1, 0, 1, 1, 0, 1, 1, 1, 1, 1, 1, 1, 0]
Fitness: 1398.936683 	[11, 5, 6, 0, 4, 3, 9, 0, 2, 7, 12, 8, 10, 15, 14, 0, 1, 13, 0, 1, 0, 1, 1, 1, 1, 1, 0, 1, 1, 1, 1, 1, 0, 1, 1, 0, 1, 1, 1, 1, 1, 1, 1, 0]
Fitness: 1398.936683 	[11, 5, 6, 0, 4, 3, 9, 0, 2, 7, 12, 8, 10, 15, 14, 0, 1, 13, 0, 1, 0, 1, 1, 1, 1, 1, 0, 1, 1, 1, 1, 1, 0, 1, 1, 0, 1, 1, 1, 1, 1, 1, 1, 0]
Fitness: 1398.936683 	[4, 3, 9, 0, 11, 5, 6, 0, 2, 7, 12, 8, 10, 15, 14, 0, 1, 13, 0, 1, 0, 1, 1, 1, 1, 1, 0, 1, 1, 1, 1, 1, 0, 1, 1, 0, 1, 1, 1, 1, 1, 1, 1, 0]
Fitness: 1398.936683 	[4, 3, 9, 0, 11, 5, 6, 0, 2, 7, 12, 8, 10, 15, 14, 0, 1, 13, 0, 1, 0, 1, 1, 1, 1, 1, 0, 1, 1, 1, 1, 1, 0, 1, 1, 0, 1, 1, 1, 1, 1, 1, 1, 0]
Fitness: 1398.936683 	[4, 3, 9, 0, 11, 5, 6, 0, 2, 7, 12, 8, 10, 15, 14, 0, 1, 13, 0, 1, 0, 1, 1, 1, 1, 1, 0, 1, 1, 1, 1, 1, 0, 1, 1, 0, 1, 1, 1, 1, 1, 1, 1, 0]
Fitness: 1398.936683 	[4, 3, 9, 0, 11, 5, 6, 0, 2, 7, 12, 8, 10, 15, 14, 0, 1, 13, 0, 1, 0, 1, 1, 1, 1, 1, 0, 1, 1, 1, 1, 1, 0, 1, 1, 0, 1, 1, 1, 1, 1, 1, 1, 0]
Fitness: 1398.936683 	[4, 3, 9, 0, 11, 5, 6, 0, 2, 7, 12, 8, 10, 15, 14, 0, 1, 13, 0, 1, 0, 1, 1, 1, 1, 1, 0, 1, 1, 1, 1, 1, 0, 1, 1, 0, 1, 1, 1, 1, 1, 1, 1, 0]
Fitness: 1398.936683 	[4, 3, 9, 0, 11, 5, 6, 0, 2, 7, 12, 8, 10, 15, 14, 0, 1, 13, 0, 1, 0, 1, 1, 1, 1, 1, 0, 1, 1, 1, 1, 1, 0, 1, 1, 0, 1, 1, 1, 1, 1, 1, 1, 0]
Fitness: 1398.936683 	[4, 3, 9, 0, 11, 5, 6, 0, 2, 7, 12, 8, 10, 15, 14, 0, 1, 13, 0, 1, 0, 1, 1, 1, 1, 1, 0, 1, 1, 1, 1, 1, 0, 1, 1, 0, 1, 1, 1, 1, 1, 1, 1, 0]
Fitness: 1398.936683 	[4, 3, 9, 0, 11, 5, 6, 0, 2, 7, 12, 8, 10, 15, 14, 0, 1, 13, 0, 1, 0, 1, 1, 1, 1, 1, 0, 1, 1, 1, 1, 1, 0, 1, 1, 0, 1, 1, 1, 1, 1, 1, 1, 0]
Fitness: 1398.936683 	[4, 3, 9, 0, 11, 5, 6, 0, 2, 7, 12, 8, 10, 15, 14, 0, 1, 13, 0, 1, 0, 1, 1, 1, 1, 1, 0, 1, 1, 1, 1, 1, 0, 1, 1, 0, 1, 1, 1, 1, 1, 1, 1, 0]
Fitness: 1398.936683 	[4, 3, 9, 0, 11, 5, 6, 0, 2, 7, 12, 8, 10, 15, 14, 0, 1, 13, 0, 1, 0, 1, 1, 1, 1, 1, 0, 1, 1, 1, 1, 1, 0, 1, 1, 0, 1, 1, 1, 1, 1, 1, 1, 0]
Fitness: 1398.936683 	[4, 3, 9, 0, 11, 5, 6, 0, 2, 7, 12, 8, 10, 15, 14, 0, 1, 13, 0, 1, 0, 1, 1, 1, 1, 1, 0, 1, 1, 1, 1, 1, 0, 1, 1, 0, 1, 1, 1, 1, 1, 1, 1, 0]
Fitness: 1398.936683 	[4, 3, 9, 0, 11, 5, 6, 0, 2, 7, 12, 8, 10, 15, 14, 0, 1, 13, 0, 1, 0, 1, 1, 1, 1, 1, 0, 1, 1, 1, 1, 1, 0, 1, 1, 0, 1, 1, 1, 1, 1, 1, 1, 0]
Fitness: 1398.936683 	[4, 3, 6, 0, 11, 5, 9, 0, 2, 7, 12, 8, 10, 15, 14, 0, 1, 13, 0, 1, 0, 1, 1, 1, 1, 1, 0, 1, 1, 1, 1, 1, 0, 1, 1, 0, 1, 1, 1, 1, 1, 1, 1, 0]
Fitness: 1398.936683 	[4, 3, 9, 0, 11, 5, 6, 0, 2, 7, 12, 8, 10, 15, 14, 0, 1, 13, 0, 1, 0, 1, 1, 1, 1, 1, 0, 1, 1, 1, 1, 1, 0, 1, 1, 0, 1, 1, 1, 1, 1, 1, 1, 0]
Fitness: 1398.936683 	[4, 3, 9, 0, 11, 5, 6, 0, 2, 7, 12, 8, 10, 15, 14, 0, 1, 13, 0, 1, 0, 1, 1, 1, 1, 1, 0, 1, 1, 1, 1, 1, 0, 1, 1, 0, 1, 1, 1, 1, 1, 1, 1, 0]
Fitness: 1398.936683 	[4, 3, 9, 0, 11, 5, 6, 0, 2, 7, 12, 8, 10, 15, 14, 0, 1, 13, 0, 1, 0, 1, 1, 1, 1, 1, 0, 1, 1, 1, 1, 1, 0, 1, 1, 0, 1, 1, 1, 1, 1, 1, 1, 0]
Fitness: 1398.936683 	[4, 3, 9, 0, 11, 5, 6, 0, 2, 7, 12, 8, 10, 15, 14, 0, 1, 13, 0, 1, 0, 1, 1, 1, 1, 1, 0, 1, 1, 1, 1, 1, 0, 1, 1, 0, 1, 1, 1, 1, 1, 1, 1, 0]
Fitness: 1398.936683 	[4, 3, 9, 0, 11, 5, 6, 0, 2, 7, 12, 8, 10, 15, 14, 0, 1, 13, 0, 1, 0, 1, 1, 1, 1, 1, 0, 1, 1, 1, 1, 1, 0, 1, 1, 0, 1, 1, 1, 1, 1, 1, 1, 0]
Fitness: 1398.936683 	[4, 3, 9, 0, 11, 5, 6, 0, 2, 7, 12, 8, 10, 15, 14, 0, 1, 13, 0, 1, 0, 1, 1, 1, 1, 1, 0, 1, 1, 1, 1, 1, 0, 1, 1, 0, 1, 1, 1, 1, 1, 1, 1, 0]
Fitness: 1398.936683 	[4, 3, 6, 0, 11, 5, 9, 0, 2, 7, 12, 8, 10, 15, 14, 0, 1, 13, 0, 1, 0, 1, 1, 1, 1, 1, 0, 1, 1, 1, 1, 1, 0, 1, 1, 0, 1, 1, 1, 1, 1, 1, 1, 0]
Fitness: 1398.936683 	[4, 3, 9, 0, 11, 5, 6, 0, 2, 7, 12, 8, 10, 15, 14, 0, 1, 13, 0, 1, 0, 1, 1, 1, 1, 1, 0, 1, 1, 1, 1, 1, 0, 1, 1, 0, 1, 1, 1, 1, 1, 1, 1, 0]
Fitness: 1398.936683 	[4, 3, 9, 0, 11, 5, 6, 0, 2, 7, 12, 8, 10, 15, 14, 0, 1, 13, 0, 1, 0, 1, 1, 1, 1, 1, 0, 1, 1, 1, 1, 1, 0, 1, 1, 0, 1, 1, 1, 1, 1, 1, 1, 0]
Fitness: 1398.936683 	[4, 3, 9, 0, 11, 5, 6, 0, 2, 7, 12, 8, 10, 15, 14, 0, 1, 13, 0, 1, 0, 1, 1, 1, 1, 1, 0, 1, 1, 1, 1, 1, 0, 1, 1, 0, 1, 1, 1, 1, 1, 1, 1, 0]
Fitness: 1398.936683 	[4, 3, 9, 0, 11, 5, 6, 0, 2, 7, 12, 8, 10, 15, 14, 0, 1, 13, 0, 1, 0, 1, 1, 1, 1, 1, 0, 1, 1, 1, 1, 1, 0, 1, 1, 0, 1, 1, 1, 1, 1, 1, 1, 0]
Fitness: 1397.451309 	[11, 5, 9, 0, 4, 3, 0, 2, 7, 12, 8, 10, 15, 14, 6, 0, 1, 13, 0, 1, 0, 1, 1, 1, 1, 1, 0, 1, 1, 1, 1, 1, 0, 1, 1, 0, 1, 1, 1, 1, 1, 1, 1, 0]
Fitness: 1397.451309 	[11, 5, 9, 0, 4, 3, 0, 2, 7, 12, 8, 10, 15, 14, 6, 0, 1, 13, 0, 1, 0, 1, 1, 1, 1, 1, 0, 1, 1, 1, 1, 1, 0, 1, 1, 0, 1, 1, 1, 1, 1, 1, 1, 0]
Fitness: 1389.119922 	[4, 3, 0, 11, 5, 9, 0, 2, 7, 12, 8, 10, 15, 14, 6, 0, 1, 13, 0, 1, 0, 1, 1, 1, 1, 1, 0, 1, 1, 1, 1, 0, 1, 1, 1, 0, 1, 1, 1, 1, 1, 1, 1, 0]
Fitness: 1389.119922 	[4, 3, 0, 11, 5, 9, 0, 2, 7, 12, 8, 10, 15, 14, 6, 0, 1, 13, 0, 1, 0, 1, 1, 1, 1, 1, 0, 1, 1, 1, 1, 0, 1, 1, 1, 0, 1, 1, 1, 1, 1, 1, 1, 0]
Fitness: 1389.119922 	[4, 3, 0, 11, 5, 9, 0, 2, 7, 12, 8, 10, 15, 14, 6, 0, 1, 13, 0, 1, 0, 1, 1, 1, 1, 1, 0, 1, 1, 1, 1, 0, 1, 1, 1, 0, 1, 1, 1, 1, 1, 1, 1, 0]
Fitness: 1389.119922 	[4, 3, 0, 11, 5, 9, 0, 2, 7, 12, 8, 10, 15, 14, 6, 0, 1, 13, 0, 1, 0, 1, 1, 1, 1, 1, 0, 1, 1, 1, 1, 0, 1, 1, 1, 0, 1, 1, 1, 1, 1, 1, 1, 0]
Fitness: 1389.119922 	[4, 3, 0, 11, 5, 9, 0, 2, 7, 12, 8, 10, 15, 14, 6, 0, 1, 13, 0, 1, 0, 1, 1, 1, 1, 1, 0, 1, 1, 1, 1, 0, 1, 1, 1, 0, 1, 1, 1, 1, 1, 1, 1, 0]
Fitness: 1389.119922 	[4, 3, 0, 11, 5, 9, 0, 2, 7, 12, 8, 10, 15, 14, 6, 0, 1, 13, 0, 1, 0, 1, 1, 1, 1, 1, 0, 1, 1, 1, 1, 0, 1, 1, 1, 0, 1, 1, 1, 1, 1, 1, 1, 0]
Fitness: 1389.119922 	[4, 3, 0, 11, 5, 9, 0, 2, 7, 12, 8, 10, 15, 14, 6, 0, 1, 13, 0, 1, 0, 1, 1, 1, 1, 1, 0, 1, 1, 1, 1, 0, 1, 1, 1, 0, 1, 1, 1, 1, 1, 1, 1, 0]
Fitness: 1389.119922 	[4, 3, 0, 11, 5, 9, 0, 2, 7, 12, 8, 10, 15, 14, 6, 0, 1, 13, 0, 1, 0, 1, 1, 1, 1, 1, 0, 1, 1, 1, 1, 0, 1, 1, 1, 0, 1, 1, 1, 1, 1, 1, 1, 0]
Fitness: 1389.119922 	[4, 3, 0, 11, 5, 9, 0, 2, 7, 12, 8, 10, 15, 14, 6, 0, 1, 13, 0, 1, 0, 1, 1, 1, 1, 1, 0, 1, 1, 1, 1, 0, 1, 1, 1, 0, 1, 1, 1, 1, 1, 1, 1, 0]
Fitness: 1389.119922 	[4, 3, 0, 11, 5, 9, 0, 2, 7, 12, 8, 10, 15, 14, 6, 0, 1, 13, 0, 1, 0, 1, 1, 1, 1, 1, 0, 1, 1, 1, 1, 0, 1, 1, 1, 0, 1, 1, 1, 1, 1, 1, 1, 0]
Fitness: 1389.119922 	[11, 5, 9, 0, 4, 3, 0, 2, 7, 12, 8, 10, 15, 14, 6, 0, 1, 13, 0, 1, 0, 1, 1, 1, 1, 0, 1, 1, 1, 1, 1, 0, 1, 1, 1, 0, 1, 1, 1, 1, 1, 1, 1, 0]
Fitness: 1389.119922 	[11, 5, 9, 0, 4, 3, 0, 2, 7, 12, 8, 10, 15, 14, 6, 0, 1, 13, 0, 1, 0, 1, 1, 1, 1, 0, 1, 1, 1, 1, 1, 0, 1, 1, 1, 0, 1, 1, 1, 1, 1, 1, 1, 0]
Fitness: 1389.119922 	[11, 5, 9, 0, 4, 3, 0, 2, 7, 12, 8, 10, 15, 14, 6, 0, 1, 13, 0, 1, 0, 1, 1, 1, 1, 0, 1, 1, 1, 1, 1, 0, 1, 1, 1, 0, 1, 1, 1, 1, 1, 1, 1, 0]
Fitness: 1389.119922 	[11, 5, 9, 0, 4, 3, 0, 2, 7, 12, 8, 10, 15, 14, 6, 0, 1, 13, 0, 1, 0, 1, 1, 1, 1, 0, 1, 1, 1, 1, 1, 0, 1, 1, 1, 0, 1, 1, 1, 1, 1, 1, 1, 0]
Fitness: 1389.119922 	[11, 5, 9, 0, 4, 3, 0, 2, 7, 12, 8, 10, 15, 14, 6, 0, 1, 13, 0, 1, 0, 1, 1, 1, 1, 0, 1, 1, 1, 1, 1, 0, 1, 1, 1, 0, 1, 1, 1, 1, 1, 1, 1, 0]
Fitness: 1389.119922 	[11, 5, 9, 0, 4, 3, 0, 2, 7, 12, 8, 10, 15, 14, 6, 0, 1, 13, 0, 1, 0, 1, 1, 1, 1, 0, 1, 1, 1, 1, 1, 0, 1, 1, 1, 0, 1, 1, 1, 1, 1, 1, 1, 0]
Fitness: 1389.119922 	[11, 5, 9, 0, 4, 3, 0, 2, 7, 12, 8, 10, 15, 14, 6, 0, 1, 13, 0, 1, 0, 1, 1, 1, 1, 0, 1, 1, 1, 1, 1, 0, 1, 1, 1, 0, 1, 1, 1, 1, 1, 1, 1, 0]
Fitness: 1389.119922 	[11, 5, 9, 0, 4, 3, 0, 2, 7, 12, 8, 10, 15, 14, 6, 0, 1, 13, 0, 1, 0, 1, 1, 1, 1, 0, 1, 1, 1, 1, 1, 0, 1, 1, 1, 0, 1, 1, 1, 1, 1, 1, 1, 0]
Fitness: 1389.119922 	[11, 5, 9, 0, 4, 3, 0, 2, 7, 12, 8, 10, 15, 14, 6, 0, 1, 13, 0, 1, 0, 1, 1, 1, 1, 0, 1, 1, 1, 1, 1, 0, 1, 1, 1, 0, 1, 1, 1, 1, 1, 1, 1, 0]
Fitness: 1389.119922 	[11, 5, 9, 0, 4, 3, 0, 2, 7, 12, 8, 10, 15, 14, 6, 0, 1, 13, 0, 1, 0, 1, 1, 1, 1, 0, 1, 1, 1, 1, 1, 0, 1, 1, 1, 0, 1, 1, 1, 1, 1, 1, 1, 0]
Fitness: 1389.119922 	[11, 5, 9, 0, 4, 3, 0, 2, 7, 12, 8, 10, 15, 14, 6, 0, 1, 13, 0, 1, 0, 1, 1, 1, 1, 0, 1, 1, 1, 1, 1, 0, 1, 1, 1, 0, 1, 1, 1, 1, 1, 1, 1, 0]
Fitness: 1389.119922 	[11, 5, 9, 0, 4, 3, 0, 2, 7, 12, 8, 10, 15, 14, 6, 0, 1, 13, 0, 1, 0, 1, 1, 1, 1, 0, 1, 1, 1, 1, 1, 0, 1, 1, 1, 0, 1, 1, 1, 1, 1, 1, 1, 0]
Fitness: 1389.119922 	[11, 5, 9, 0, 4, 3, 0, 2, 7, 12, 8, 10, 15, 14, 6, 0, 1, 13, 0, 1, 0, 1, 1, 1, 1, 0, 1, 1, 1, 1, 1, 0, 1, 1, 1, 0, 1, 1, 1, 1, 1, 1, 1, 0]
Fitness: 1389.119922 	[11, 5, 9, 0, 4, 3, 0, 2, 7, 12, 8, 10, 15, 14, 6, 0, 1, 13, 0, 1, 0, 1, 1, 1, 1, 0, 1, 1, 1, 1, 1, 0, 1, 1, 1, 0, 1, 1, 1, 1, 1, 1, 1, 0]
Fitness: 1389.119922 	[11, 5, 9, 0, 4, 3, 0, 2, 7, 12, 8, 10, 15, 14, 6, 0, 1, 13, 0, 1, 0, 1, 1, 1, 1, 0, 1, 1, 1, 1, 1, 0, 1, 1, 1, 0, 1, 1, 1, 1, 1, 1, 1, 0]
Fitness: 1389.119922 	[11, 5, 9, 0, 4, 3, 0, 2, 7, 12, 8, 10, 15, 14, 6, 0, 1, 13, 0, 1, 0, 1, 1, 1, 1, 0, 1, 1, 1, 1, 1, 0, 1, 1, 1, 0, 1, 1, 1, 1, 1, 1, 1, 0]
Fitness: 1389.119922 	[11, 5, 9, 0, 4, 3, 0, 2, 7, 12, 8, 10, 15, 14, 6, 0, 1, 13, 0, 1, 0, 1, 1, 1, 1, 0, 1, 1, 1, 1, 1, 0, 1, 1, 1, 0, 1, 1, 1, 1, 1, 1, 1, 0]
Fitness: 1389.119922 	[11, 5, 9, 0, 4, 3, 0, 2, 7, 12, 8, 10, 15, 14, 6, 0, 1, 13, 0, 1, 0, 1, 1, 1, 1, 0, 1, 1, 1, 1, 1, 0, 1, 1, 1, 0, 1, 1, 1, 1, 1, 1, 1, 0]
Fitness: 1389.119922 	[11, 5, 9, 0, 4, 3, 0, 2, 7, 12, 8, 10, 15, 14, 6, 0, 1, 13, 0, 1, 0, 1, 1, 1, 1, 0, 1, 1, 1, 1, 1, 0, 1, 1, 1, 0, 1, 1, 1, 1, 1, 1, 1, 0]
Fitness: 1387.455918 	[4, 3, 0, 11, 5, 6, 0, 2, 7, 12, 8, 10, 15, 14, 9, 0, 1, 13, 0, 1, 0, 1, 1, 1, 1, 1, 0, 1, 1, 1, 1, 1, 0, 1, 1, 1, 0, 1, 1, 1, 1, 1, 1, 0]
Fitness: 1386.386283 	[11, 5, 9, 0, 4, 3, 6, 0, 2, 7, 12, 8, 10, 15, 14, 0, 1, 13, 0, 1, 0, 1, 1, 1, 1, 1, 0, 1, 1, 1, 1, 0, 1, 1, 1, 0, 1, 1, 1, 1, 1, 1, 1, 0]
Fitness: 1386.386283 	[11, 5, 9, 0, 4, 3, 6, 0, 2, 7, 12, 8, 10, 15, 14, 0, 1, 13, 0, 1, 0, 1, 1, 1, 1, 1, 0, 1, 1, 1, 1, 0, 1, 1, 1, 0, 1, 1, 1, 1, 1, 1, 1, 0]
Fitness: 1386.386283 	[11, 5, 9, 0, 4, 3, 6, 0, 2, 7, 12, 8, 10, 15, 14, 0, 1, 13, 0, 1, 0, 1, 1, 1, 1, 1, 0, 1, 1, 1, 1, 0, 1, 1, 1, 0, 1, 1, 1, 1, 1, 1, 1, 0]
Fitness: 1386.386283 	[4, 3, 6, 0, 11, 5, 9, 0, 2, 7, 12, 8, 10, 15, 14, 0, 1, 13, 0, 1, 0, 1, 1, 1, 1, 0, 1, 1, 1, 1, 1, 0, 1, 1, 1, 0, 1, 1, 1, 1, 1, 1, 1, 0]
Fitness: 1386.386283 	[4, 3, 6, 0, 11, 5, 9, 0, 2, 7, 12, 8, 10, 15, 14, 0, 1, 13, 0, 1, 0, 1, 1, 1, 1, 0, 1, 1, 1, 1, 1, 0, 1, 1, 1, 0, 1, 1, 1, 1, 1, 1, 1, 0]
Fitness: 1386.086913 	[4, 3, 9, 0, 11, 5, 6, 0, 2, 7, 12, 8, 10, 15, 14, 0, 1, 13, 0, 1, 0, 1, 1, 1, 1, 1, 0, 1, 1, 1, 1, 0, 1, 1, 1, 0, 1, 1, 1, 1, 1, 1, 1, 0]
Fitness: 1386.086913 	[4, 3, 9, 0, 11, 5, 6, 0, 2, 7, 12, 8, 10, 15, 14, 0, 1, 13, 0, 1, 0, 1, 1, 1, 1, 1, 0, 1, 1, 1, 1, 0, 1, 1, 1, 0, 1, 1, 1, 1, 1, 1, 1, 0]
Fitness: 1386.086913 	[4, 3, 9, 0, 11, 5, 6, 0, 2, 7, 12, 8, 10, 15, 14, 0, 1, 13, 0, 1, 0, 1, 1, 1, 1, 1, 0, 1, 1, 1, 1, 0, 1, 1, 1, 0, 1, 1, 1, 1, 1, 1, 1, 0]
Fitness: 1386.086913 	[4, 3, 9, 0, 11, 5, 6, 0, 2, 7, 12, 8, 10, 15, 14, 0, 1, 13, 0, 1, 0, 1, 1, 1, 1, 1, 0, 1, 1, 1, 1, 0, 1, 1, 1, 0, 1, 1, 1, 1, 1, 1, 1, 0]
Fitness: 1386.086913 	[4, 3, 9, 0, 11, 5, 6, 0, 2, 7, 12, 8, 10, 15, 14, 0, 1, 13, 0, 1, 0, 1, 1, 1, 1, 1, 0, 1, 1, 1, 1, 0, 1, 1, 1, 0, 1, 1, 1, 1, 1, 1, 1, 0]
Fitness: 1386.086913 	[4, 3, 9, 0, 11, 5, 6, 0, 2, 7, 12, 8, 10, 15, 14, 0, 1, 13, 0, 1, 0, 1, 1, 1, 1, 1, 0, 1, 1, 1, 1, 0, 1, 1, 1, 0, 1, 1, 1, 1, 1, 1, 1, 0]
Fitness: 1386.086913 	[4, 3, 9, 0, 11, 5, 6, 0, 2, 7, 12, 8, 10, 15, 14, 0, 1, 13, 0, 1, 0, 1, 1, 1, 1, 1, 0, 1, 1, 1, 1, 0, 1, 1, 1, 0, 1, 1, 1, 1, 1, 1, 1, 0]
Fitness: 1386.086913 	[4, 3, 9, 0, 11, 5, 6, 0, 2, 7, 12, 8, 10, 15, 14, 0, 1, 13, 0, 1, 0, 1, 1, 1, 1, 1, 0, 1, 1, 1, 1, 0, 1, 1, 1, 0, 1, 1, 1, 1, 1, 1, 1, 0]
Fitness: 1386.086913 	[4, 3, 9, 0, 11, 5, 6, 0, 2, 7, 12, 8, 10, 15, 14, 0, 1, 13, 0, 1, 0, 1, 1, 1, 1, 1, 0, 1, 1, 1, 1, 0, 1, 1, 1, 0, 1, 1, 1, 1, 1, 1, 1, 0]
Fitness: 1386.086913 	[4, 3, 9, 0, 11, 5, 6, 0, 2, 7, 12, 8, 10, 15, 14, 0, 1, 13, 0, 1, 0, 1, 1, 1, 1, 1, 0, 1, 1, 1, 1, 0, 1, 1, 1, 0, 1, 1, 1, 1, 1, 1, 1, 0]
Fitness: 1386.086913 	[4, 3, 9, 0, 11, 5, 6, 0, 2, 7, 12, 8, 10, 15, 14, 0, 1, 13, 0, 1, 0, 1, 1, 1, 1, 1, 0, 1, 1, 1, 1, 0, 1, 1, 1, 0, 1, 1, 1, 1, 1, 1, 1, 0]
Fitness: 1386.086913 	[4, 3, 9, 0, 11, 5, 6, 0, 2, 7, 12, 8, 10, 15, 14, 0, 1, 13, 0, 1, 0, 1, 1, 1, 1, 1, 0, 1, 1, 1, 1, 0, 1, 1, 1, 0, 1, 1, 1, 1, 1, 1, 1, 0]
Fitness: 1386.086913 	[4, 3, 9, 0, 11, 5, 6, 0, 2, 7, 12, 8, 10, 15, 14, 0, 1, 13, 0, 1, 0, 1, 1, 1, 1, 1, 0, 1, 1, 1, 1, 0, 1, 1, 1, 0, 1, 1, 1, 1, 1, 1, 1, 0]
Fitness: 1386.086913 	[4, 3, 9, 0, 11, 5, 6, 0, 2, 7, 12, 8, 10, 15, 14, 0, 1, 13, 0, 1, 0, 1, 1, 1, 1, 1, 0, 1, 1, 1, 1, 0, 1, 1, 1, 0, 1, 1, 1, 1, 1, 1, 1, 0]
Fitness: 1386.086913 	[4, 3, 9, 0, 11, 5, 6, 0, 2, 7, 12, 8, 10, 15, 14, 0, 1, 13, 0, 1, 0, 1, 1, 1, 1, 1, 0, 1, 1, 1, 1, 0, 1, 1, 1, 0, 1, 1, 1, 1, 1, 1, 1, 0]
Fitness: 1386.086913 	[4, 3, 9, 0, 11, 5, 6, 0, 2, 7, 12, 8, 10, 15, 14, 0, 1, 13, 0, 1, 0, 1, 1, 1, 1, 1, 0, 1, 1, 1, 1, 0, 1, 1, 1, 0, 1, 1, 1, 1, 1, 1, 1, 0]
Fitness: 1386.086913 	[4, 3, 9, 0, 11, 5, 6, 0, 2, 7, 12, 8, 10, 15, 14, 0, 1, 13, 0, 1, 0, 1, 1, 1, 1, 1, 0, 1, 1, 1, 1, 0, 1, 1, 1, 0, 1, 1, 1, 1, 1, 1, 1, 0]
Fitness: 1385.996060 	[11, 5, 6, 0, 4, 3, 9, 0, 2, 7, 12, 8, 10, 15, 14, 0, 1, 13, 0, 1, 0, 1, 1, 1, 1, 1, 0, 1, 1, 1, 1, 0, 1, 1, 1, 0, 1, 1, 1, 1, 1, 1, 1, 0]
Fitness: 1385.996060 	[11, 5, 6, 0, 4, 3, 9, 0, 2, 7, 12, 8, 10, 15, 14, 0, 1, 13, 0, 1, 0, 1, 1, 1, 1, 1, 0, 1, 1, 1, 1, 0, 1, 1, 1, 0, 1, 1, 1, 1, 1, 1, 1, 0]
Fitness: 1385.996060 	[11, 5, 6, 0, 4, 3, 9, 0, 2, 7, 12, 8, 10, 15, 14, 0, 1, 13, 0, 1, 0, 1, 1, 1, 1, 1, 0, 1, 1, 1, 1, 0, 1, 1, 1, 0, 1, 1, 1, 1, 1, 1, 1, 0]
Fitness: 1385.996060 	[11, 5, 6, 0, 4, 3, 9, 0, 2, 7, 12, 8, 10, 15, 14, 0, 1, 13, 0, 1, 0, 1, 1, 1, 1, 1, 0, 1, 1, 1, 1, 0, 1, 1, 1, 0, 1, 1, 1, 1, 1, 1, 1, 0]
Fitness: 1385.996060 	[4, 3, 9, 0, 11, 5, 6, 0, 2, 7, 12, 8, 10, 15, 14, 0, 1, 13, 0, 1, 0, 1, 1, 1, 1, 0, 1, 1, 1, 1, 1, 0, 1, 1, 1, 0, 1, 1, 1, 1, 1, 1, 1, 0]
Fitness: 1385.996060 	[4, 3, 9, 0, 11, 5, 6, 0, 2, 7, 12, 8, 10, 15, 14, 0, 1, 13, 0, 1, 0, 1, 1, 1, 1, 0, 1, 1, 1, 1, 1, 0, 1, 1, 1, 0, 1, 1, 1, 1, 1, 1, 1, 0]
Fitness: 1385.996060 	[4, 3, 9, 0, 11, 5, 6, 0, 2, 7, 12, 8, 10, 15, 14, 0, 1, 13, 0, 1, 0, 1, 1, 1, 1, 0, 1, 1, 1, 1, 1, 0, 1, 1, 1, 0, 1, 1, 1, 1, 1, 1, 1, 0]
Fitness: 1385.869355 	[11, 5, 9, 0, 4, 3, 0, 2, 7, 12, 8, 10, 15, 14, 6, 0, 1, 13, 0, 1, 0, 1, 1, 1, 1, 1, 0, 1, 1, 1, 1, 0, 1, 1, 1, 0, 1, 1, 1, 1, 1, 1, 1, 0]
Fitness: 1385.869355 	[11, 5, 9, 0, 4, 3, 0, 2, 7, 12, 8, 10, 15, 14, 6, 0, 1, 13, 0, 1, 0, 1, 1, 1, 1, 1, 0, 1, 1, 1, 1, 0, 1, 1, 1, 0, 1, 1, 1, 1, 1, 1, 1, 0]
Fitness: 1385.869355 	[11, 5, 9, 0, 4, 3, 0, 2, 7, 12, 8, 10, 15, 14, 6, 0, 1, 13, 0, 1, 0, 1, 1, 1, 1, 1, 0, 1, 1, 1, 1, 0, 1, 1, 1, 0, 1, 1, 1, 1, 1, 1, 1, 0]
Fitness: 1385.869355 	[11, 5, 9, 0, 4, 3, 0, 2, 7, 12, 8, 10, 15, 14, 6, 0, 1, 13, 0, 1, 0, 1, 1, 1, 1, 1, 0, 1, 1, 1, 1, 0, 1, 1, 1, 0, 1, 1, 1, 1, 1, 1, 1, 0]
Fitness: 1389.119922 	[2, 6, 7, 0, 11, 5, 9, 0, 4, 3, 0, 1, 13, 8, 10, 12, 14, 15, 0, 1, 0, 1, 1, 1, 1, 0, 1, 1, 1, 1, 1, 0, 1, 1, 1, 0, 1, 1, 1, 1, 1, 1, 1, 0]
Fitness: 1398.936683 	[4, 3, 9, 0, 11, 5, 6, 0, 2, 7, 12, 8, 10, 15, 14, 0, 1, 13, 0, 1, 0, 1, 1, 1, 1, 1, 0, 1, 1, 1, 1, 1, 0, 1, 1, 0, 1, 1, 1, 1, 1, 1, 1, 0]
Fitness: 1389.119922 	[4, 3, 0, 11, 5, 9, 0, 2, 7, 12, 8, 10, 15, 14, 6, 0, 1, 13, 0, 1, 0, 1, 1, 1, 1, 1, 0, 1, 1, 1, 1, 0, 1, 1, 1, 0, 1, 1, 1, 1, 1, 1, 1, 0]
Fitness: 1398.936683 	[2, 6, 0, 11, 5, 7, 0, 4, 3, 9, 0, 1, 13, 8, 10, 12, 14, 15, 0, 1, 0, 1, 1, 1, 1, 1, 0, 1, 1, 1, 1, 1, 0, 1, 1, 0, 1, 1, 1, 1, 1, 1, 1, 0]
Fitness: 1385.996060 	[4, 3, 9, 0, 11, 5, 6, 0, 2, 7, 12, 8, 10, 15, 14, 0, 1, 13, 0, 1, 0, 1, 1, 1, 1, 1, 0, 1, 1, 1, 1, 0, 1, 1, 1, 0, 1, 1, 1, 1, 1, 1, 1, 0]
Fitness: 1386.086913 	[4, 3, 9, 0, 11, 5, 6, 0, 2, 7, 12, 8, 10, 15, 14, 0, 1, 13, 0, 1, 0, 1, 1, 1, 1, 1, 0, 1, 1, 1, 1, 0, 1, 1, 1, 0, 1, 1, 1, 1, 1, 1, 1, 0]
Fitness: 1385.996060 	[4, 3, 9, 0, 11, 5, 6, 0, 2, 7, 12, 8, 10, 15, 14, 0, 1, 13, 0, 1, 0, 1, 1, 1, 1, 0, 1, 1, 1, 1, 1, 0, 1, 1, 1, 0, 1, 1, 1, 1, 1, 1, 1, 0]
Fitness: 1398.936683 	[4, 3, 9, 0, 11, 5, 6, 0, 2, 7, 12, 8, 10, 15, 14, 0, 1, 13, 0, 1, 0, 1, 1, 1, 1, 1, 0, 1, 1, 1, 1, 0, 1, 1, 1, 0, 1, 1, 1, 1, 1, 1, 1, 0]
Fitness: 1386.086913 	[4, 3, 9, 0, 11, 5, 6, 0, 2, 7, 12, 8, 10, 15, 14, 0, 1, 13, 0, 1, 0, 1, 1, 1, 1, 1, 0, 1, 1, 1, 1, 0, 1, 1, 1, 0, 1, 1, 1, 1, 1, 1, 1, 0]
Fitness: 1398.936683 	[2, 5, 6, 0, 4, 3, 9, 0, 1, 13, 0, 7, 8, 10, 11, 12, 14, 15, 0, 1, 0, 1, 1, 1, 1, 1, 0, 1, 1, 1, 1, 1, 0, 1, 1, 0, 1, 1, 1, 1, 1, 1, 1, 0]
Fitness: 1385.869355 	[11, 5, 9, 0, 4, 3, 0, 2, 7, 12, 8, 10, 15, 14, 6, 0, 1, 13, 0, 1, 0, 1, 1, 1, 1, 1, 0, 1, 1, 1, 1, 1, 0, 1, 1, 0, 1, 1, 1, 1, 1, 1, 1, 0]
Fitness: 1398.936683 	[4, 3, 9, 0, 11, 5, 6, 0, 2, 7, 12, 8, 10, 15, 14, 0, 1, 13, 0, 1, 0, 1, 1, 1, 1, 1, 0, 1, 1, 1, 1, 1, 0, 1, 1, 0, 1, 1, 1, 1, 1, 1, 1, 0]
Fitness: 1385.869355 	[1, 2, 7, 0, 8, 10, 6, 0, 4, 3, 0, 11, 5, 9, 12, 13, 14, 15, 0, 1, 0, 1, 1, 1, 1, 1, 0, 1, 1, 1, 1, 0, 1, 1, 1, 0, 1, 1, 1, 1, 1, 1, 1, 0]
Fitness: 1385.869355 	[11, 5, 9, 0, 4, 3, 0, 2, 7, 12, 8, 10, 15, 14, 6, 0, 1, 13, 0, 1, 0, 1, 1, 1, 1, 1, 0, 1, 1, 1, 1, 0, 1, 1, 1, 0, 1, 1, 1, 1, 1, 1, 1, 0]
Fitness: 1389.119922 	[11, 5, 9, 0, 4, 3, 0, 2, 7, 12, 8, 10, 15, 14, 6, 0, 1, 13, 0, 1, 0, 1, 1, 1, 1, 0, 1, 1, 1, 1, 1, 0, 1, 1, 1, 0, 1, 1, 1, 1, 1, 1, 1, 0]
Fitness: 1385.869355 	[1, 2, 6, 0, 7, 8, 0, 4, 3, 0, 11, 5, 9, 10, 12, 13, 14, 15, 0, 1, 0, 1, 1, 1, 1, 1, 0, 1, 1, 1, 1, 0, 1, 1, 1, 0, 1, 1, 1, 1, 1, 1, 1, 0]
Fitness: 1389.119922 	[4, 3, 0, 11, 5, 9, 0, 2, 7, 12, 8, 10, 15, 14, 6, 0, 1, 13, 0, 1, 0, 1, 1, 1, 1, 1, 0, 1, 1, 1, 1, 0, 1, 1, 1, 0, 1, 1, 1, 1, 1, 1, 1, 0]
Fitness: 1398.936683 	[11, 5, 6, 0, 4, 3, 9, 0, 2, 7, 12, 8, 10, 15, 14, 0, 1, 13, 0, 1, 0, 1, 1, 1, 1, 1, 0, 1, 1, 1, 1, 1, 0, 1, 1, 0, 1, 1, 1, 1, 1, 1, 1, 0]
Fitness: 1389.119922 	[2, 7, 12, 8, 0, 1, 13, 0, 3, 4, 5, 9, 11, 0, 10, 15, 14, 6, 0, 1, 0, 1, 1, 1, 1, 1, 0, 1, 1, 1, 1, 0, 1, 1, 1, 0, 1, 1, 1, 1, 1, 1, 1, 0]
Fitness: 1386.086913 	[4, 3, 9, 0, 11, 5, 6, 0, 2, 7, 12, 8, 10, 15, 14, 0, 1, 13, 0, 1, 0, 1, 1, 1, 1, 1, 0, 1, 1, 1, 1, 0, 1, 1, 1, 0, 1, 1, 1, 1, 1, 1, 1, 0]
Fitness: 1398.936683 	[4, 3, 9, 0, 11, 5, 6, 0, 2, 7, 12, 8, 10, 15, 14, 0, 1, 13, 0, 1, 0, 1, 1, 1, 1, 1, 0, 1, 1, 1, 1, 1, 0, 1, 1, 0, 1, 1, 1, 1, 1, 1, 1, 0]
Fitness: 1386.086913 	[4, 3, 9, 0, 11, 5, 6, 0, 2, 7, 12, 8, 10, 15, 14, 0, 1, 13, 0, 1, 0, 1, 1, 1, 1, 1, 0, 1, 1, 1, 1, 0, 1, 1, 1, 0, 1, 1, 1, 1, 1, 1, 1, 0]
Fitness: 1398.936683 	[11, 5, 6, 0, 4, 3, 9, 0, 2, 7, 12, 8, 10, 15, 14, 0, 1, 13, 0, 1, 0, 1, 1, 1, 1, 1, 0, 1, 1, 1, 1, 1, 0, 1, 1, 0, 1, 1, 1, 1, 1, 1, 1, 0]
Fitness: 1389.119922 	[11, 5, 9, 0, 4, 3, 0, 2, 7, 12, 8, 10, 15, 14, 6, 0, 1, 13, 0, 1, 0, 1, 1, 1, 1, 0, 1, 1, 1, 1, 1, 0, 1, 1, 1, 0, 1, 1, 1, 1, 1, 1, 1, 0]
Fitness: 1398.936683 	[2, 7, 8, 0, 4, 3, 9, 0, 11, 5, 6, 0, 1, 13, 10, 12, 14, 15, 0, 1, 0, 1, 1, 1, 1, 1, 0, 1, 1, 1, 1, 1, 0, 1, 1, 0, 1, 1, 1, 1, 1, 1, 1, 0]
Fitness: 1398.936683 	[11, 5, 6, 0, 4, 3, 9, 0, 2, 7, 12, 8, 10, 15, 14, 0, 1, 13, 0, 1, 0, 1, 1, 1, 1, 0, 1, 1, 1, 1, 1, 1, 0, 1, 1, 0, 1, 1, 1, 1, 1, 1, 1, 0]
Fitness: 1389.119922 	[11, 5, 9, 0, 4, 3, 0, 2, 7, 12, 8, 10, 15, 14, 6, 0, 1, 13, 0, 1, 0, 1, 1, 1, 1, 0, 1, 1, 1, 1, 1, 0, 1, 1, 1, 0, 1, 1, 1, 1, 1, 1, 1, 0]
Fitness: 1398.936683 	[1, 2, 7, 0, 8, 10, 0, 11, 5, 6, 0, 4, 3, 9, 12, 13, 14, 15, 0, 1, 0, 1, 1, 1, 1, 1, 0, 1, 1, 1, 1, 1, 0, 1, 1, 0, 1, 1, 1, 1, 1, 1, 1, 0]
Fitness: 1389.119922 	[2, 7, 12, 8, 0, 1, 13, 0, 3, 4, 5, 9, 11, 0, 10, 15, 14, 6, 0, 1, 0, 1, 1, 1, 1, 1, 0, 1, 1, 1, 1, 0, 1, 1, 1, 0, 1, 1, 1, 1, 1, 1, 1, 0]
Fitness: 1398.936683 	[4, 3, 9, 0, 11, 5, 6, 0, 2, 7, 12, 8, 10, 15, 14, 0, 1, 13, 0, 1, 0, 1, 1, 1, 1, 1, 0, 1, 1, 1, 1, 1, 0, 1, 1, 0, 1, 1, 1, 1, 1, 1, 1, 0]
Fitness: 1398.936683 	[4, 3, 9, 0, 11, 5, 6, 0, 2, 7, 12, 8, 10, 15, 14, 0, 1, 13, 0, 1, 0, 1, 1, 1, 1, 1, 0, 1, 1, 1, 1, 1, 0, 1, 1, 0, 1, 1, 1, 1, 1, 1, 1, 0]
Fitness: 1398.936683 	[4, 3, 9, 0, 11, 5, 6, 0, 1, 13, 0, 2, 7, 12, 8, 10, 15, 14, 0, 1, 0, 1, 1, 1, 1, 1, 0, 1, 1, 1, 1, 1, 0, 1, 1, 0, 1, 1, 1, 1, 1, 1, 1, 0]
Fitness: 1387.455918 	[4, 3, 0, 11, 5, 6, 0, 2, 7, 12, 8, 10, 15, 14, 9, 0, 1, 13, 0, 1, 0, 1, 1, 1, 1, 1, 0, 1, 1, 1, 1, 1, 0, 1, 1, 0, 1, 1, 1, 1, 1, 1, 1, 0]
Fitness: 1398.936683 	[4, 3, 9, 0, 11, 5, 6, 0, 2, 7, 12, 8, 10, 15, 14, 0, 1, 13, 0, 1, 0, 1, 1, 1, 1, 1, 0, 1, 1, 1, 1, 1, 0, 1, 1, 0, 1, 1, 1, 1, 1, 1, 1, 0]
Fitness: 1387.455918 	[4, 3, 0, 11, 5, 6, 0, 2, 7, 12, 8, 10, 15, 14, 0, 1, 13, 9, 0, 1, 0, 1, 1, 1, 1, 1, 0, 1, 1, 1, 1, 1, 0, 1, 1, 1, 0, 1, 1, 1, 1, 1, 1, 0]
Fitness: 1398.936683 	[11, 5, 6, 0, 4, 3, 9, 0, 2, 7, 12, 8, 10, 15, 14, 0, 1, 13, 0, 1, 0, 1, 1, 1, 1, 1, 0, 1, 1, 1, 1, 1, 0, 1, 1, 0, 1, 1, 1, 1, 1, 1, 1, 0]
Fitness: 1386.086913 	[4, 3, 9, 0, 11, 5, 6, 0, 2, 7, 12, 8, 10, 15, 14, 0, 1, 13, 0, 1, 0, 1, 1, 1, 1, 1, 0, 1, 1, 1, 1, 0, 1, 1, 1, 0, 1, 1, 1, 1, 1, 1, 1, 0]
Fitness: 1398.936683 	[4, 3, 9, 0, 2, 7, 8, 0, 11, 5, 6, 0, 1, 13, 10, 12, 14, 15, 0, 1, 0, 1, 1, 1, 1, 1, 0, 1, 1, 1, 1, 1, 0, 1, 1, 0, 1, 1, 1, 1, 1, 1, 1, 0]
Fitness: 1397.451309 	[11, 5, 9, 0, 4, 3, 0, 2, 7, 12, 8, 10, 15, 14, 6, 0, 1, 13, 0, 1, 0, 1, 1, 1, 1, 1, 0, 1, 1, 1, 1, 1, 0, 1, 1, 0, 1, 1, 1, 1, 1, 1, 1, 0]
Fitness: 1386.086913 	[4, 3, 9, 0, 11, 5, 6, 0, 2, 7, 12, 8, 10, 15, 14, 0, 1, 13, 0, 1, 0, 1, 1, 1, 1, 1, 0, 1, 1, 1, 1, 0, 1, 1, 1, 0, 1, 1, 1, 1, 1, 1, 1, 0]
Fitness: 1397.451309 	[4, 3, 0, 11, 5, 9, 0, 2, 7, 12, 8, 10, 15, 14, 6, 0, 1, 13, 0, 1, 0, 1, 1, 1, 1, 1, 0, 1, 1, 1, 1, 1, 0, 1, 1, 0, 1, 1, 1, 1, 1, 1, 1, 0]
Fitness: 1386.086913 	[4, 3, 9, 0, 2, 7, 12, 8, 10, 15, 14, 0, 11, 5, 6, 0, 1, 13, 0, 1, 0, 1, 1, 1, 1, 1, 0, 1, 1, 1, 1, 0, 1, 1, 1, 0, 1, 1, 1, 1, 1, 1, 1, 0]
Fitness: 1389.119922 	[4, 3, 0, 11, 5, 9, 0, 2, 7, 12, 8, 10, 15, 14, 6, 0, 1, 13, 0, 1, 0, 1, 1, 1, 1, 1, 0, 1, 1, 1, 1, 0, 1, 1, 1, 0, 1, 1, 1, 1, 1, 1, 1, 0]
Fitness: 1386.086913 	[4, 3, 9, 0, 11, 5, 6, 0, 2, 7, 12, 8, 10, 15, 14, 0, 1, 13, 0, 1, 0, 1, 1, 1, 1, 1, 0, 1, 1, 1, 1, 0, 1, 1, 1, 0, 1, 1, 1, 1, 1, 1, 1, 0]
Fitness: 1389.119922 	[4, 3, 0, 11, 5, 9, 0, 2, 7, 12, 8, 10, 15, 14, 0, 1, 13, 6, 0, 1, 0, 1, 1, 1, 1, 1, 0, 1, 1, 1, 1, 0, 1, 1, 1, 0, 1, 1, 1, 1, 1, 1, 1, 0]
Fitness: 1389.119922 	[11, 5, 9, 0, 4, 3, 0, 2, 7, 12, 8, 10, 15, 14, 6, 0, 1, 13, 0, 1, 0, 1, 1, 1, 1, 0, 1, 1, 1, 1, 1, 0, 1, 1, 1, 0, 1, 1, 1, 1, 1, 1, 1, 0]
Fitness: 1389.119922 	[11, 5, 9, 0, 4, 3, 0, 2, 7, 12, 8, 10, 15, 14, 6, 0, 1, 13, 0, 1, 0, 1, 1, 1, 1, 0, 1, 1, 1, 1, 1, 0, 1, 1, 1, 0, 1, 1, 1, 1, 1, 1, 1, 0]
Fitness: 1389.119922 	[11, 5, 9, 0, 1, 13, 0, 2, 7, 12, 8, 10, 15, 14, 6, 0, 3, 4, 0, 1, 0, 1, 1, 1, 1, 0, 1, 1, 1, 1, 1, 0, 1, 1, 1, 0, 1, 1, 1, 1, 1, 1, 1, 0]
Fitness: 1389.119922 	[4, 3, 0, 11, 5, 9, 0, 2, 7, 12, 8, 10, 15, 14, 6, 0, 1, 13, 0, 1, 0, 1, 1, 1, 1, 1, 0, 1, 1, 1, 1, 0, 1, 1, 1, 0, 1, 1, 1, 1, 1, 1, 1, 0]
Fitness: 1389.119922 	[4, 3, 0, 11, 5, 9, 0, 2, 7, 12, 8, 10, 15, 14, 6, 0, 1, 13, 0, 1, 0, 1, 1, 1, 1, 1, 0, 1, 1, 1, 1, 0, 1, 1, 1, 0, 1, 1, 1, 1, 1, 1, 1, 0]
Fitness: 1389.119922 	[2, 5, 0, 1, 13, 0, 4, 3, 0, 6, 7, 8, 9, 10, 11, 12, 14, 15, 0, 1, 0, 1, 1, 1, 1, 1, 0, 1, 1, 1, 1, 0, 1, 1, 1, 0, 1, 1, 1, 1, 1, 1, 1, 0]
Fitness: 1398.936683 	[11, 5, 6, 0, 4, 3, 9, 0, 2, 7, 12, 8, 10, 15, 14, 0, 1, 13, 0, 1, 0, 1, 1, 1, 1, 1, 0, 1, 1, 1, 1, 0, 1, 1, 1, 0, 1, 1, 1, 1, 1, 1, 1, 0]
Fitness: 1389.119922 	[11, 5, 9, 0, 4, 3, 0, 2, 7, 12, 8, 10, 15, 14, 6, 0, 1, 13, 0, 1, 0, 1, 1, 1, 1, 0, 1, 1, 1, 1, 1, 0, 1, 1, 1, 0, 1, 1, 1, 1, 1, 1, 1, 0]
Fitness: 1398.936683 	[2, 7, 9, 0, 4, 3, 0, 11, 5, 6, 0, 1, 13, 8, 10, 12, 14, 15, 0, 1, 0, 1, 1, 1, 1, 1, 0, 1, 1, 1, 1, 1, 0, 1, 1, 0, 1, 1, 1, 1, 1, 1, 1, 0]
Fitness: 1385.996060 	[11, 5, 6, 0, 4, 3, 9, 0, 2, 7, 12, 8, 10, 15, 14, 0, 1, 13, 0, 1, 0, 1, 1, 1, 1, 1, 0, 1, 1, 1, 1, 0, 1, 1, 1, 0, 1, 1, 1, 1, 1, 1, 1, 0]
Fitness: 1389.119922 	[11, 5, 9, 0, 4, 3, 0, 2, 7, 12, 8, 10, 15, 14, 6, 0, 1, 13, 0, 1, 0, 1, 1, 1, 1, 0, 1, 1, 1, 1, 1, 0, 1, 1, 1, 0, 1, 1, 1, 1, 1, 1, 1, 0]
Fitness: 1385.996060 	[11, 5, 9, 0, 2, 7, 12, 8, 10, 15, 14, 0, 1, 13, 0, 3, 4, 6, 0, 1, 0, 1, 1, 1, 1, 1, 0, 1, 1, 1, 1, 0, 1, 1, 1, 0, 1, 1, 1, 1, 1, 1, 1, 0]
Fitness: 1389.119922 	[11, 5, 9, 0, 4, 3, 0, 2, 7, 12, 8, 10, 15, 14, 6, 0, 1, 13, 0, 1, 0, 1, 1, 1, 1, 0, 1, 1, 1, 1, 1, 1, 0, 1, 1, 0, 1, 1, 1, 1, 1, 1, 1, 0]
Fitness: 1398.936683 	[11, 5, 6, 0, 4, 3, 9, 0, 2, 7, 12, 8, 10, 15, 14, 0, 1, 13, 0, 1, 0, 1, 1, 1, 1, 1, 0, 1, 1, 1, 1, 1, 0, 1, 1, 0, 1, 1, 1, 1, 1, 1, 1, 0]
Fitness: 1389.119922 	[2, 7, 12, 8, 10, 15, 14, 6, 0, 11, 5, 9, 0, 3, 4, 0, 1, 13, 0, 1, 0, 1, 1, 1, 1, 0, 1, 1, 1, 1, 1, 0, 1, 1, 1, 0, 1, 1, 1, 1, 1, 1, 1, 0]
Fitness: 1398.936683 	[4, 3, 9, 0, 11, 5, 6, 0, 2, 7, 12, 8, 10, 15, 14, 0, 1, 13, 0, 1, 0, 1, 1, 1, 1, 1, 0, 1, 1, 1, 1, 1, 0, 1, 1, 0, 1, 1, 1, 1, 1, 1, 1, 0]
Fitness: 1398.936683 	[4, 3, 9, 0, 11, 5, 6, 0, 2, 7, 12, 8, 10, 15, 14, 0, 1, 13, 0, 1, 0, 1, 1, 1, 1, 1, 0, 1, 1, 1, 1, 1, 0, 1, 1, 0, 1, 1, 1, 1, 1, 1, 1, 0]
Fitness: 1398.936683 	[2, 7, 12, 8, 10, 15, 14, 0, 4, 3, 9, 0, 11, 5, 6, 0, 1, 13, 0, 1, 0, 1, 1, 1, 1, 1, 0, 1, 1, 1, 1, 1, 0, 1, 1, 0, 1, 1, 1, 1, 1, 1, 1, 0]
Fitness: 1398.936683 	[4, 3, 9, 0, 11, 5, 6, 0, 2, 7, 12, 8, 10, 15, 14, 0, 1, 13, 0, 1, 0, 1, 1, 1, 1, 0, 1, 1, 1, 1, 1, 1, 0, 1, 1, 0, 1, 1, 1, 1, 1, 1, 1, 0]
Fitness: 1389.119922 	[11, 5, 9, 0, 4, 3, 0, 2, 7, 12, 8, 10, 15, 14, 6, 0, 1, 13, 0, 1, 0, 1, 1, 1, 1, 0, 1, 1, 1, 1, 1, 0, 1, 1, 1, 0, 1, 1, 1, 1, 1, 1, 1, 0]
Fitness: 1398.936683 	[11, 5, 6, 0, 1, 13, 0, 2, 7, 12, 8, 10, 15, 14, 9, 0, 3, 4, 0, 1, 0, 1, 1, 1, 1, 1, 0, 1, 1, 1, 1, 1, 0, 1, 1, 0, 1, 1, 1, 1, 1, 1, 1, 0]
Fitness: 1389.119922 	[11, 5, 9, 0, 4, 3, 0, 2, 7, 12, 8, 10, 15, 14, 6, 0, 1, 13, 0, 1, 0, 1, 1, 1, 1, 0, 1, 1, 1, 1, 1, 0, 1, 1, 1, 0, 1, 1, 1, 1, 1, 1, 1, 0]
Fitness: 1389.119922 	[4, 3, 0, 11, 5, 9, 0, 2, 7, 12, 8, 10, 15, 14, 6, 0, 1, 13, 0, 1, 0, 1, 1, 1, 1, 1, 0, 1, 1, 1, 1, 0, 1, 1, 1, 0, 1, 1, 1, 1, 1, 1, 1, 0]
Fitness: 1389.119922 	[4, 3, 0, 2, 7, 12, 8, 10, 15, 14, 6, 0, 1, 13, 0, 9, 11, 5, 0, 1, 0, 1, 1, 1, 1, 0, 1, 1, 1, 1, 1, 0, 1, 1, 1, 0, 1, 1, 1, 1, 1, 1, 1, 0]
Fitness: 1389.119922 	[4, 0, 11, 5, 9, 3, 0, 2, 7, 12, 8, 10, 15, 14, 6, 0, 1, 13, 0, 1, 0, 1, 0, 1, 1, 1, 1, 1, 1, 1, 1, 0, 1, 1, 1, 0, 1, 1, 1, 1, 1, 1, 1, 0]
Fitness: 1389.119922 	[11, 5, 9, 0, 4, 3, 0, 2, 7, 12, 8, 10, 15, 14, 6, 13, 0, 1, 0, 1, 0, 1, 1, 1, 1, 0, 1, 1, 1, 1, 1, 0, 1, 1, 1, 1, 1, 1, 0, 1, 1, 1, 1, 0]
Fitness: 1398.936683 	[4, 3, 9, 0, 11, 5, 6, 2, 0, 7, 12, 8, 10, 15, 14, 0, 1, 13, 0, 1, 0, 1, 1, 1, 1, 1, 1, 1, 1, 1, 1, 1, 0, 1, 1, 0, 1, 1, 0, 1, 1, 1, 1, 0]
Fitness: 1389.119922 	[11, 5, 9, 0, 4, 3, 0, 2, 7, 12, 10, 15, 14, 6, 0, 1, 13, 8, 0, 1, 1, 1, 1, 0, 1, 0, 1, 1, 1, 1, 1, 0, 1, 1, 1, 0, 1, 1, 1, 1, 1, 1, 1, 0]
Fitness: 1386.086913 	[4, 3, 9, 0, 11, 5, 6, 12, 0, 2, 7, 8, 10, 15, 14, 0, 1, 13, 0, 1, 0, 1, 1, 1, 0, 1, 1, 1, 1, 1, 1, 0, 1, 1, 1, 0, 1, 1, 1, 1, 1, 1, 1, 0]
Fitness: 1389.119922 	[3, 0, 11, 5, 9, 4, 0, 2, 7, 12, 8, 10, 15, 14, 6, 0, 1, 13, 0, 1, 0, 1, 1, 1, 1, 1, 1, 1, 1, 1, 1, 0, 1, 1, 1, 0, 1, 0, 1, 1, 1, 1, 1, 0]
Fitness: 1397.451309 	[11, 5, 0, 4, 3, 0, 2, 7, 12, 8, 10, 15, 14, 6, 9, 0, 1, 13, 0, 1, 0, 1, 1, 1, 1, 1, 0, 1, 1, 1, 1, 1, 1, 1, 1, 0, 1, 1, 1, 0, 1, 1, 1, 0]
Fitness: 1385.869355 	[11, 5, 9, 0, 3, 0, 2, 7, 12, 8, 10, 15, 14, 6, 0, 1, 13, 4, 0, 1, 0, 1, 0, 1, 1, 1, 0, 1, 1, 1, 1, 0, 1, 1, 1, 1, 1, 1, 1, 1, 1, 1, 1, 0]
Fitness: 1398.936683 	[4, 3, 9, 0, 11, 5, 6, 7, 0, 2, 12, 8, 10, 15, 14, 0, 1, 13, 0, 1, 0, 1, 1, 1, 1, 1, 1, 1, 1, 1, 1, 0, 1, 1, 1, 0, 1, 1, 1, 1, 0, 1, 1, 0]
Fitness: 1398.936683 	[4, 3, 9, 5, 0, 11, 6, 0, 2, 7, 12, 8, 10, 15, 14, 0, 1, 13, 0, 1, 0, 1, 0, 1, 1, 1, 0, 1, 1, 1, 1, 1, 1, 1, 1, 0, 1, 1, 1, 1, 1, 1, 1, 0]
Fitness: 1389.119922 	[4, 3, 0, 11, 5, 9, 12, 0, 2, 7, 8, 10, 15, 14, 6, 0, 1, 13, 0, 1, 0, 0, 1, 1, 1, 1, 1, 1, 1, 1, 1, 0, 1, 1, 1, 0, 1, 1, 1, 1, 1, 1, 1, 0]
Fitness: 1385.869355 	[1, 2, 0, 7, 8, 6, 0, 4, 3, 0, 11, 5, 9, 10, 12, 13, 14, 15, 0, 1, 0, 1, 1, 1, 1, 1, 0, 1, 1, 1, 1, 1, 1, 0, 1, 0, 1, 1, 1, 1, 1, 1, 1, 0]
Fitness: 1385.996060 	[11, 5, 6, 0, 4, 3, 9, 14, 0, 2, 7, 12, 8, 10, 15, 0, 1, 13, 0, 1, 0, 1, 1, 1, 1, 1, 0, 1, 1, 1, 1, 0, 1, 1, 0, 1, 1, 1, 1, 1, 1, 1, 1, 0]
Fitness: 1398.936683 	[4, 3, 9, 0, 11, 5, 6, 7, 0, 2, 12, 8, 10, 15, 14, 0, 1, 13, 0, 1, 0, 1, 1, 1, 1, 1, 1, 1, 1, 0, 1, 1, 0, 1, 1, 0, 1, 1, 1, 1, 1, 1, 1, 0]
Fitness: 1385.869355 	[11, 5, 9, 0, 4, 0, 2, 7, 12, 8, 10, 15, 14, 6, 0, 1, 13, 3, 0, 0, 0, 1, 1, 1, 1, 1, 0, 1, 1, 1, 1, 0, 1, 1, 1, 1, 1, 1, 1, 1, 1, 1, 1, 0]
Fitness: 1398.936683 	[4, 3, 9, 10, 0, 11, 5, 6, 0, 2, 7, 12, 8, 15, 14, 0, 1, 13, 0, 1, 0, 1, 1, 1, 1, 1, 1, 1, 1, 1, 1, 1, 0, 1, 0, 0, 1, 1, 1, 1, 1, 1, 1, 0]
Fitness: 1389.119922 	[11, 5, 9, 4, 0, 3, 0, 2, 7, 12, 8, 10, 15, 14, 6, 0, 1, 13, 0, 1, 1, 1, 1, 1, 1, 0, 1, 1, 1, 1, 1, 0, 1, 1, 0, 0, 1, 1, 1, 1, 1, 1, 1, 0]
Fitness: 1398.936683 	[11, 5, 6, 0, 4, 9, 0, 2, 7, 12, 8, 10, 15, 14, 3, 0, 1, 13, 0, 1, 1, 1, 0, 1, 1, 1, 0, 1, 1, 1, 1, 1, 0, 1, 1, 0, 1, 1, 1, 1, 1, 1, 1, 0]
Fitness: 1386.086913 	[4, 9, 0, 11, 5, 6, 0, 2, 7, 12, 8, 10, 15, 14, 0, 1, 13, 3, 0, 1, 1, 1, 1, 1, 1, 1, 0, 1, 1, 1, 0, 0, 1, 1, 1, 0, 1, 1, 1, 1, 1, 1, 1, 0]
Fitness: 1386.086913 	[4, 9, 0, 11, 5, 6, 0, 2, 7, 12, 8, 10, 15, 14, 0, 1, 13, 3, 0, 1, 1, 1, 1, 1, 1, 1, 0, 1, 0, 1, 1, 0, 1, 1, 1, 0, 1, 1, 1, 1, 1, 1, 1, 0]
Fitness: 1398.936683 	[4, 3, 9, 0, 5, 6, 0, 2, 7, 12, 8, 10, 15, 14, 0, 1, 13, 11, 0, 1, 0, 1, 1, 1, 1, 0, 0, 1, 1, 1, 1, 1, 0, 1, 1, 1, 1, 1, 1, 1, 1, 1, 1, 0]
Fitness: 1398.936683 	[11, 5, 6, 0, 4, 3, 9, 1, 0, 2, 7, 12, 8, 10, 15, 14, 0, 13, 0, 1, 1, 1, 1, 1, 1, 0, 0, 1, 1, 1, 1, 1, 0, 1, 1, 0, 1, 1, 1, 1, 1, 1, 1, 0]
Fitness: 1398.936683 	[4, 3, 0, 11, 5, 6, 9, 0, 2, 7, 12, 8, 10, 15, 14, 0, 1, 13, 0, 1, 0, 1, 1, 0, 1, 1, 1, 1, 1, 1, 1, 1, 0, 1, 1, 0, 1, 1, 1, 1, 1, 1, 1, 0]
Fitness: 1385.996060 	[4, 3, 9, 0, 11, 5, 6, 0, 2, 12, 8, 10, 15, 14, 0, 1, 13, 7, 0, 1, 0, 1, 1, 1, 1, 0, 1, 1, 1, 1, 1, 1, 1, 0, 1, 0, 1, 1, 1, 1, 1, 1, 1, 0]
Fitness: 1389.119922 	[11, 5, 9, 0, 4, 0, 2, 7, 12, 8, 10, 15, 14, 6, 0, 1, 13, 3, 0, 1, 0, 1, 1, 1, 1, 0, 1, 1, 1, 1, 1, 1, 1, 0, 1, 0, 1, 1, 1, 1, 1, 1, 1, 0]
Fitness: 1385.996060 	[4, 3, 9, 0, 11, 5, 6, 0, 2, 7, 12, 8, 10, 15, 14, 1, 0, 13, 0, 1, 0, 1, 1, 1, 1, 1, 1, 1, 1, 1, 1, 0, 1, 1, 1, 0, 1, 1, 1, 1, 1, 0, 1, 0]
Fitness: 1398.936683 	[4, 3, 6, 0, 11, 5, 0, 2, 7, 12, 8, 10, 15, 14, 0, 1, 13, 9, 0, 1, 0, 1, 1, 1, 1, 1, 0, 0, 1, 1, 1, 1, 1, 1, 1, 0, 1, 1, 1, 1, 1, 1, 1, 0]
Fitness: 1386.086913 	[4, 3, 9, 5, 0, 11, 6, 0, 2, 7, 12, 8, 10, 15, 14, 0, 1, 13, 0, 1, 1, 1, 1, 1, 1, 0, 0, 1, 1, 1, 1, 0, 1, 1, 1, 0, 1, 1, 1, 1, 1, 1, 1, 0]
Fitness: 1398.936683 	[11, 5, 0, 4, 3, 9, 6, 0, 2, 7, 12, 8, 10, 15, 14, 0, 1, 13, 0, 1, 0, 1, 1, 1, 1, 1, 1, 1, 1, 1, 1, 0, 0, 1, 1, 0, 1, 1, 1, 1, 1, 1, 1, 0]
Fitness: 1385.996060 	[5, 9, 0, 2, 7, 12, 8, 10, 15, 14, 0, 1, 13, 0, 3, 4, 6, 11, 0, 1, 0, 1, 1, 1, 1, 1, 0, 1, 1, 1, 1, 0, 1, 1, 1, 1, 0, 1, 1, 1, 1, 1, 1, 0]
Fitness: 1389.119922 	[4, 3, 0, 11, 9, 0, 2, 7, 12, 8, 10, 15, 14, 6, 5, 0, 1, 13, 0, 1, 1, 1, 1, 1, 1, 1, 0, 1, 1, 0, 1, 0, 1, 1, 1, 0, 1, 1, 1, 1, 1, 1, 1, 0]
Fitness: 1385.869355 	[11, 5, 9, 0, 4, 3, 2, 0, 7, 12, 8, 10, 15, 14, 6, 0, 1, 13, 0, 1, 1, 1, 1, 1, 1, 1, 0, 1, 1, 1, 1, 0, 1, 1, 1, 0, 1, 1, 1, 1, 1, 0, 1, 0]
Fitness: 1398.936683 	[4, 3, 9, 0, 5, 6, 0, 2, 7, 12, 8, 10, 15, 14, 0, 1, 13, 11, 0, 1, 0, 1, 1, 1, 1, 1, 0, 1, 1, 0, 1, 1, 1, 1, 1, 0, 1, 1, 1, 1, 1, 1, 1, 0]
Fitness: 1389.119922 	[2, 7, 12, 0, 1, 13, 8, 0, 3, 4, 5, 9, 11, 0, 10, 15, 14, 6, 0, 1, 1, 1, 1, 1, 1, 1, 0, 1, 1, 1, 1, 0, 1, 1, 1, 0, 1, 0, 1, 1, 1, 1, 1, 0]
Fitness: 1389.119922 	[4, 3, 0, 11, 5, 9, 0, 2, 7, 12, 8, 10, 15, 14, 1, 0, 13, 6, 0, 1, 0, 1, 1, 1, 1, 1, 0, 1, 1, 1, 1, 0, 1, 1, 0, 1, 1, 1, 1, 1, 1, 1, 1, 0]
Fitness: 1386.086913 	[4, 9, 0, 11, 5, 6, 3, 0, 2, 7, 12, 8, 10, 15, 14, 0, 1, 13, 0, 1, 0, 1, 1, 1, 1, 1, 1, 1, 1, 1, 1, 0, 1, 1, 1, 0, 1, 0, 1, 1, 1, 1, 1, 0]
Fitness: 1386.086913 	[4, 3, 9, 1, 0, 11, 5, 6, 0, 2, 7, 12, 8, 10, 15, 14, 0, 13, 0, 1, 1, 1, 1, 1, 1, 1, 0, 1, 1, 1, 1, 0, 1, 1, 1, 0, 1, 1, 1, 1, 1, 0, 1, 0]
Fitness: 1386.086913 	[4, 3, 9, 0, 11, 5, 6, 15, 0, 2, 7, 12, 8, 10, 14, 0, 1, 13, 0, 1, 0, 1, 1, 1, 1, 1, 0, 1, 1, 1, 1, 0, 1, 1, 1, 1, 0, 1, 1, 1, 1, 1, 1, 0]
Fitness: 1386.086913 	[4, 3, 9, 6, 0, 11, 5, 0, 2, 7, 12, 8, 10, 15, 14, 0, 1, 13, 0, 1, 0, 1, 0, 1, 1, 1, 0, 1, 1, 1, 1, 1, 1, 1, 1, 0, 1, 1, 1, 1, 1, 1, 1, 0]
Fitness: 1398.936683 	[4, 3, 0, 11, 5, 6, 0, 2, 7, 12, 8, 10, 15, 14, 9, 0, 1, 13, 0, 1, 0, 1, 1, 1, 1, 1, 0, 1, 1, 1, 1, 1, 0, 1, 1, 1, 1, 1, 1, 1, 1, 0, 1, 0]
Fitness: 1398.936683 	[5, 6, 0, 4, 3, 9, 0, 2, 7, 12, 8, 10, 15, 14, 0, 1, 13, 11, 0, 1, 0, 1, 1, 1, 1, 0, 1, 1, 1, 1, 1, 1, 0, 1, 1, 0, 1, 1, 1, 1, 1, 1, 1, 0]
Fitness: 1398.936683 	[4, 3, 9, 0, 11, 5, 6, 13, 0, 2, 7, 12, 8, 10, 15, 14, 0, 1, 0, 1, 1, 1, 1, 1, 1, 1, 0, 1, 1, 1, 0, 1, 0, 1, 1, 0, 1, 1, 1, 1, 1, 1, 1, 0]
Fitness: 1389.119922 	[4, 3, 0, 11, 5, 0, 2, 7, 12, 8, 10, 15, 14, 6, 0, 1, 13, 9, 0, 1, 0, 1, 1, 1, 1, 1, 0, 0, 1, 1, 1, 1, 1, 1, 1, 0, 1, 1, 1, 1, 1, 1, 1, 0]
Fitness: 1385.996060 	[4, 3, 9, 0, 11, 5, 6, 14, 0, 2, 7, 12, 8, 10, 15, 0, 1, 13, 0, 1, 0, 1, 1, 1, 1, 0, 1, 1, 1, 0, 1, 0, 1, 1, 1, 1, 1, 1, 1, 1, 1, 1, 1, 0]
Fitness: 1386.086913 	[4, 3, 9, 0, 11, 5, 6, 0, 2, 7, 12, 8, 10, 15, 14, 13, 0, 1, 0, 1, 0, 1, 1, 1, 1, 0, 1, 1, 1, 1, 1, 0, 1, 1, 1, 0, 1, 1, 1, 1, 1, 1, 1, 0]
Fitness: 1389.119922 	[4, 3, 0, 11, 5, 9, 0, 7, 12, 8, 10, 15, 14, 6, 0, 1, 13, 2, 0, 1, 0, 1, 1, 1, 1, 1, 0, 1, 1, 1, 1, 0, 1, 1, 0, 1, 1, 1, 1, 1, 1, 1, 1, 0]
Fitness: 1385.996060 	[5, 6, 0, 4, 3, 9, 0, 2, 7, 12, 8, 10, 15, 14, 0, 1, 13, 11, 0, 1, 1, 1, 1, 1, 1, 1, 0, 1, 1, 0, 1, 0, 1, 1, 1, 0, 1, 1, 1, 1, 1, 1, 1, 0]
Fitness: 1389.119922 	[11, 5, 9, 0, 4, 0, 2, 7, 12, 8, 10, 15, 14, 6, 3, 0, 1, 13, 0, 1, 0, 1, 1, 1, 1, 0, 1, 1, 1, 1, 1, 0, 0, 1, 1, 1, 1, 1, 1, 1, 1, 1, 1, 0]
Fitness: 1386.386283 	[11, 5, 9, 0, 4, 6, 0, 2, 7, 12, 8, 10, 15, 14, 3, 0, 1, 13, 0, 1, 1, 1, 1, 1, 1, 1, 0, 1, 1, 1, 1, 0, 1, 1, 1, 0, 0, 1, 1, 1, 1, 1, 1, 0]
Fitness: 1387.455918 	[4, 3, 13, 0, 11, 5, 6, 0, 2, 7, 12, 8, 10, 15, 14, 9, 0, 1, 0, 1, 1, 1, 1, 1, 1, 1, 0, 1, 1, 1, 1, 1, 0, 1, 1, 0, 1, 1, 1, 1, 0, 1, 1, 0]
Fitness: 1386.086913 	[2, 7, 12, 8, 10, 15, 14, 0, 11, 5, 6, 0, 4, 3, 9, 0, 1, 13, 0, 1, 0, 1, 1, 1, 1, 1, 0, 1, 1, 1, 1, 0, 1, 1, 1, 0, 1, 1, 1, 1, 1, 1, 1, 0]
Fitness: 1389.119922 	[9, 11, 5, 0, 2, 7, 12, 8, 10, 15, 14, 6, 0, 1, 13, 0, 4, 3, 0, 1, 0, 1, 1, 1, 1, 0, 1, 1, 1, 1, 1, 0, 1, 1, 1, 0, 1, 1, 1, 1, 1, 1, 1, 0]
Fitness: 1386.086913 	[4, 3, 9, 0, 1, 13, 0, 2, 7, 8, 10, 15, 14, 0, 11, 5, 6, 12, 0, 1, 0, 1, 1, 1, 0, 1, 1, 1, 1, 1, 1, 0, 1, 1, 1, 0, 1, 1, 1, 1, 1, 1, 1, 0]
Fitness: 1386.086913 	[1, 13, 0, 11, 5, 6, 15, 0, 2, 7, 12, 8, 10, 14, 0, 4, 3, 9, 0, 1, 0, 1, 1, 1, 1, 1, 0, 1, 1, 1, 1, 0, 1, 1, 1, 1, 0, 1, 1, 1, 1, 1, 1, 0]
Fitness: 1389.119922 	[2, 7, 12, 8, 10, 15, 14, 6, 0, 11, 5, 9, 0, 4, 3, 0, 1, 13, 0, 1, 0, 1, 1, 1, 1, 1, 0, 1, 1, 1, 1, 0, 1, 1, 1, 0, 1, 1, 1, 1, 1, 1, 1, 0]
Fitness: 1398.936683 	[4, 3, 9, 0, 11, 5, 6, 0, 2, 7, 12, 8, 10, 15, 14, 0, 1, 13, 0, 1, 0, 1, 1, 1, 1, 1, 0, 1, 1, 1, 1, 1, 0, 1, 1, 0, 1, 1, 1, 1, 1, 1, 1, 0]
Fitness: 1386.086913 	[1, 13, 0, 11, 5, 6, 0, 2, 7, 12, 8, 10, 15, 14, 0, 4, 3, 9, 0, 1, 0, 1, 1, 1, 1, 1, 0, 1, 1, 1, 1, 0, 1, 1, 1, 0, 1, 1, 1, 1, 1, 1, 1, 0]
Fitness: 1398.936683 	[1, 13, 0, 11, 5, 6, 0, 2, 7, 12, 8, 10, 15, 14, 0, 4, 3, 9, 0, 1, 0, 1, 1, 1, 1, 1, 0, 1, 1, 1, 1, 1, 0, 1, 1, 0, 1, 1, 1, 1, 1, 1, 1, 0]
Fitness: 1398.936683 	[2, 7, 12, 8, 10, 15, 14, 3, 0, 4, 9, 0, 11, 5, 6, 0, 1, 13, 0, 1, 1, 1, 0, 1, 1, 1, 0, 1, 1, 1, 1, 1, 0, 1, 1, 0, 1, 1, 1, 1, 1, 1, 1, 0]
Fitness: 1389.119922 	[2, 7, 12, 8, 10, 15, 14, 6, 0, 4, 3, 0, 11, 5, 9, 0, 1, 13, 0, 1, 0, 1, 1, 1, 1, 0, 1, 1, 1, 1, 1, 0, 1, 1, 1, 0, 1, 1, 1, 1, 1, 1, 1, 0]
Fitness: 1398.936683 	[11, 5, 6, 0, 2, 7, 12, 8, 10, 15, 14, 0, 4, 3, 9, 0, 1, 13, 0, 1, 0, 1, 1, 1, 1, 1, 0, 1, 1, 1, 1, 1, 0, 1, 1, 0, 1, 1, 1, 1, 1, 1, 1, 0]
Fitness: 1389.119922 	[3, 4, 5, 9, 11, 0, 1, 13, 8, 0, 2, 7, 12, 0, 10, 15, 14, 6, 0, 1, 1, 1, 1, 1, 1, 1, 0, 1, 1, 1, 1, 0, 1, 1, 1, 0, 1, 0, 1, 1, 1, 1, 1, 0]
Fitness: 1386.086913 	[1, 13, 0, 11, 5, 0, 2, 7, 12, 8, 10, 15, 14, 0, 4, 3, 9, 6, 0, 1, 0, 1, 0, 1, 1, 1, 0, 1, 1, 1, 1, 1, 1, 1, 1, 0, 1, 1, 1, 1, 1, 1, 1, 0]
Fitness: 1397.451309 	[11, 5, 9, 0, 2, 7, 12, 8, 10, 15, 14, 6, 0, 4, 3, 0, 1, 13, 0, 1, 0, 1, 1, 1, 1, 1, 0, 1, 1, 1, 1, 1, 0, 1, 1, 0, 1, 1, 1, 1, 1, 1, 1, 0]
Fitness: 1389.119922 	[4, 3, 0, 11, 5, 9, 0, 1, 13, 0, 2, 7, 12, 8, 10, 15, 14, 6, 0, 1, 0, 1, 1, 1, 1, 1, 0, 1, 1, 1, 1, 0, 1, 1, 1, 0, 1, 1, 1, 1, 1, 1, 1, 0]
Fitness: 1389.119922 	[11, 5, 9, 0, 1, 13, 0, 2, 7, 12, 8, 10, 15, 14, 6, 0, 4, 3, 0, 1, 0, 1, 1, 1, 1, 0, 1, 1, 1, 1, 1, 0, 1, 1, 1, 0, 1, 1, 1, 1, 1, 1, 1, 0]
Fitness: 1398.936683 	[4, 3, 9, 0, 2, 7, 12, 8, 10, 15, 14, 0, 11, 5, 6, 0, 1, 13, 0, 1, 0, 1, 1, 1, 1, 1, 0, 1, 1, 1, 1, 1, 0, 1, 1, 0, 1, 1, 1, 1, 1, 1, 1, 0]
Fitness: 1389.119922 	[4, 3, 0, 2, 7, 12, 8, 10, 15, 14, 6, 0, 11, 5, 9, 0, 1, 13, 0, 1, 0, 1, 1, 1, 1, 1, 0, 1, 1, 1, 1, 0, 1, 1, 1, 0, 1, 1, 1, 1, 1, 1, 1, 0]
Fitness: 1386.086913 	[1, 13, 0, 11, 5, 6, 0, 2, 7, 12, 8, 10, 15, 14, 0, 4, 3, 9, 0, 1, 0, 1, 1, 1, 1, 1, 0, 1, 1, 1, 1, 0, 1, 1, 1, 0, 1, 1, 1, 1, 1, 1, 1, 0]
Fitness: 1389.119922 	[2, 5, 0, 1, 13, 0, 6, 7, 8, 9, 10, 11, 12, 14, 15, 0, 4, 3, 0, 1, 0, 1, 1, 1, 1, 1, 0, 1, 1, 1, 1, 0, 1, 1, 1, 0, 1, 1, 1, 1, 1, 1, 1, 0]
Fitness: 1398.936683 	[2, 7, 12, 8, 10, 15, 14, 0, 4, 3, 9, 0, 11, 5, 6, 0, 1, 13, 0, 1, 0, 1, 1, 1, 1, 1, 0, 1, 1, 1, 1, 1, 0, 1, 1, 0, 1, 1, 1, 1, 1, 1, 1, 0]
Fitness: 1398.936683 	[4, 3, 9, 0, 2, 7, 12, 8, 10, 15, 14, 0, 11, 5, 6, 0, 1, 13, 0, 1, 0, 1, 1, 1, 1, 1, 0, 1, 1, 1, 1, 1, 0, 1, 1, 0, 1, 1, 1, 1, 1, 1, 1, 0]
Fitness: 1389.119922 	[2, 7, 12, 8, 10, 15, 14, 6, 0, 11, 5, 9, 0, 4, 3, 0, 1, 13, 0, 1, 0, 1, 1, 1, 1, 1, 0, 1, 1, 1, 1, 0, 1, 1, 1, 0, 1, 1, 1, 1, 1, 1, 1, 0]
Fitness: 1385.996060 	[1, 13, 0, 11, 5, 6, 0, 2, 7, 12, 8, 10, 15, 14, 0, 4, 3, 9, 0, 1, 0, 1, 1, 1, 1, 0, 1, 1, 1, 1, 1, 0, 1, 1, 1, 0, 1, 1, 1, 1, 1, 1, 1, 0]
Fitness: 1389.119922 	[4, 3, 0, 1, 13, 2, 0, 7, 12, 8, 10, 15, 14, 6, 0, 11, 5, 9, 0, 1, 0, 1, 1, 1, 1, 1, 0, 1, 1, 1, 1, 0, 1, 1, 0, 1, 1, 1, 1, 1, 1, 1, 1, 0]
Fitness: 1389.119922 	[11, 5, 9, 0, 2, 7, 12, 8, 10, 15, 14, 6, 0, 4, 3, 0, 1, 13, 0, 1, 0, 1, 1, 1, 1, 0, 1, 1, 1, 1, 1, 0, 1, 1, 1, 0, 1, 1, 1, 1, 1, 1, 1, 0]
Fitness: 1398.936683 	[11, 5, 6, 0, 4, 3, 9, 0, 2, 7, 12, 8, 10, 15, 14, 0, 1, 13, 0, 1, 0, 1, 1, 1, 1, 1, 0, 1, 1, 1, 1, 1, 0, 1, 1, 0, 1, 1, 1, 1, 1, 1, 1, 0]
Fitness: 1398.936683 	[11, 5, 6, 0, 13, 0, 2, 7, 12, 8, 10, 15, 14, 0, 4, 3, 9, 1, 0, 1, 1, 1, 1, 1, 1, 0, 0, 1, 1, 1, 1, 1, 0, 1, 1, 0, 1, 1, 1, 1, 1, 1, 1, 0]
Fitness: 1389.119922 	[2, 7, 12, 8, 10, 15, 14, 6, 0, 4, 3, 0, 11, 5, 9, 0, 1, 13, 0, 1, 0, 1, 1, 1, 1, 0, 1, 1, 1, 1, 1, 0, 1, 1, 1, 0, 1, 1, 1, 1, 1, 1, 1, 0]
Fitness: 1398.936683 	[4, 3, 9, 12, 13, 14, 15, 0, 8, 10, 0, 11, 5, 6, 0, 1, 2, 7, 0, 1, 0, 1, 1, 1, 1, 1, 0, 1, 1, 1, 1, 1, 0, 1, 1, 0, 1, 1, 1, 1, 1, 1, 1, 0]
Fitness: 1389.119922 	[11, 5, 9, 0, 4, 3, 0, 2, 7, 12, 8, 10, 15, 14, 6, 0, 1, 13, 0, 1, 0, 1, 1, 1, 1, 1, 0, 1, 1, 1, 1, 0, 1, 1, 1, 0, 1, 1, 1, 1, 1, 1, 1, 0]
Fitness: 1389.119922 	[11, 5, 9, 0, 4, 3, 0, 1, 13, 0, 2, 7, 12, 8, 10, 15, 14, 6, 0, 1, 0, 1, 1, 1, 1, 0, 1, 1, 1, 1, 1, 0, 1, 1, 1, 0, 1, 1, 1, 1, 1, 1, 1, 0]
Fitness: 1398.936683 	[4, 3, 9, 0, 11, 5, 6, 0, 2, 7, 12, 8, 10, 15, 14, 0, 1, 13, 0, 1, 0, 1, 1, 1, 1, 1, 0, 1, 1, 1, 1, 1, 0, 1, 1, 0, 1, 1, 1, 1, 1, 1, 1, 0]
Fitness: 1398.936683 	[1, 13, 0, 11, 5, 6, 0, 2, 7, 12, 8, 10, 15, 14, 0, 4, 3, 9, 0, 1, 0, 1, 1, 1, 1, 1, 0, 1, 1, 1, 1, 1, 0, 1, 1, 0, 1, 1, 1, 1, 1, 1, 1, 0]
Fitness: 1397.451309 	[1, 13, 0, 4, 3, 0, 2, 7, 12, 8, 10, 15, 14, 6, 9, 0, 11, 5, 0, 1, 0, 1, 1, 1, 1, 1, 0, 1, 1, 1, 1, 1, 1, 1, 1, 0, 1, 1, 1, 0, 1, 1, 1, 0]
Fitness: 1398.936683 	[1, 13, 0, 11, 5, 6, 9, 0, 2, 7, 12, 8, 10, 15, 14, 0, 4, 3, 0, 1, 0, 1, 1, 0, 1, 1, 1, 1, 1, 1, 1, 1, 0, 1, 1, 0, 1, 1, 1, 1, 1, 1, 1, 0]
Fitness: 1386.386283 	[1, 13, 0, 4, 3, 6, 0, 2, 7, 12, 8, 10, 15, 14, 0, 11, 5, 9, 0, 1, 0, 1, 1, 1, 1, 1, 0, 1, 1, 1, 1, 0, 1, 1, 1, 0, 1, 1, 1, 1, 1, 1, 1, 0]
Fitness: 1389.119922 	[1, 13, 0, 11, 5, 9, 4, 0, 2, 7, 12, 8, 10, 15, 14, 6, 0, 3, 0, 1, 0, 1, 1, 1, 1, 1, 1, 1, 1, 1, 1, 0, 1, 1, 1, 0, 1, 0, 1, 1, 1, 1, 1, 0]
Fitness: 1385.869355 	[11, 5, 9, 0, 4, 3, 0, 1, 13, 0, 2, 7, 12, 8, 10, 15, 14, 6, 0, 1, 0, 1, 1, 1, 1, 1, 0, 1, 1, 1, 1, 1, 0, 1, 1, 0, 1, 1, 1, 1, 1, 1, 1, 0]
Fitness: 1397.451309 	[11, 5, 9, 0, 4, 3, 0, 1, 13, 0, 2, 7, 12, 8, 10, 15, 14, 6, 0, 1, 0, 1, 1, 1, 1, 1, 0, 1, 1, 1, 1, 1, 0, 1, 1, 0, 1, 1, 1, 1, 1, 1, 1, 0]
Fitness: 1398.936683 	[1, 13, 0, 4, 3, 9, 0, 2, 5, 6, 0, 7, 8, 10, 11, 12, 14, 15, 0, 1, 0, 1, 1, 1, 1, 1, 0, 1, 1, 1, 1, 1, 0, 1, 1, 0, 1, 1, 1, 1, 1, 1, 1, 0]
Fitness: 1389.119922 	[11, 5, 9, 0, 4, 3, 0, 1, 13, 0, 2, 7, 12, 8, 10, 15, 14, 6, 0, 1, 0, 1, 1, 1, 1, 0, 1, 1, 1, 1, 1, 0, 1, 1, 1, 0, 1, 1, 1, 1, 1, 1, 1, 0]
Fitness: 1385.869355 	[2, 7, 12, 8, 10, 15, 14, 6, 0, 4, 3, 0, 11, 5, 9, 0, 1, 13, 0, 1, 0, 1, 1, 1, 1, 1, 0, 1, 1, 1, 1, 0, 1, 1, 1, 0, 1, 1, 1, 1, 1, 1, 1, 0]
Fitness: 1398.936683 	[11, 5, 6, 0, 4, 3, 9, 0, 2, 7, 12, 8, 10, 15, 14, 0, 1, 13, 0, 1, 0, 1, 1, 1, 1, 1, 0, 1, 1, 1, 1, 1, 0, 1, 1, 0, 1, 1, 1, 1, 1, 1, 1, 0]
Fitness: 1398.936683 	[1, 13, 0, 4, 3, 9, 0, 2, 7, 12, 8, 10, 15, 14, 0, 11, 5, 6, 0, 1, 0, 1, 1, 1, 1, 1, 0, 1, 1, 1, 1, 1, 0, 1, 1, 0, 1, 1, 1, 1, 1, 1, 1, 0]
Fitness: 1386.086913 	[2, 7, 12, 8, 10, 15, 14, 0, 11, 5, 6, 0, 4, 3, 9, 0, 1, 13, 0, 1, 0, 1, 1, 1, 1, 1, 0, 1, 1, 1, 1, 0, 1, 1, 1, 0, 1, 1, 1, 1, 1, 1, 1, 0]
Fitness: 1386.086913 	[11, 5, 6, 0, 4, 3, 9, 0, 2, 7, 12, 8, 10, 15, 14, 0, 1, 13, 0, 1, 0, 1, 1, 1, 1, 1, 0, 1, 1, 1, 1, 0, 1, 1, 1, 0, 1, 1, 1, 1, 1, 1, 1, 0]
Fitness: 1385.996060 	[4, 3, 9, 0, 1, 13, 0, 2, 7, 12, 8, 10, 15, 14, 0, 11, 5, 6, 0, 1, 0, 1, 1, 1, 1, 0, 1, 1, 1, 1, 1, 0, 1, 1, 1, 0, 1, 1, 1, 1, 1, 1, 1, 0]
Fitness: 1389.119922 	[2, 7, 12, 8, 10, 15, 14, 6, 0, 11, 5, 9, 0, 4, 3, 0, 1, 13, 0, 1, 0, 1, 1, 1, 1, 1, 0, 1, 1, 1, 1, 0, 1, 1, 1, 0, 1, 1, 1, 1, 1, 1, 1, 0]
Fitness: 1397.451309 	[11, 5, 9, 0, 4, 3, 0, 2, 7, 12, 8, 10, 15, 14, 6, 0, 1, 13, 0, 1, 0, 1, 1, 1, 1, 1, 0, 1, 1, 1, 1, 1, 0, 1, 1, 0, 1, 1, 1, 1, 1, 1, 1, 0]
Time: 0.46038