Fitness: 1224.388568 	[4, 0, 6, 14, 13, 0, 11, 9, 10, 5, 12, 8, 0, 1, 2, 3, 7, 15, 0, 1, 0, 1, 1, 1, 0, 1, 1, 1, 1, 0, 1, 0, 1, 0]
Fitness: 1201.004275 	[3, 1, 6, 0, 9, 4, 0, 5, 11, 14, 0, 7, 8, 2, 10, 12, 13, 15, 0, 0, 1, 1, 1, 1, 0, 1, 1, 0, 1, 1, 0, 1, 1, 0]
Fitness: 1200.317426 	[9, 4, 0, 15, 1, 6, 0, 5, 11, 14, 0, 10, 12, 7, 2, 13, 3, 8, 0, 0, 1, 1, 1, 1, 0, 1, 1, 0, 1, 1, 0, 1, 1, 0]
Fitness: 1200.317426 	[9, 4, 0, 10, 12, 7, 2, 13, 3, 8, 0, 5, 11, 14, 0, 15, 1, 6, 0, 0, 1, 1, 1, 1, 0, 1, 1, 0, 1, 1, 0, 1, 1, 0]
Fitness: 1200.317426 	[9, 4, 0, 10, 12, 7, 2, 13, 3, 8, 0, 5, 11, 14, 0, 15, 1, 6, 0, 0, 1, 1, 1, 1, 0, 1, 1, 0, 1, 1, 0, 1, 1, 0]
Fitness: 1172.097819 	[3, 10, 15, 7, 0, 11, 13, 1, 0, 5, 6, 0, 12, 9, 4, 2, 8, 14, 0, 1, 0, 1, 0, 1, 1, 0, 1, 1, 1, 1, 0, 1, 1, 0]
Fitness: 1148.922274 	[9, 10, 4, 6, 0, 7, 8, 2, 12, 13, 15, 0, 5, 14, 11, 0, 3, 1, 0, 1, 0, 1, 0, 1, 0, 1, 1, 1, 1, 1, 0, 1, 1, 0]
Fitness: 1141.443445 	[4, 9, 14, 0, 12, 6, 13, 1, 0, 3, 0, 7, 5, 2, 8, 10, 11, 15, 0, 1, 0, 1, 1, 1, 0, 1, 1, 0, 1, 1, 0, 1, 1, 0]
Fitness: 1141.443445 	[4, 9, 14, 0, 12, 6, 13, 1, 0, 7, 5, 2, 8, 10, 11, 15, 0, 3, 0, 1, 0, 1, 1, 1, 0, 1, 1, 0, 1, 1, 0, 1, 1, 0]
Fitness: 1136.348573 	[5, 9, 1, 0, 14, 12, 13, 4, 0, 7, 15, 10, 11, 6, 0, 3, 8, 2, 0, 1, 0, 1, 1, 1, 1, 0, 1, 0, 1, 1, 0, 1, 1, 0]
Fitness: 1129.895531 	[15, 6, 11, 10, 0, 13, 8, 1, 14, 0, 2, 3, 9, 7, 12, 5, 0, 4, 0, 1, 0, 1, 1, 1, 0, 1, 0, 1, 0, 1, 1, 1, 1, 0]
Fitness: 1125.826350 	[4, 0, 11, 0, 9, 1, 3, 2, 0, 12, 15, 6, 5, 13, 8, 10, 7, 14, 0, 1, 0, 1, 1, 1, 1, 0, 1, 0, 1, 1, 1, 0, 1, 0]
Fitness: 1120.300480 	[14, 0, 15, 6, 11, 10, 13, 8, 1, 0, 2, 3, 9, 7, 12, 5, 0, 4, 0, 1, 0, 1, 1, 0, 1, 1, 0, 1, 0, 1, 1, 1, 1, 0]
Fitness: 1110.180995 	[4, 0, 2, 5, 9, 11, 0, 13, 6, 12, 7, 14, 0, 3, 15, 1, 10, 8, 0, 1, 0, 1, 1, 1, 1, 0, 1, 1, 1, 0, 1, 1, 0, 0]
Fitness: 1108.573033 	[8, 11, 12, 14, 15, 7, 0, 6, 1, 2, 5, 0, 4, 9, 10, 0, 13, 3, 0, 1, 1, 0, 1, 0, 1, 1, 0, 1, 0, 1, 1, 1, 1, 0]
Fitness: 1106.071377 	[3, 1, 6, 0, 9, 4, 0, 5, 11, 14, 10, 0, 7, 8, 2, 12, 13, 15, 0, 0, 1, 1, 0, 1, 1, 0, 1, 1, 1, 1, 0, 1, 1, 0]
Fitness: 1102.299142 	[10, 2, 13, 3, 12, 0, 14, 9, 0, 11, 6, 1, 0, 15, 8, 5, 4, 7, 0, 0, 1, 1, 1, 0, 1, 1, 1, 0, 1, 1, 0, 1, 1, 0]
Fitness: 1095.992112 	[4, 14, 15, 10, 0, 9, 13, 1, 0, 11, 3, 8, 5, 12, 6, 7, 0, 2, 0, 0, 1, 1, 0, 1, 1, 1, 0, 1, 0, 1, 1, 1, 1, 0]
Fitness: 1095.992112 	[4, 14, 15, 10, 0, 9, 13, 1, 0, 11, 3, 8, 5, 12, 6, 7, 0, 2, 0, 0, 1, 1, 0, 1, 1, 1, 0, 1, 0, 1, 1, 1, 1, 0]
Fitness: 1089.119961 	[2, 5, 11, 0, 9, 4, 0, 13, 6, 12, 7, 14, 0, 3, 15, 1, 10, 8, 0, 1, 0, 1, 1, 1, 1, 0, 1, 1, 1, 0, 1, 1, 0, 0]
Fitness: 1069.514486 	[10, 2, 13, 3, 12, 0, 15, 8, 5, 4, 7, 0, 11, 6, 1, 0, 14, 9, 0, 0, 1, 1, 1, 0, 1, 1, 1, 0, 1, 1, 0, 1, 1, 0]
Fitness: 1069.514486 	[10, 2, 13, 3, 12, 0, 15, 8, 5, 4, 7, 0, 11, 6, 1, 0, 14, 9, 0, 0, 1, 1, 1, 0, 1, 1, 1, 0, 1, 1, 0, 1, 1, 0]
Fitness: 1056.100211 	[1, 3, 4, 0, 9, 10, 7, 5, 6, 0, 11, 14, 0, 15, 12, 13, 2, 8, 0, 1, 1, 0, 1, 1, 1, 1, 1, 0, 1, 0, 1, 0, 1, 0]
Fitness: 1051.381594 	[2, 5, 11, 0, 3, 15, 1, 10, 8, 4, 0, 13, 6, 12, 7, 14, 0, 9, 0, 1, 0, 1, 1, 1, 1, 0, 1, 1, 1, 0, 1, 0, 1, 0]
Fitness: 1050.132326 	[9, 4, 0, 3, 5, 11, 15, 0, 10, 1, 2, 8, 0, 13, 6, 12, 7, 14, 0, 1, 0, 1, 1, 1, 1, 0, 1, 1, 1, 0, 1, 1, 0, 0]
Fitness: 1049.968597 	[5, 0, 9, 11, 1, 6, 2, 10, 0, 14, 3, 7, 8, 13, 12, 0, 4, 15, 0, 0, 1, 1, 1, 1, 1, 0, 1, 1, 0, 1, 1, 0, 1, 0]
Fitness: 1049.110917 	[8, 11, 12, 14, 15, 7, 0, 6, 1, 2, 5, 0, 4, 9, 0, 13, 3, 10, 0, 1, 0, 1, 1, 0, 1, 1, 1, 1, 0, 1, 1, 1, 0, 0]
Fitness: 1041.889280 	[1, 13, 5, 3, 10, 0, 14, 9, 15, 12, 0, 2, 11, 0, 7, 4, 8, 6, 0, 0, 1, 1, 1, 0, 1, 1, 0, 1, 1, 0, 1, 1, 1, 0]
Fitness: 1039.527580 	[12, 6, 13, 1, 0, 15, 7, 5, 8, 11, 2, 0, 4, 9, 14, 0, 10, 3, 0, 1, 0, 1, 1, 1, 0, 1, 1, 0, 1, 1, 0, 1, 1, 0]
Fitness: 1039.527580 	[12, 6, 13, 1, 0, 15, 7, 5, 8, 11, 2, 0, 4, 9, 14, 0, 10, 3, 0, 1, 0, 1, 1, 1, 0, 1, 1, 0, 1, 1, 0, 1, 1, 0]
Fitness: 1037.757929 	[1, 0, 3, 15, 8, 0, 2, 5, 11, 0, 9, 4, 6, 7, 10, 12, 13, 14, 0, 1, 0, 1, 1, 1, 1, 0, 1, 1, 0, 1, 1, 1, 0, 0]
Fitness: 1024.209850 	[2, 5, 11, 0, 3, 15, 1, 10, 8, 0, 9, 4, 0, 13, 6, 12, 7, 14, 0, 1, 0, 1, 1, 1, 1, 0, 1, 1, 1, 0, 1, 1, 0, 0]
Fitness: 1004.981864 	[10, 14, 9, 6, 0, 1, 13, 7, 8, 12, 0, 2, 15, 3, 11, 4, 0, 5, 0, 1, 0, 0, 1, 1, 1, 0, 1, 1, 1, 0, 1, 1, 1, 0]
Fitness: 1004.981864 	[10, 14, 9, 6, 0, 1, 13, 7, 8, 12, 0, 5, 0, 2, 15, 3, 11, 4, 0, 1, 0, 0, 1, 1, 1, 0, 1, 1, 1, 0, 1, 1, 1, 0]
Fitness: 1004.981864 	[10, 14, 9, 6, 0, 1, 13, 7, 8, 12, 0, 5, 0, 2, 15, 3, 11, 4, 0, 1, 0, 0, 1, 1, 1, 0, 1, 1, 1, 0, 1, 1, 1, 0]
Fitness: 1001.240853 	[13, 7, 10, 9, 0, 2, 0, 6, 5, 8, 12, 3, 4, 14, 0, 15, 1, 11, 0, 1, 0, 1, 0, 1, 1, 0, 1, 1, 1, 1, 0, 1, 1, 0]
Fitness: 994.432550 	[1, 0, 11, 9, 4, 0, 15, 12, 13, 8, 2, 0, 3, 6, 7, 10, 14, 5, 0, 0, 1, 0, 1, 1, 1, 1, 1, 0, 1, 0, 1, 1, 1, 0]
Fitness: 993.891661 	[13, 0, 9, 0, 5, 6, 4, 15, 2, 12, 7, 0, 10, 14, 11, 8, 1, 3, 0, 1, 0, 1, 1, 1, 0, 1, 1, 1, 1, 0, 1, 1, 0, 0]
Fitness: 993.891661 	[13, 0, 9, 0, 5, 6, 4, 15, 2, 12, 7, 0, 10, 14, 11, 8, 1, 3, 0, 1, 0, 1, 1, 1, 0, 1, 1, 1, 1, 0, 1, 1, 0, 0]
Fitness: 993.891661 	[13, 0, 9, 0, 5, 6, 4, 15, 2, 12, 7, 0, 10, 14, 11, 8, 1, 3, 0, 1, 0, 1, 1, 1, 0, 1, 1, 1, 1, 0, 1, 1, 0, 0]
Fitness: 989.520338 	[3, 4, 6, 0, 9, 10, 7, 5, 0, 11, 14, 1, 0, 15, 12, 13, 2, 8, 0, 1, 1, 0, 1, 1, 1, 0, 1, 0, 1, 0, 1, 1, 1, 0]
Fitness: 987.385037 	[12, 13, 1, 0, 15, 7, 5, 8, 11, 2, 6, 0, 4, 9, 14, 0, 10, 3, 0, 1, 0, 1, 1, 1, 1, 0, 1, 0, 1, 1, 0, 1, 1, 0]
Fitness: 987.258842 	[8, 11, 12, 14, 15, 7, 0, 6, 1, 2, 5, 0, 4, 9, 0, 13, 3, 10, 0, 1, 1, 0, 1, 0, 1, 1, 1, 1, 0, 1, 1, 1, 0, 0]
Fitness: 983.043536 	[14, 1, 11, 0, 3, 5, 9, 8, 12, 6, 10, 0, 13, 15, 0, 7, 4, 2, 0, 1, 1, 0, 1, 1, 1, 1, 0, 1, 1, 0, 1, 0, 1, 0]
Fitness: 980.844783 	[5, 0, 9, 11, 1, 6, 2, 10, 0, 4, 15, 0, 14, 3, 7, 8, 13, 12, 0, 0, 1, 1, 0, 1, 1, 1, 1, 1, 0, 1, 1, 0, 1, 0]
Fitness: 980.844783 	[5, 0, 9, 11, 1, 6, 2, 10, 0, 4, 15, 0, 14, 3, 7, 8, 13, 12, 0, 0, 1, 1, 0, 1, 1, 1, 1, 1, 0, 1, 1, 0, 1, 0]
Fitness: 979.297433 	[3, 1, 6, 0, 9, 4, 0, 5, 11, 14, 10, 0, 7, 8, 2, 12, 13, 15, 0, 0, 1, 1, 0, 1, 0, 1, 1, 1, 1, 1, 0, 1, 1, 0]
Fitness: 977.282644 	[4, 0, 3, 15, 1, 10, 8, 0, 13, 6, 12, 7, 14, 0, 2, 5, 9, 11, 0, 1, 0, 1, 1, 1, 1, 0, 1, 1, 1, 0, 1, 1, 0, 0]
Fitness: 973.193899 	[6, 2, 12, 11, 0, 3, 13, 7, 0, 14, 9, 1, 0, 8, 5, 15, 4, 10, 0, 1, 1, 0, 1, 1, 0, 1, 0, 1, 1, 0, 1, 1, 1, 0]
Fitness: 970.143912 	[7, 12, 6, 2, 5, 15, 8, 9, 11, 13, 0, 3, 1, 0, 4, 0, 10, 14, 0, 1, 0, 1, 0, 1, 1, 0, 1, 1, 1, 1, 1, 0, 1, 0]
Fitness: 959.416920 	[12, 15, 6, 5, 13, 8, 10, 7, 14, 0, 9, 1, 3, 2, 0, 4, 0, 11, 0, 1, 0, 1, 1, 1, 1, 0, 1, 0, 1, 1, 1, 0, 1, 0]
Fitness: 959.187788 	[6, 13, 15, 0, 8, 2, 0, 12, 14, 5, 0, 3, 4, 11, 10, 9, 1, 7, 0, 0, 1, 1, 1, 1, 0, 1, 1, 0, 1, 1, 0, 1, 1, 0]
Fitness: 959.187788 	[6, 13, 15, 0, 8, 2, 0, 12, 14, 5, 0, 3, 4, 11, 10, 9, 1, 7, 0, 0, 1, 1, 1, 1, 0, 1, 1, 0, 1, 1, 0, 1, 1, 0]
Fitness: 952.548636 	[10, 4, 14, 7, 2, 9, 0, 11, 12, 5, 8, 3, 1, 0, 13, 0, 6, 15, 0, 0, 0, 1, 1, 0, 1, 1, 1, 1, 1, 0, 1, 1, 1, 0]
Fitness: 952.506962 	[13, 0, 11, 9, 4, 0, 5, 6, 15, 0, 3, 7, 1, 10, 14, 12, 2, 8, 0, 1, 1, 1, 0, 1, 1, 1, 1, 0, 1, 1, 0, 1, 0, 0]
Fitness: 952.506962 	[13, 0, 11, 9, 4, 0, 5, 6, 15, 0, 3, 7, 1, 10, 14, 12, 2, 8, 0, 1, 1, 1, 0, 1, 1, 1, 1, 0, 1, 1, 0, 1, 0, 0]
Fitness: 952.506962 	[13, 0, 11, 9, 4, 0, 5, 6, 15, 0, 3, 7, 1, 10, 14, 12, 2, 8, 0, 1, 1, 1, 0, 1, 1, 1, 1, 0, 1, 1, 0, 1, 0, 0]
Fitness: 949.662024 	[7, 1, 5, 0, 3, 0, 4, 14, 15, 10, 0, 2, 6, 8, 9, 11, 12, 13, 0, 0, 1, 1, 0, 1, 1, 1, 0, 1, 0, 1, 1, 1, 1, 0]
Fitness: 945.103018 	[9, 4, 0, 13, 6, 12, 7, 14, 0, 10, 1, 2, 8, 0, 3, 5, 11, 15, 0, 1, 0, 1, 1, 1, 1, 0, 1, 1, 1, 0, 1, 1, 0, 0]
Fitness: 940.037196 	[5, 0, 9, 11, 1, 6, 2, 10, 0, 14, 3, 7, 8, 13, 12, 0, 4, 15, 0, 0, 1, 1, 0, 1, 1, 1, 1, 1, 0, 1, 1, 0, 1, 0]
Fitness: 940.037196 	[9, 11, 1, 6, 2, 10, 0, 5, 0, 14, 3, 7, 8, 13, 12, 0, 4, 15, 0, 0, 1, 1, 1, 1, 1, 0, 1, 1, 0, 1, 1, 0, 1, 0]
Fitness: 937.468244 	[1, 13, 4, 12, 7, 9, 15, 6, 0, 5, 14, 0, 8, 10, 3, 2, 0, 11, 0, 1, 1, 0, 1, 0, 1, 1, 0, 1, 0, 1, 1, 1, 1, 0]
Fitness: 937.290057 	[8, 11, 12, 14, 15, 7, 0, 6, 1, 2, 5, 0, 13, 3, 10, 0, 4, 9, 0, 1, 0, 1, 1, 0, 1, 1, 1, 1, 0, 1, 1, 1, 0, 0]
Fitness: 937.258706 	[8, 11, 14, 0, 13, 6, 10, 12, 0, 4, 7, 2, 15, 0, 3, 9, 5, 1, 0, 1, 0, 0, 1, 1, 1, 0, 1, 1, 1, 0, 1, 1, 1, 0]
Fitness: 937.001618 	[13, 0, 11, 9, 4, 0, 5, 6, 15, 0, 3, 7, 1, 10, 14, 12, 2, 8, 0, 1, 1, 0, 1, 0, 1, 0, 1, 1, 1, 0, 1, 1, 1, 0]
Fitness: 937.001618 	[11, 9, 4, 0, 13, 0, 5, 6, 15, 0, 3, 7, 1, 10, 14, 12, 2, 8, 0, 1, 1, 0, 1, 0, 1, 0, 1, 1, 1, 0, 1, 1, 1, 0]
Fitness: 935.911047 	[15, 3, 1, 6, 12, 0, 5, 14, 13, 0, 10, 9, 7, 8, 0, 11, 2, 4, 0, 0, 0, 1, 1, 1, 1, 0, 1, 1, 0, 1, 1, 1, 1, 0]
Fitness: 933.154328 	[3, 1, 0, 7, 12, 6, 2, 5, 15, 8, 9, 11, 13, 0, 4, 0, 10, 14, 0, 1, 0, 1, 0, 1, 1, 0, 1, 1, 1, 1, 1, 0, 1, 0]
Fitness: 933.154328 	[3, 1, 0, 7, 12, 6, 2, 5, 15, 8, 9, 11, 13, 0, 4, 0, 10, 14, 0, 1, 0, 1, 0, 1, 1, 0, 1, 1, 1, 1, 1, 0, 1, 0]
Fitness: 933.154328 	[3, 1, 0, 7, 12, 6, 2, 5, 15, 8, 9, 11, 13, 0, 4, 0, 10, 14, 0, 1, 0, 1, 0, 1, 1, 0, 1, 1, 1, 1, 1, 0, 1, 0]
Fitness: 925.709556 	[1, 12, 4, 13, 0, 5, 14, 0, 8, 10, 3, 2, 0, 6, 7, 9, 15, 11, 0, 1, 1, 0, 1, 0, 1, 1, 0, 1, 0, 1, 1, 1, 1, 0]
Fitness: 923.792635 	[2, 5, 11, 0, 3, 15, 1, 10, 8, 0, 13, 6, 12, 7, 14, 0, 9, 4, 0, 1, 0, 1, 1, 1, 1, 0, 1, 1, 1, 0, 1, 1, 0, 0]
Fitness: 923.792635 	[2, 5, 11, 0, 3, 15, 1, 10, 8, 0, 13, 6, 12, 7, 14, 0, 9, 4, 0, 1, 0, 1, 1, 1, 1, 0, 1, 1, 1, 0, 1, 1, 0, 0]
Fitness: 923.792635 	[2, 5, 11, 0, 3, 15, 1, 10, 8, 0, 13, 6, 12, 7, 14, 0, 9, 4, 0, 1, 0, 1, 1, 1, 1, 0, 1, 1, 1, 0, 1, 1, 0, 0]
Fitness: 913.445632 	[2, 15, 3, 11, 4, 0, 1, 13, 7, 8, 12, 0, 5, 0, 10, 14, 9, 6, 0, 1, 0, 0, 1, 1, 1, 0, 1, 1, 1, 0, 1, 1, 1, 0]
Fitness: 912.620864 	[8, 9, 10, 14, 0, 13, 4, 5, 0, 15, 3, 0, 6, 7, 12, 11, 2, 1, 0, 0, 1, 1, 1, 0, 1, 1, 1, 1, 1, 0, 1, 1, 0, 0]
Fitness: 912.065907 	[4, 0, 11, 0, 9, 1, 3, 2, 0, 12, 15, 6, 5, 13, 8, 10, 7, 14, 0, 1, 1, 0, 1, 1, 1, 1, 0, 0, 1, 1, 1, 0, 1, 0]
Fitness: 911.668265 	[14, 1, 11, 0, 7, 4, 2, 13, 0, 3, 5, 9, 8, 0, 12, 6, 10, 15, 0, 1, 1, 0, 1, 1, 1, 1, 1, 0, 1, 0, 1, 1, 0, 0]
Fitness: 911.668265 	[14, 1, 11, 0, 7, 4, 2, 13, 0, 3, 5, 9, 8, 0, 12, 6, 10, 15, 0, 1, 1, 0, 1, 1, 1, 1, 1, 0, 1, 0, 1, 1, 0, 0]
Fitness: 908.906416 	[11, 13, 1, 3, 10, 15, 7, 0, 14, 0, 5, 6, 0, 12, 9, 4, 2, 8, 0, 1, 0, 1, 1, 1, 0, 0, 1, 1, 1, 1, 0, 1, 1, 0]
Fitness: 908.483007 	[3, 1, 0, 10, 14, 0, 4, 0, 7, 12, 6, 2, 5, 15, 8, 9, 11, 13, 0, 1, 0, 1, 0, 1, 1, 0, 1, 1, 1, 1, 1, 0, 1, 0]
Fitness: 905.934699 	[11, 0, 7, 8, 5, 10, 6, 2, 0, 14, 15, 0, 3, 13, 1, 12, 9, 4, 0, 0, 1, 1, 0, 1, 0, 1, 1, 1, 1, 1, 0, 1, 1, 0]
Fitness: 905.550302 	[9, 10, 4, 6, 0, 5, 14, 11, 0, 7, 8, 2, 12, 13, 15, 0, 3, 1, 0, 1, 0, 1, 0, 1, 0, 1, 1, 1, 1, 1, 0, 1, 1, 0]
Fitness: 899.800932 	[12, 15, 6, 5, 13, 8, 10, 7, 14, 0, 9, 1, 3, 2, 0, 11, 0, 4, 0, 1, 0, 1, 1, 1, 1, 0, 1, 0, 1, 1, 1, 0, 1, 0]
Fitness: 895.125245 	[14, 11, 0, 12, 6, 10, 15, 0, 3, 5, 9, 8, 0, 7, 4, 2, 13, 1, 0, 1, 1, 0, 1, 1, 1, 1, 0, 0, 1, 0, 1, 1, 1, 0]
Fitness: 893.601251 	[13, 6, 12, 7, 14, 0, 3, 15, 1, 10, 0, 2, 5, 11, 8, 0, 9, 4, 0, 1, 0, 1, 1, 1, 1, 0, 1, 1, 1, 0, 0, 1, 1, 0]
Fitness: 892.131234 	[11, 14, 1, 3, 4, 0, 9, 10, 7, 5, 0, 15, 12, 13, 2, 8, 0, 6, 0, 1, 1, 0, 1, 1, 1, 1, 0, 0, 1, 0, 1, 1, 1, 0]
Fitness: 890.615972 	[6, 2, 14, 1, 4, 8, 9, 0, 5, 13, 0, 3, 10, 12, 7, 11, 0, 15, 0, 0, 1, 1, 1, 1, 0, 1, 1, 0, 1, 1, 0, 1, 1, 0]
Fitness: 890.615972 	[6, 2, 14, 1, 4, 8, 9, 0, 5, 13, 0, 3, 10, 12, 7, 11, 0, 15, 0, 0, 1, 1, 1, 1, 0, 1, 1, 0, 1, 1, 0, 1, 1, 0]
Fitness: 890.615972 	[6, 2, 14, 1, 4, 8, 9, 0, 5, 13, 0, 15, 0, 3, 10, 12, 7, 11, 0, 0, 1, 1, 1, 1, 0, 1, 1, 0, 1, 1, 0, 1, 1, 0]
Fitness: 887.684640 	[6, 0, 1, 7, 13, 2, 12, 9, 0, 5, 11, 8, 15, 0, 3, 4, 10, 14, 0, 1, 1, 0, 1, 0, 1, 0, 1, 1, 1, 0, 1, 1, 1, 0]
Fitness: 887.684640 	[6, 0, 1, 7, 13, 2, 12, 9, 0, 5, 11, 8, 15, 0, 3, 4, 10, 14, 0, 1, 1, 0, 1, 0, 1, 0, 1, 1, 1, 0, 1, 1, 1, 0]
Fitness: 883.265827 	[9, 10, 4, 0, 5, 14, 11, 0, 7, 8, 2, 12, 13, 15, 0, 3, 1, 6, 0, 0, 1, 1, 0, 1, 0, 1, 1, 1, 1, 1, 0, 1, 1, 0]
Fitness: 882.739777 	[4, 0, 7, 12, 6, 2, 5, 15, 8, 9, 11, 13, 0, 3, 1, 0, 10, 14, 0, 1, 0, 1, 0, 1, 1, 0, 1, 1, 1, 1, 1, 0, 1, 0]
Fitness: 878.945159 	[14, 1, 11, 0, 3, 5, 9, 8, 12, 6, 10, 15, 0, 13, 0, 7, 4, 2, 0, 1, 1, 0, 1, 1, 1, 1, 0, 0, 1, 0, 1, 1, 1, 0]
Fitness: 878.945159 	[14, 1, 11, 0, 3, 5, 9, 8, 12, 6, 10, 15, 0, 13, 0, 7, 4, 2, 0, 1, 1, 0, 1, 1, 1, 1, 0, 0, 1, 0, 1, 1, 1, 0]
Fitness: 878.945159 	[14, 1, 11, 0, 3, 5, 9, 8, 12, 6, 10, 15, 0, 13, 0, 7, 4, 2, 0, 1, 1, 0, 1, 1, 1, 1, 0, 0, 1, 0, 1, 1, 1, 0]
Fitness: 878.945159 	[14, 1, 11, 0, 3, 5, 9, 8, 12, 6, 10, 15, 0, 13, 0, 7, 4, 2, 0, 1, 1, 0, 1, 1, 1, 1, 0, 0, 1, 0, 1, 1, 1, 0]
Fitness: 873.893278 	[9, 1, 3, 2, 0, 12, 15, 6, 5, 13, 8, 10, 7, 14, 0, 11, 0, 4, 0, 1, 1, 0, 1, 1, 1, 1, 0, 0, 1, 1, 1, 0, 1, 0]
Fitness: 869.957903 	[14, 9, 1, 3, 13, 7, 0, 11, 0, 8, 6, 4, 10, 0, 2, 12, 5, 15, 0, 1, 1, 0, 1, 1, 0, 1, 1, 1, 0, 0, 1, 1, 1, 0]
Fitness: 887.684640 	[6, 0, 1, 7, 13, 2, 12, 9, 0, 5, 11, 8, 15, 0, 3, 4, 10, 14, 0, 1, 1, 0, 1, 0, 1, 0, 1, 1, 1, 0, 1, 1, 1, 0]
Fitness: 1200.317426 	[9, 4, 0, 10, 12, 7, 2, 13, 3, 8, 0, 5, 11, 14, 0, 15, 1, 6, 0, 0, 1, 1, 1, 1, 0, 1, 1, 0, 1, 1, 0, 1, 1, 0]
Fitness: 887.684640 	[9, 2, 0, 5, 11, 8, 15, 0, 3, 4, 10, 14, 0, 12, 1, 6, 13, 7, 0, 1, 1, 0, 1, 0, 1, 0, 1, 1, 1, 0, 1, 1, 1, 0]
Fitness: 1004.981864 	[10, 14, 9, 6, 0, 1, 13, 7, 8, 12, 0, 5, 0, 2, 15, 3, 11, 4, 0, 1, 0, 0, 1, 1, 1, 0, 1, 1, 1, 0, 1, 1, 1, 0]
Fitness: 869.957903 	[14, 9, 1, 3, 13, 7, 0, 11, 0, 8, 6, 4, 10, 0, 2, 12, 5, 15, 0, 1, 1, 0, 1, 1, 0, 1, 1, 1, 0, 0, 1, 1, 1, 0]
Fitness: 1004.981864 	[8, 1, 13, 7, 0, 2, 15, 3, 11, 4, 0, 10, 14, 9, 6, 0, 12, 5, 0, 1, 0, 0, 1, 1, 1, 0, 1, 1, 1, 0, 1, 1, 1, 0]
Fitness: 1095.992112 	[4, 14, 15, 10, 0, 9, 13, 1, 0, 11, 3, 8, 5, 12, 6, 7, 0, 2, 0, 0, 1, 1, 0, 1, 1, 1, 0, 1, 1, 1, 1, 0, 1, 0]
Fitness: 908.483007 	[3, 1, 0, 10, 14, 0, 4, 0, 7, 12, 6, 2, 5, 15, 8, 9, 11, 13, 0, 1, 0, 1, 0, 1, 1, 0, 1, 1, 1, 1, 1, 0, 1, 0]
Fitness: 1095.992112 	[3, 0, 4, 14, 15, 10, 0, 9, 13, 1, 0, 7, 12, 6, 2, 5, 8, 11, 0, 0, 1, 1, 0, 1, 1, 1, 0, 1, 0, 1, 1, 1, 1, 0]
Fitness: 959.416920 	[12, 15, 6, 5, 13, 8, 10, 7, 14, 0, 9, 1, 3, 2, 0, 4, 0, 11, 0, 1, 0, 1, 1, 1, 0, 1, 0, 1, 1, 1, 1, 0, 1, 0]
Fitness: 973.193899 	[6, 2, 12, 11, 0, 3, 13, 7, 0, 14, 9, 1, 0, 8, 5, 15, 4, 10, 0, 1, 1, 0, 1, 1, 0, 1, 0, 1, 1, 0, 1, 1, 1, 0]
Fitness: 959.416920 	[6, 2, 12, 1, 0, 11, 0, 4, 0, 8, 5, 15, 3, 10, 7, 9, 13, 14, 0, 1, 0, 1, 1, 1, 1, 0, 1, 0, 1, 1, 1, 0, 1, 0]
Fitness: 977.282644 	[4, 0, 3, 15, 1, 10, 8, 0, 13, 6, 12, 7, 14, 0, 2, 5, 9, 11, 0, 1, 0, 1, 0, 1, 1, 0, 1, 1, 1, 1, 1, 1, 0, 0]
Fitness: 882.739777 	[4, 0, 7, 12, 6, 2, 5, 15, 8, 9, 11, 13, 0, 3, 1, 0, 10, 14, 0, 1, 0, 1, 0, 1, 1, 0, 1, 1, 1, 1, 1, 0, 1, 0]
Fitness: 977.282644 	[4, 0, 2, 5, 9, 11, 0, 3, 15, 1, 10, 8, 0, 13, 6, 12, 7, 14, 0, 1, 0, 1, 1, 1, 1, 0, 1, 1, 1, 0, 1, 1, 0, 0]
Fitness: 937.290057 	[8, 11, 12, 14, 15, 7, 0, 6, 1, 2, 5, 0, 13, 3, 10, 0, 4, 9, 0, 1, 1, 1, 0, 1, 1, 0, 1, 1, 1, 1, 0, 1, 0, 0]
Fitness: 1106.071377 	[3, 1, 6, 0, 9, 4, 0, 5, 11, 14, 10, 0, 7, 8, 2, 12, 13, 15, 0, 0, 1, 1, 0, 1, 1, 0, 1, 1, 1, 1, 0, 1, 1, 0]
Fitness: 937.290057 	[3, 1, 6, 0, 13, 2, 0, 4, 9, 0, 8, 11, 12, 14, 15, 7, 10, 5, 0, 1, 0, 1, 1, 0, 1, 1, 1, 1, 0, 1, 1, 1, 0, 0]
Fitness: 911.668265 	[14, 1, 11, 0, 7, 4, 2, 13, 0, 3, 5, 9, 8, 0, 12, 6, 10, 15, 0, 1, 1, 0, 1, 1, 1, 1, 1, 0, 1, 0, 1, 1, 0, 0]
Fitness: 1224.388568 	[4, 0, 6, 14, 13, 0, 11, 9, 10, 5, 12, 8, 0, 1, 2, 3, 7, 15, 0, 1, 0, 1, 1, 1, 0, 1, 1, 1, 1, 0, 1, 0, 1, 0]
Fitness: 911.668265 	[14, 1, 11, 0, 3, 5, 9, 8, 0, 4, 13, 10, 6, 12, 0, 2, 7, 15, 0, 1, 1, 0, 1, 1, 1, 1, 1, 0, 1, 0, 1, 1, 0, 0]
Fitness: 1024.209850 	[9, 4, 0, 3, 15, 1, 10, 8, 0, 11, 6, 2, 0, 12, 13, 5, 14, 7, 0, 1, 0, 1, 1, 1, 1, 0, 1, 1, 1, 0, 1, 1, 0, 0]
Fitness: 890.615972 	[10, 12, 3, 0, 6, 2, 14, 1, 4, 8, 9, 0, 5, 13, 0, 7, 15, 11, 0, 0, 1, 1, 1, 1, 0, 1, 1, 0, 1, 1, 0, 1, 1, 0]
Fitness: 940.037196 	[9, 11, 1, 6, 2, 10, 0, 5, 0, 14, 3, 7, 8, 13, 12, 0, 4, 15, 0, 0, 1, 1, 1, 1, 1, 0, 1, 1, 1, 0, 1, 0, 1, 0]
Fitness: 923.792635 	[2, 5, 11, 0, 3, 15, 1, 10, 8, 0, 13, 6, 12, 7, 14, 0, 9, 4, 0, 1, 0, 1, 1, 1, 1, 0, 1, 1, 1, 0, 1, 1, 0, 0]
Fitness: 940.037196 	[9, 11, 1, 6, 2, 10, 0, 14, 3, 7, 8, 13, 12, 0, 5, 15, 0, 4, 0, 0, 1, 1, 1, 1, 1, 0, 1, 1, 0, 1, 1, 0, 1, 0]
Fitness: 1172.097819 	[3, 10, 15, 7, 0, 11, 13, 1, 0, 5, 6, 0, 12, 9, 4, 2, 8, 14, 0, 1, 0, 1, 0, 1, 1, 0, 1, 1, 1, 1, 0, 1, 1, 0]
Fitness: 1001.240853 	[13, 7, 10, 9, 0, 2, 0, 6, 5, 8, 12, 3, 4, 14, 0, 15, 1, 11, 0, 1, 0, 1, 0, 1, 1, 0, 1, 1, 1, 1, 0, 1, 1, 0]
Fitness: 1172.097819 	[2, 7, 10, 9, 0, 11, 13, 1, 0, 5, 6, 0, 15, 3, 4, 8, 12, 14, 0, 1, 0, 1, 0, 1, 1, 0, 1, 1, 1, 1, 0, 1, 1, 0]
Fitness: 937.001618 	[11, 9, 4, 0, 13, 0, 5, 6, 15, 0, 3, 7, 1, 10, 14, 12, 2, 8, 0, 1, 1, 0, 1, 0, 1, 1, 0, 0, 1, 1, 1, 1, 1, 0]
Fitness: 912.065907 	[4, 0, 11, 0, 9, 1, 3, 2, 0, 12, 15, 6, 5, 13, 8, 10, 7, 14, 0, 1, 1, 0, 1, 1, 1, 1, 0, 0, 1, 1, 1, 0, 1, 0]
Fitness: 937.001618 	[11, 9, 4, 0, 5, 6, 15, 0, 1, 3, 2, 0, 12, 13, 8, 10, 7, 14, 0, 1, 1, 0, 1, 0, 1, 0, 1, 1, 1, 0, 1, 1, 1, 0]
Fitness: 1069.514486 	[10, 2, 13, 3, 12, 0, 15, 8, 5, 4, 7, 0, 11, 6, 1, 0, 14, 9, 0, 0, 1, 1, 1, 0, 1, 1, 1, 0, 1, 1, 0, 1, 1, 0]
Fitness: 873.893278 	[9, 1, 3, 2, 0, 12, 15, 6, 5, 13, 8, 10, 7, 14, 0, 11, 0, 4, 0, 1, 1, 0, 1, 1, 1, 1, 0, 0, 1, 1, 1, 0, 1, 0]
Fitness: 1069.514486 	[15, 8, 5, 4, 7, 0, 11, 6, 1, 0, 2, 0, 3, 9, 10, 12, 13, 14, 0, 0, 1, 1, 1, 0, 1, 1, 1, 0, 1, 1, 0, 1, 1, 0]
Fitness: 913.445632 	[2, 0, 1, 13, 7, 8, 12, 0, 10, 14, 9, 6, 0, 4, 3, 5, 11, 15, 0, 1, 0, 0, 1, 1, 1, 0, 1, 1, 1, 0, 1, 1, 1, 0]
Fitness: 994.432550 	[1, 0, 11, 9, 4, 0, 15, 12, 13, 8, 2, 0, 3, 6, 7, 10, 14, 5, 0, 0, 1, 0, 1, 1, 1, 1, 1, 0, 1, 1, 0, 1, 1, 0]
Fitness: 987.385037 	[12, 13, 1, 0, 15, 7, 5, 8, 11, 2, 6, 0, 4, 9, 14, 0, 10, 3, 0, 1, 0, 1, 1, 1, 1, 0, 1, 0, 1, 1, 0, 1, 1, 0]
Fitness: 994.432550 	[9, 11, 1, 0, 3, 6, 7, 10, 14, 5, 0, 15, 12, 13, 8, 2, 0, 4, 0, 0, 1, 0, 1, 1, 1, 1, 1, 0, 1, 0, 1, 1, 1, 0]
Fitness: 1201.004275 	[14, 9, 11, 0, 7, 8, 2, 10, 12, 13, 15, 0, 3, 1, 6, 0, 5, 4, 0, 0, 1, 1, 1, 1, 0, 1, 1, 0, 1, 1, 0, 1, 1, 0]
Fitness: 952.506962 	[13, 0, 11, 9, 4, 0, 5, 6, 15, 0, 3, 7, 1, 10, 14, 12, 2, 8, 0, 1, 1, 1, 0, 1, 1, 1, 1, 0, 1, 1, 0, 1, 0, 0]
Fitness: 1148.922274 	[9, 10, 4, 6, 0, 7, 8, 2, 12, 13, 15, 0, 5, 14, 11, 0, 3, 1, 0, 1, 0, 1, 0, 1, 0, 1, 1, 1, 1, 1, 0, 1, 1, 0]
Fitness: 952.506962 	[13, 0, 3, 7, 1, 10, 14, 12, 2, 8, 0, 5, 9, 11, 0, 4, 6, 15, 0, 1, 1, 1, 0, 1, 1, 1, 1, 0, 1, 1, 0, 1, 0, 0]
Fitness: 1095.992112 	[4, 14, 15, 10, 0, 9, 13, 1, 0, 11, 3, 8, 5, 12, 6, 7, 0, 2, 0, 0, 1, 1, 0, 1, 1, 1, 0, 1, 0, 1, 1, 1, 1, 0]
Fitness: 1037.757929 	[1, 0, 3, 15, 8, 0, 2, 5, 11, 0, 9, 4, 6, 7, 10, 12, 13, 14, 0, 1, 0, 1, 1, 1, 1, 0, 1, 1, 0, 1, 1, 1, 0, 0]
Fitness: 1095.992112 	[2, 0, 11, 3, 8, 5, 12, 6, 7, 0, 9, 13, 1, 0, 15, 4, 10, 14, 0, 0, 1, 1, 0, 1, 1, 1, 0, 1, 0, 1, 1, 1, 1, 0]
Fitness: 890.615972 	[6, 2, 14, 1, 4, 8, 9, 0, 5, 13, 0, 3, 10, 12, 7, 11, 0, 15, 0, 0, 1, 1, 1, 1, 0, 1, 1, 0, 1, 1, 0, 1, 1, 0]
Fitness: 980.844783 	[5, 0, 9, 11, 1, 6, 2, 10, 0, 4, 15, 0, 14, 3, 7, 8, 13, 12, 0, 0, 1, 1, 0, 1, 1, 1, 1, 1, 0, 1, 1, 0, 1, 0]
Fitness: 890.615972 	[8, 0, 9, 4, 1, 6, 2, 14, 0, 3, 10, 12, 7, 11, 0, 5, 13, 15, 0, 0, 1, 1, 1, 1, 0, 1, 1, 0, 1, 1, 0, 1, 1, 0]
Fitness: 1200.317426 	[9, 4, 0, 10, 12, 7, 2, 13, 3, 8, 0, 5, 11, 14, 0, 15, 1, 6, 0, 0, 1, 1, 1, 1, 0, 1, 1, 0, 1, 1, 0, 1, 1, 0]
Fitness: 1039.527580 	[12, 6, 13, 1, 0, 15, 7, 5, 8, 11, 2, 0, 4, 9, 14, 0, 10, 3, 0, 1, 0, 1, 1, 1, 0, 1, 1, 0, 1, 1, 0, 1, 1, 0]
Fitness: 1200.317426 	[15, 1, 6, 0, 9, 4, 0, 2, 5, 14, 0, 10, 3, 7, 8, 11, 12, 13, 0, 0, 1, 1, 1, 1, 0, 1, 1, 0, 1, 1, 0, 1, 1, 0]
Fitness: 883.265827 	[9, 10, 4, 0, 5, 14, 11, 0, 7, 8, 2, 12, 13, 15, 0, 3, 1, 6, 0, 0, 1, 1, 0, 1, 1, 0, 1, 1, 1, 1, 0, 1, 1, 0]
Fitness: 899.800932 	[12, 15, 6, 5, 13, 8, 10, 7, 14, 0, 9, 1, 3, 2, 0, 11, 0, 4, 0, 1, 0, 1, 1, 1, 1, 0, 1, 0, 1, 1, 1, 0, 1, 0]
Fitness: 883.265827 	[11, 4, 5, 10, 14, 0, 9, 0, 3, 1, 6, 0, 7, 8, 2, 12, 13, 15, 0, 0, 1, 1, 0, 1, 0, 1, 1, 1, 1, 1, 0, 1, 1, 0]
Fitness: 952.548636 	[1, 0, 9, 0, 6, 15, 0, 13, 2, 3, 4, 5, 7, 8, 10, 11, 12, 14, 0, 0, 0, 1, 1, 0, 1, 1, 1, 1, 1, 0, 1, 1, 1, 0]
Fitness: 878.945159 	[3, 5, 9, 8, 12, 6, 10, 15, 0, 7, 4, 2, 0, 11, 13, 0, 1, 14, 0, 1, 1, 0, 1, 1, 1, 1, 0, 0, 1, 0, 1, 1, 1, 0]
Fitness: 905.550302 	[9, 10, 4, 6, 0, 5, 14, 11, 0, 7, 8, 2, 12, 13, 15, 0, 3, 1, 0, 1, 0, 1, 0, 1, 0, 1, 1, 1, 1, 1, 0, 1, 1, 0]
Fitness: 1125.826350 	[4, 0, 11, 0, 9, 1, 3, 2, 0, 12, 15, 6, 5, 13, 8, 10, 7, 14, 0, 1, 0, 1, 1, 1, 1, 0, 1, 0, 1, 1, 1, 0, 1, 0]
Fitness: 905.550302 	[1, 0, 11, 0, 9, 10, 4, 6, 0, 7, 8, 2, 12, 13, 15, 3, 5, 14, 0, 1, 0, 1, 0, 1, 0, 1, 1, 1, 1, 1, 0, 1, 1, 0]
Fitness: 980.844783 	[5, 0, 9, 11, 1, 6, 2, 10, 0, 4, 15, 0, 14, 3, 7, 8, 13, 12, 0, 0, 1, 1, 0, 1, 1, 1, 1, 0, 1, 1, 1, 0, 1, 0]
Fitness: 911.668265 	[14, 1, 11, 0, 7, 4, 2, 13, 0, 3, 5, 9, 8, 0, 12, 6, 10, 15, 0, 1, 1, 0, 1, 1, 1, 1, 1, 0, 1, 0, 1, 1, 0, 0]
Fitness: 980.844783 	[14, 1, 11, 0, 4, 15, 0, 5, 0, 12, 6, 10, 2, 3, 7, 8, 9, 13, 0, 0, 1, 1, 0, 1, 1, 1, 1, 1, 0, 1, 1, 0, 1, 0]
Fitness: 959.187788 	[6, 13, 15, 0, 8, 2, 0, 12, 14, 5, 3, 0, 4, 11, 10, 9, 1, 7, 0, 1, 1, 1, 1, 0, 0, 1, 1, 0, 1, 1, 0, 1, 1, 0]
Fitness: 912.620864 	[8, 9, 10, 14, 0, 13, 4, 5, 0, 3, 0, 6, 7, 12, 11, 2, 1, 15, 0, 0, 1, 1, 1, 1, 1, 0, 1, 1, 1, 0, 1, 1, 0, 0]
Fitness: 913.445632 	[2, 15, 11, 4, 0, 1, 13, 7, 8, 12, 0, 5, 3, 0, 10, 14, 9, 6, 0, 1, 1, 0, 1, 1, 0, 0, 1, 1, 1, 0, 1, 1, 1, 0]
Fitness: 959.187788 	[6, 13, 15, 0, 8, 2, 7, 0, 12, 14, 5, 0, 3, 4, 11, 10, 9, 1, 0, 1, 1, 1, 0, 1, 0, 1, 1, 0, 1, 1, 0, 1, 1, 0]
Fitness: 1004.981864 	[8, 1, 13, 7, 0, 2, 3, 11, 4, 0, 10, 14, 9, 6, 0, 12, 5, 15, 0, 1, 0, 0, 1, 0, 1, 0, 1, 1, 1, 1, 1, 1, 1, 0]
Fitness: 1069.514486 	[10, 2, 13, 3, 12, 0, 15, 8, 5, 4, 7, 0, 11, 1, 0, 14, 9, 6, 0, 0, 0, 1, 1, 0, 1, 1, 1, 1, 1, 1, 0, 1, 1, 0]
Fitness: 1125.826350 	[4, 0, 11, 0, 9, 1, 3, 2, 15, 0, 12, 6, 5, 13, 8, 10, 7, 14, 0, 1, 0, 1, 1, 1, 1, 1, 1, 0, 0, 1, 1, 0, 1, 0]
Fitness: 937.290057 	[8, 11, 12, 14, 15, 7, 0, 6, 1, 2, 5, 0, 3, 10, 0, 4, 9, 13, 0, 0, 1, 1, 0, 1, 1, 0, 1, 1, 1, 1, 0, 1, 1, 0]
Fitness: 912.065907 	[12, 15, 6, 5, 0, 11, 4, 0, 9, 1, 3, 2, 0, 13, 8, 10, 7, 14, 0, 1, 1, 0, 1, 1, 1, 1, 0, 0, 1, 1, 0, 1, 1, 0]
Fitness: 882.739777 	[7, 12, 6, 2, 5, 0, 15, 8, 9, 11, 13, 0, 3, 1, 4, 0, 10, 14, 0, 1, 0, 1, 0, 1, 1, 1, 1, 1, 1, 1, 1, 0, 0, 0]
Fitness: 878.945159 	[3, 5, 9, 8, 12, 6, 10, 15, 13, 0, 7, 4, 2, 0, 11, 0, 1, 14, 0, 1, 1, 0, 1, 1, 0, 1, 0, 1, 1, 0, 1, 1, 1, 0]
Fitness: 1106.071377 	[3, 1, 6, 0, 9, 4, 0, 11, 14, 10, 0, 7, 8, 2, 12, 13, 15, 5, 0, 0, 1, 1, 0, 1, 1, 0, 1, 0, 1, 1, 1, 1, 1, 0]
Fitness: 925.709556 	[1, 12, 4, 13, 0, 5, 0, 8, 10, 3, 2, 0, 6, 7, 9, 15, 11, 14, 0, 1, 1, 1, 1, 0, 1, 1, 0, 1, 0, 0, 1, 1, 1, 0]
Fitness: 1024.209850 	[2, 11, 0, 3, 15, 1, 10, 8, 0, 9, 4, 0, 13, 6, 12, 7, 14, 5, 0, 0, 1, 1, 1, 1, 1, 0, 1, 1, 1, 0, 1, 1, 0, 0]
Fitness: 987.385037 	[12, 13, 0, 15, 7, 5, 8, 11, 2, 6, 0, 4, 9, 14, 0, 10, 3, 1, 0, 1, 0, 1, 0, 1, 1, 1, 1, 0, 1, 1, 0, 1, 1, 0]
Fitness: 973.193899 	[6, 2, 12, 11, 0, 13, 7, 0, 14, 9, 1, 3, 0, 8, 5, 15, 4, 10, 0, 1, 1, 0, 1, 1, 0, 1, 1, 1, 1, 0, 0, 1, 1, 0]
Fitness: 952.548636 	[4, 14, 7, 2, 9, 0, 11, 12, 5, 8, 3, 1, 10, 0, 13, 0, 6, 15, 0, 0, 1, 1, 1, 0, 1, 1, 1, 1, 0, 0, 1, 1, 1, 0]
Fitness: 977.282644 	[4, 0, 2, 9, 11, 0, 3, 15, 1, 10, 8, 0, 13, 6, 12, 7, 14, 5, 0, 1, 0, 1, 0, 1, 1, 0, 1, 1, 1, 1, 1, 1, 0, 0]
Fitness: 1004.981864 	[10, 14, 9, 6, 13, 0, 1, 7, 8, 12, 0, 5, 0, 2, 15, 3, 11, 4, 0, 1, 1, 0, 1, 1, 1, 0, 1, 0, 1, 0, 1, 1, 1, 0]
Fitness: 1039.527580 	[12, 6, 13, 1, 0, 15, 7, 5, 8, 11, 2, 0, 4, 9, 14, 10, 0, 3, 0, 1, 1, 1, 1, 1, 0, 1, 1, 0, 0, 1, 0, 1, 1, 0]
Fitness: 869.957903 	[14, 9, 1, 3, 7, 0, 11, 0, 8, 6, 4, 10, 0, 2, 12, 5, 15, 13, 0, 1, 1, 0, 1, 1, 1, 1, 1, 0, 0, 0, 1, 1, 1, 0]
Fitness: 933.154328 	[3, 0, 7, 12, 6, 2, 5, 15, 8, 9, 11, 13, 0, 4, 0, 10, 14, 1, 0, 1, 0, 1, 0, 1, 1, 1, 1, 1, 0, 1, 1, 0, 1, 0]
Fitness: 1120.300480 	[15, 6, 11, 0, 10, 13, 8, 1, 0, 2, 3, 9, 7, 12, 5, 14, 0, 4, 0, 1, 0, 1, 0, 0, 1, 1, 1, 1, 0, 1, 1, 1, 1, 0]
Fitness: 980.844783 	[5, 14, 0, 9, 11, 1, 6, 2, 10, 0, 4, 15, 0, 3, 7, 8, 13, 12, 0, 1, 1, 0, 0, 1, 1, 1, 1, 0, 1, 1, 1, 0, 1, 0]
Fitness: 923.792635 	[2, 5, 0, 3, 15, 1, 10, 8, 11, 0, 13, 6, 12, 7, 14, 0, 9, 4, 0, 1, 1, 0, 1, 1, 1, 0, 1, 1, 1, 0, 1, 1, 0, 0]
Fitness: 952.548636 	[13, 2, 3, 4, 5, 0, 9, 1, 0, 6, 15, 0, 7, 8, 10, 11, 12, 14, 0, 0, 0, 0, 1, 1, 1, 1, 1, 1, 1, 0, 1, 1, 1, 0]
Fitness: 1108.573033 	[8, 11, 12, 14, 7, 0, 6, 1, 2, 5, 15, 0, 4, 9, 10, 0, 13, 3, 0, 1, 1, 0, 1, 1, 1, 1, 0, 1, 0, 1, 1, 0, 1, 0]
Fitness: 1037.757929 	[1, 0, 3, 8, 0, 2, 5, 11, 0, 9, 4, 6, 7, 10, 12, 13, 14, 15, 0, 1, 0, 1, 1, 1, 1, 0, 0, 1, 1, 1, 1, 1, 0, 0]
Fitness: 890.615972 	[6, 2, 1, 4, 8, 9, 0, 5, 13, 14, 0, 3, 10, 12, 7, 11, 0, 15, 0, 0, 1, 1, 1, 1, 0, 1, 1, 0, 1, 1, 1, 1, 0, 0]
Fitness: 923.792635 	[2, 5, 11, 0, 3, 15, 1, 8, 0, 13, 6, 12, 7, 14, 0, 9, 4, 10, 0, 1, 1, 1, 1, 0, 1, 0, 1, 1, 1, 0, 1, 1, 0, 0]
Fitness: 1095.992112 	[4, 14, 15, 10, 0, 9, 13, 1, 0, 12, 6, 7, 2, 0, 11, 3, 8, 5, 0, 0, 1, 1, 0, 1, 1, 0, 0, 1, 1, 1, 1, 1, 1, 0]
Fitness: 1200.317426 	[15, 1, 6, 0, 9, 4, 3, 0, 2, 5, 14, 0, 10, 7, 8, 11, 12, 13, 0, 1, 1, 1, 0, 1, 0, 1, 1, 0, 1, 1, 0, 1, 1, 0]
Fitness: 952.506962 	[13, 12, 0, 3, 7, 1, 10, 14, 2, 8, 0, 5, 9, 11, 0, 4, 6, 15, 0, 1, 1, 1, 0, 1, 1, 1, 1, 0, 0, 1, 0, 1, 1, 0]
Fitness: 895.125245 	[14, 11, 12, 0, 6, 10, 15, 0, 3, 5, 9, 8, 0, 7, 4, 2, 13, 1, 0, 1, 1, 0, 0, 1, 1, 1, 1, 0, 1, 0, 1, 1, 1, 0]
Fitness: 1200.317426 	[9, 4, 7, 0, 10, 12, 2, 13, 3, 8, 0, 5, 11, 14, 0, 15, 1, 6, 0, 0, 1, 1, 1, 1, 1, 1, 1, 0, 1, 1, 0, 1, 0, 0]
Fitness: 1125.826350 	[4, 0, 11, 2, 0, 9, 1, 3, 0, 12, 15, 6, 5, 13, 8, 10, 7, 14, 0, 1, 1, 1, 1, 1, 0, 0, 1, 0, 1, 1, 1, 0, 1, 0]
Fitness: 1004.981864 	[10, 14, 9, 6, 7, 0, 1, 13, 8, 12, 0, 2, 15, 3, 11, 4, 0, 5, 0, 1, 1, 0, 1, 1, 1, 0, 0, 1, 1, 0, 1, 1, 1, 0]
Fitness: 911.668265 	[14, 1, 11, 0, 3, 5, 9, 8, 2, 0, 4, 13, 10, 6, 12, 0, 7, 15, 0, 1, 1, 1, 0, 1, 1, 1, 1, 0, 1, 0, 1, 1, 0, 0]
Fitness: 878.945159 	[14, 1, 11, 8, 0, 3, 5, 9, 12, 6, 10, 15, 0, 13, 0, 7, 4, 2, 0, 0, 1, 0, 1, 1, 1, 1, 0, 1, 1, 0, 1, 1, 1, 0]
Fitness: 987.258842 	[8, 11, 12, 14, 15, 7, 0, 6, 1, 2, 5, 0, 4, 9, 10, 0, 13, 3, 0, 1, 1, 1, 1, 0, 1, 1, 1, 1, 0, 1, 1, 0, 0, 0]
Fitness: 979.297433 	[3, 1, 6, 0, 9, 4, 8, 0, 5, 11, 14, 10, 0, 7, 2, 12, 13, 15, 0, 1, 1, 1, 0, 1, 0, 1, 1, 1, 0, 1, 0, 1, 1, 0]
Fitness: 905.550302 	[1, 0, 11, 0, 9, 10, 4, 6, 12, 0, 7, 8, 2, 13, 15, 3, 5, 14, 0, 1, 1, 1, 0, 1, 0, 1, 1, 1, 1, 1, 0, 1, 0, 0]
Fitness: 994.432550 	[1, 0, 11, 9, 4, 12, 0, 15, 13, 8, 2, 0, 3, 6, 7, 10, 14, 5, 0, 0, 1, 1, 1, 1, 1, 1, 1, 0, 1, 1, 0, 1, 0, 0]
Fitness: 1200.317426 	[9, 0, 15, 1, 6, 0, 5, 11, 14, 0, 10, 12, 7, 2, 13, 3, 8, 4, 0, 0, 1, 1, 0, 1, 0, 1, 1, 1, 1, 1, 0, 1, 1, 0]
Fitness: 1200.317426 	[4, 0, 10, 12, 7, 2, 13, 3, 8, 9, 0, 5, 11, 14, 0, 15, 1, 6, 0, 0, 0, 1, 1, 1, 0, 1, 1, 0, 1, 1, 1, 1, 1, 0]
Fitness: 952.506962 	[13, 0, 11, 9, 0, 5, 6, 15, 4, 0, 3, 7, 1, 10, 14, 12, 2, 8, 0, 1, 1, 1, 0, 1, 1, 1, 1, 1, 1, 0, 0, 1, 0, 0]
Fitness: 937.290057 	[1, 6, 0, 13, 2, 3, 0, 4, 9, 0, 8, 11, 12, 14, 15, 7, 10, 5, 0, 0, 0, 1, 1, 1, 1, 1, 1, 1, 0, 1, 1, 1, 0, 0]
Fitness: 1069.514486 	[15, 8, 5, 4, 7, 0, 11, 6, 1, 0, 2, 3, 0, 9, 10, 12, 13, 14, 0, 0, 1, 1, 1, 0, 0, 1, 1, 1, 1, 1, 0, 1, 1, 0]
Fitness: 1148.922274 	[9, 10, 4, 6, 1, 0, 7, 8, 2, 12, 13, 15, 0, 5, 14, 11, 0, 3, 0, 1, 0, 1, 0, 1, 1, 1, 0, 1, 1, 1, 0, 1, 1, 0]
Fitness: 994.432550 	[1, 0, 11, 4, 0, 15, 12, 13, 8, 2, 0, 3, 6, 7, 10, 14, 5, 9, 0, 0, 1, 0, 1, 1, 1, 0, 1, 0, 1, 1, 1, 1, 1, 0]
Fitness: 933.154328 	[10, 14, 0, 7, 12, 6, 2, 5, 15, 8, 9, 11, 13, 0, 4, 0, 3, 1, 0, 1, 0, 1, 0, 1, 1, 0, 1, 1, 1, 1, 1, 0, 1, 0]
Fitness: 1039.527580 	[12, 6, 13, 1, 0, 4, 9, 14, 0, 15, 7, 5, 8, 11, 2, 0, 10, 3, 0, 1, 0, 1, 1, 1, 0, 1, 1, 0, 1, 1, 0, 1, 1, 0]
Fitness: 883.265827 	[7, 8, 2, 12, 13, 15, 0, 5, 14, 11, 0, 9, 10, 4, 0, 3, 1, 6, 0, 0, 1, 1, 0, 1, 0, 1, 1, 1, 1, 1, 0, 1, 1, 0]
Fitness: 949.662024 	[4, 14, 15, 10, 0, 3, 0, 7, 1, 5, 0, 2, 6, 8, 9, 11, 12, 13, 0, 0, 1, 1, 0, 1, 1, 1, 0, 1, 0, 1, 1, 1, 1, 0]
Fitness: 1004.981864 	[1, 13, 8, 12, 0, 10, 14, 9, 6, 7, 0, 2, 15, 3, 11, 4, 0, 5, 0, 1, 1, 0, 1, 1, 1, 0, 0, 1, 1, 0, 1, 1, 1, 0]
Fitness: 911.668265 	[14, 1, 11, 0, 3, 5, 9, 8, 0, 2, 7, 15, 0, 4, 13, 10, 6, 12, 0, 1, 1, 0, 1, 1, 1, 1, 1, 0, 1, 0, 1, 1, 0, 0]
Fitness: 873.893278 	[9, 1, 3, 2, 0, 4, 0, 11, 0, 12, 15, 6, 5, 13, 8, 10, 7, 14, 0, 1, 1, 0, 1, 1, 1, 1, 0, 0, 1, 1, 1, 0, 1, 0]
Fitness: 987.258842 	[13, 3, 0, 6, 1, 2, 5, 0, 4, 9, 10, 0, 8, 11, 12, 14, 15, 7, 0, 1, 1, 1, 1, 0, 1, 1, 1, 1, 0, 1, 1, 0, 0, 0]
Fitness: 1200.317426 	[9, 4, 0, 5, 11, 14, 0, 10, 12, 7, 2, 13, 3, 8, 0, 15, 1, 6, 0, 0, 1, 1, 1, 1, 0, 1, 1, 0, 1, 1, 0, 1, 1, 0]
Fitness: 1106.071377 	[9, 4, 0, 3, 1, 6, 0, 11, 14, 10, 0, 7, 8, 2, 12, 13, 15, 5, 0, 0, 1, 1, 0, 1, 1, 0, 1, 0, 1, 1, 1, 1, 1, 0]
Fitness: 1069.514486 	[14, 9, 0, 15, 8, 5, 4, 7, 0, 11, 6, 1, 0, 10, 2, 13, 3, 12, 0, 0, 1, 1, 1, 0, 1, 1, 1, 0, 1, 1, 0, 1, 1, 0]
Fitness: 1200.317426 	[15, 1, 6, 0, 10, 3, 7, 8, 11, 12, 13, 0, 2, 5, 14, 0, 9, 4, 0, 0, 1, 1, 1, 1, 0, 1, 1, 0, 1, 1, 0, 1, 1, 0]
Fitness: 952.506962 	[5, 6, 15, 0, 11, 9, 4, 0, 13, 0, 3, 7, 1, 10, 14, 12, 2, 8, 0, 1, 1, 1, 0, 1, 1, 1, 1, 0, 1, 1, 0, 1, 0, 0]
Fitness: 1148.922274 	[9, 10, 4, 6, 0, 7, 8, 2, 12, 13, 15, 0, 3, 1, 0, 5, 14, 11, 0, 1, 0, 1, 0, 1, 0, 1, 1, 1, 1, 1, 0, 1, 1, 0]
Fitness: 923.792635 	[3, 15, 1, 10, 8, 11, 0, 2, 5, 0, 13, 6, 12, 7, 14, 0, 9, 4, 0, 1, 1, 0, 1, 1, 1, 0, 1, 1, 1, 0, 1, 1, 0, 0]
Fitness: 908.483007 	[3, 1, 0, 10, 14, 0, 7, 12, 6, 2, 5, 15, 8, 9, 11, 13, 0, 4, 0, 1, 0, 1, 0, 1, 1, 0, 1, 1, 1, 1, 1, 0, 1, 0]
Fitness: 913.445632 	[1, 13, 7, 8, 12, 0, 2, 15, 11, 4, 0, 5, 3, 0, 10, 14, 9, 6, 0, 1, 1, 0, 1, 1, 0, 0, 1, 1, 1, 0, 1, 1, 1, 0]
Fitness: 977.282644 	[4, 0, 2, 5, 9, 11, 0, 13, 6, 12, 7, 14, 0, 3, 15, 1, 10, 8, 0, 1, 0, 1, 1, 1, 1, 0, 1, 1, 1, 0, 1, 1, 0, 0]
Fitness: 980.844783 	[4, 15, 0, 14, 1, 11, 0, 5, 0, 12, 6, 10, 2, 3, 7, 8, 9, 13, 0, 0, 1, 1, 0, 1, 1, 1, 1, 1, 0, 1, 1, 0, 1, 0]
Fitness: 977.282644 	[2, 5, 9, 11, 0, 4, 0, 3, 15, 1, 10, 8, 0, 13, 6, 12, 7, 14, 0, 1, 0, 1, 1, 1, 1, 0, 1, 1, 1, 0, 1, 1, 0, 0]
Fitness: 1200.317426 	[9, 4, 0, 15, 1, 6, 0, 5, 11, 14, 0, 10, 12, 7, 2, 13, 3, 8, 0, 0, 1, 1, 1, 1, 0, 1, 1, 0, 1, 1, 0, 1, 1, 0]
Fitness: 1125.826350 	[11, 0, 4, 0, 9, 1, 3, 2, 0, 12, 15, 6, 5, 13, 8, 10, 7, 14, 0, 1, 0, 1, 1, 1, 1, 0, 1, 0, 1, 1, 1, 0, 1, 0]
Fitness: 952.506962 	[13, 0, 5, 6, 15, 0, 11, 9, 4, 0, 3, 7, 1, 10, 14, 12, 2, 8, 0, 1, 1, 1, 0, 1, 1, 1, 1, 0, 1, 1, 0, 1, 0, 0]
Fitness: 912.065907 	[9, 1, 3, 2, 0, 11, 4, 0, 12, 15, 6, 5, 0, 13, 8, 10, 7, 14, 0, 1, 1, 0, 1, 1, 1, 1, 0, 0, 1, 1, 0, 1, 1, 0]
Fitness: 878.945159 	[3, 5, 9, 8, 12, 6, 10, 15, 0, 11, 13, 0, 7, 4, 2, 0, 1, 14, 0, 1, 1, 0, 1, 1, 1, 1, 0, 0, 1, 0, 1, 1, 1, 0]
Fitness: 940.037196 	[9, 11, 1, 6, 2, 10, 0, 5, 15, 0, 14, 3, 7, 8, 13, 12, 0, 4, 0, 0, 1, 1, 1, 1, 1, 0, 1, 1, 0, 1, 1, 0, 1, 0]
Fitness: 1095.992112 	[9, 13, 1, 0, 4, 14, 15, 10, 0, 11, 3, 8, 5, 12, 6, 7, 0, 2, 0, 0, 1, 1, 0, 1, 1, 1, 0, 1, 0, 1, 1, 1, 1, 0]
Fitness: 1120.300480 	[15, 6, 11, 0, 10, 13, 8, 1, 0, 4, 0, 2, 3, 9, 7, 12, 5, 14, 0, 1, 0, 1, 0, 0, 1, 1, 1, 1, 0, 1, 1, 1, 1, 0]
Fitness: 912.065907 	[11, 0, 4, 0, 9, 1, 3, 2, 0, 12, 15, 6, 5, 13, 8, 10, 7, 14, 0, 1, 1, 0, 1, 1, 1, 1, 0, 0, 1, 1, 1, 0, 1, 0]
Fitness: 994.432550 	[3, 6, 7, 10, 14, 5, 0, 11, 9, 4, 0, 15, 12, 13, 8, 2, 0, 1, 0, 0, 1, 0, 1, 1, 1, 1, 1, 0, 1, 1, 0, 1, 1, 0]
Fitness: 1037.757929 	[1, 0, 9, 4, 6, 7, 10, 12, 13, 14, 0, 2, 5, 11, 0, 3, 15, 8, 0, 1, 0, 1, 1, 1, 1, 0, 1, 1, 0, 1, 1, 1, 0, 0]
Fitness: 1095.992112 	[4, 14, 15, 10, 0, 11, 3, 8, 5, 12, 6, 7, 0, 9, 13, 1, 0, 2, 0, 0, 1, 1, 0, 1, 1, 1, 0, 1, 0, 1, 1, 1, 1, 0]
Fitness: 890.615972 	[15, 0, 5, 13, 14, 0, 3, 10, 12, 7, 11, 0, 6, 2, 1, 4, 8, 9, 0, 0, 1, 1, 1, 1, 0, 1, 1, 0, 1, 1, 1, 1, 0, 0]
Fitness: 977.282644 	[4, 0, 13, 6, 12, 7, 14, 0, 3, 15, 1, 10, 8, 0, 2, 5, 9, 11, 0, 1, 0, 1, 0, 1, 1, 0, 1, 1, 1, 1, 1, 1, 0, 0]
Fitness: 1200.317426 	[5, 11, 14, 0, 15, 1, 6, 0, 9, 4, 0, 10, 12, 7, 2, 13, 3, 8, 0, 0, 1, 1, 1, 1, 0, 1, 1, 0, 1, 1, 0, 1, 1, 0]
Fitness: 1172.097819 	[11, 13, 1, 0, 3, 10, 15, 7, 0, 5, 6, 0, 12, 9, 4, 2, 8, 14, 0, 1, 0, 1, 0, 1, 1, 0, 1, 1, 1, 1, 0, 1, 1, 0]
Fitness: 993.891661 	[10, 14, 11, 8, 1, 3, 0, 9, 0, 5, 6, 4, 15, 2, 12, 7, 0, 13, 0, 1, 0, 1, 1, 1, 0, 1, 1, 1, 1, 0, 1, 1, 0, 0]
Fitness: 1106.071377 	[9, 4, 0, 3, 1, 6, 0, 5, 11, 14, 10, 0, 7, 8, 2, 12, 13, 15, 0, 0, 1, 1, 0, 1, 1, 0, 1, 1, 1, 1, 0, 1, 1, 0]
Fitness: 980.844783 	[5, 14, 0, 4, 15, 0, 9, 11, 1, 6, 2, 10, 0, 3, 7, 8, 13, 12, 0, 1, 1, 0, 0, 1, 1, 1, 1, 0, 1, 1, 1, 0, 1, 0]
Fitness: 890.615972 	[15, 0, 5, 13, 0, 3, 10, 12, 7, 11, 0, 6, 2, 14, 1, 4, 8, 9, 0, 0, 1, 1, 1, 1, 0, 1, 1, 0, 1, 1, 0, 1, 1, 0]
Fitness: 1004.981864 	[5, 0, 1, 13, 7, 8, 12, 0, 10, 14, 9, 6, 0, 2, 15, 3, 11, 4, 0, 1, 0, 0, 1, 1, 1, 0, 1, 1, 1, 0, 1, 1, 1, 0]
Fitness: 1129.895531 	[15, 6, 11, 10, 0, 4, 0, 2, 3, 9, 7, 12, 5, 0, 13, 8, 1, 14, 0, 1, 0, 1, 1, 1, 0, 1, 0, 1, 0, 1, 1, 1, 1, 0]
Fitness: 952.548636 	[13, 0, 11, 12, 5, 8, 3, 1, 10, 0, 4, 14, 7, 2, 9, 0, 6, 15, 0, 0, 1, 1, 1, 0, 1, 1, 1, 1, 0, 0, 1, 1, 1, 0]
Fitness: 1069.514486 	[15, 8, 5, 4, 7, 0, 11, 6, 1, 0, 9, 10, 12, 13, 14, 0, 2, 3, 0, 0, 1, 1, 1, 0, 0, 1, 1, 1, 1, 1, 0, 1, 1, 0]
Fitness: 979.297433 	[3, 1, 6, 0, 7, 2, 12, 13, 15, 0, 5, 11, 14, 10, 0, 9, 4, 8, 0, 1, 1, 1, 0, 1, 0, 1, 1, 1, 0, 1, 0, 1, 1, 0]
Fitness: 994.432550 	[15, 12, 13, 8, 2, 0, 11, 9, 4, 0, 1, 0, 3, 6, 7, 10, 14, 5, 0, 0, 1, 0, 1, 1, 1, 1, 1, 0, 1, 0, 1, 1, 1, 0]
Fitness: 959.187788 	[3, 4, 11, 10, 9, 1, 0, 8, 2, 7, 0, 12, 14, 5, 0, 6, 13, 15, 0, 1, 1, 1, 0, 1, 0, 1, 1, 0, 1, 1, 0, 1, 1, 0]
Fitness: 925.709556 	[5, 0, 1, 12, 4, 13, 0, 8, 10, 3, 2, 0, 6, 7, 9, 15, 11, 14, 0, 1, 1, 1, 1, 0, 1, 1, 0, 1, 0, 0, 1, 1, 1, 0]
Fitness: 952.506962 	[13, 0, 5, 6, 15, 0, 11, 9, 4, 0, 3, 7, 1, 10, 14, 12, 2, 8, 0, 1, 1, 1, 0, 1, 1, 1, 1, 0, 1, 1, 0, 1, 0, 0]
Fitness: 937.001618 	[11, 9, 4, 0, 5, 6, 15, 0, 13, 0, 3, 7, 1, 10, 14, 12, 2, 8, 0, 1, 1, 0, 1, 0, 1, 1, 0, 0, 1, 1, 1, 1, 1, 0]
Time: 0.44037