Fitness: 1367.876978 	[13, 6, 0, 2, 11, 5, 0, 1, 4, 0, 3, 9, 10, 15, 12, 8, 7, 14, 0, 1, 0, 1, 1, 1, 0, 1, 1, 0, 1, 1, 1, 0, 1, 0]
Fitness: 1367.876978 	[1, 4, 0, 2, 11, 5, 0, 13, 6, 0, 3, 9, 10, 15, 12, 8, 7, 14, 0, 1, 0, 1, 1, 1, 0, 1, 1, 0, 1, 1, 1, 0, 1, 0]
Fitness: 1367.876978 	[1, 4, 0, 2, 11, 5, 0, 13, 6, 0, 3, 9, 10, 15, 12, 8, 7, 14, 0, 1, 0, 1, 1, 1, 0, 1, 1, 0, 1, 1, 1, 0, 1, 0]
Fitness: 1367.876978 	[1, 4, 0, 2, 11, 5, 0, 13, 6, 0, 3, 9, 10, 15, 12, 8, 7, 14, 0, 1, 0, 1, 1, 1, 0, 1, 1, 0, 1, 1, 1, 0, 1, 0]
Fitness: 1367.876978 	[1, 4, 0, 2, 11, 5, 0, 13, 6, 0, 3, 9, 10, 15, 12, 8, 7, 14, 0, 1, 0, 1, 1, 1, 0, 1, 1, 0, 1, 1, 1, 0, 1, 0]
Fitness: 1367.876978 	[1, 4, 0, 2, 11, 5, 0, 13, 6, 0, 3, 9, 10, 15, 12, 8, 7, 14, 0, 1, 0, 1, 1, 1, 0, 1, 1, 0, 1, 1, 1, 0, 1, 0]
Fitness: 1365.097925 	[1, 4, 0, 2, 11, 5, 0, 3, 7, 15, 8, 9, 10, 12, 6, 0, 14, 13, 0, 1, 0, 1, 1, 1, 0, 1, 1, 0, 1, 0, 1, 1, 1, 0]
Fitness: 1365.097925 	[1, 4, 0, 2, 11, 5, 0, 3, 7, 15, 8, 9, 10, 12, 6, 0, 14, 13, 0, 1, 0, 1, 1, 1, 0, 1, 1, 0, 1, 0, 1, 1, 1, 0]
Fitness: 1365.097925 	[1, 4, 0, 5, 11, 2, 0, 3, 7, 15, 8, 9, 10, 12, 6, 0, 14, 13, 0, 1, 0, 1, 1, 1, 0, 1, 1, 0, 1, 0, 1, 1, 1, 0]
Fitness: 1365.097925 	[1, 4, 0, 5, 11, 2, 0, 3, 7, 15, 8, 9, 10, 12, 6, 0, 14, 13, 0, 1, 0, 1, 1, 1, 0, 1, 1, 0, 1, 0, 1, 1, 1, 0]
Fitness: 1365.097925 	[1, 4, 0, 5, 11, 2, 0, 3, 7, 15, 8, 9, 10, 12, 6, 0, 14, 13, 0, 1, 0, 1, 1, 1, 0, 1, 1, 0, 1, 0, 1, 1, 1, 0]
Fitness: 1365.097925 	[1, 4, 0, 5, 11, 2, 0, 3, 7, 15, 8, 9, 10, 12, 6, 0, 14, 13, 0, 1, 0, 1, 1, 1, 0, 1, 1, 0, 1, 0, 1, 1, 1, 0]
Fitness: 1365.097925 	[1, 4, 0, 5, 11, 2, 0, 3, 7, 15, 8, 9, 10, 12, 6, 0, 14, 13, 0, 1, 0, 1, 1, 1, 0, 1, 1, 0, 1, 0, 1, 1, 1, 0]
Fitness: 1365.097925 	[1, 4, 0, 5, 11, 2, 0, 3, 7, 15, 8, 9, 10, 12, 6, 0, 14, 13, 0, 1, 0, 1, 1, 1, 0, 1, 1, 0, 1, 0, 1, 1, 1, 0]
Fitness: 1365.097925 	[1, 4, 0, 5, 11, 2, 0, 3, 7, 15, 8, 9, 10, 12, 6, 0, 14, 13, 0, 1, 0, 1, 1, 1, 0, 1, 1, 0, 1, 0, 1, 1, 1, 0]
Fitness: 1365.097925 	[1, 4, 0, 5, 11, 2, 0, 3, 7, 15, 8, 9, 10, 12, 6, 0, 14, 13, 0, 1, 0, 1, 1, 1, 0, 1, 1, 0, 1, 0, 1, 1, 1, 0]
Fitness: 1365.097925 	[1, 13, 0, 14, 4, 0, 3, 7, 15, 8, 9, 10, 12, 6, 0, 5, 11, 2, 0, 1, 0, 1, 1, 1, 0, 1, 1, 1, 0, 1, 0, 1, 1, 0]
Fitness: 1365.097925 	[1, 13, 0, 14, 4, 0, 3, 7, 15, 8, 9, 10, 12, 6, 0, 5, 11, 2, 0, 1, 0, 1, 1, 1, 0, 1, 1, 1, 0, 1, 0, 1, 1, 0]
Fitness: 1365.097925 	[1, 13, 0, 14, 4, 0, 3, 7, 15, 8, 9, 10, 12, 6, 0, 5, 11, 2, 0, 1, 0, 1, 1, 1, 0, 1, 1, 1, 0, 1, 0, 1, 1, 0]
Fitness: 1365.097925 	[14, 13, 0, 5, 11, 2, 0, 3, 7, 15, 8, 9, 10, 12, 6, 0, 1, 4, 0, 1, 0, 1, 1, 1, 0, 1, 1, 0, 1, 0, 1, 1, 1, 0]
Fitness: 1365.097925 	[14, 13, 0, 5, 11, 2, 0, 3, 7, 15, 8, 9, 10, 12, 6, 0, 1, 4, 0, 1, 0, 1, 1, 1, 0, 1, 1, 0, 1, 0, 1, 1, 1, 0]
Fitness: 1365.097925 	[14, 13, 0, 5, 11, 2, 0, 3, 7, 15, 8, 9, 10, 12, 6, 0, 1, 4, 0, 1, 0, 1, 1, 1, 0, 1, 1, 0, 1, 0, 1, 1, 1, 0]
Fitness: 1365.097925 	[14, 13, 0, 5, 11, 2, 0, 3, 7, 15, 8, 9, 10, 12, 6, 0, 1, 4, 0, 1, 0, 1, 1, 1, 0, 1, 1, 0, 1, 0, 1, 1, 1, 0]
Fitness: 1365.097925 	[14, 13, 0, 5, 11, 2, 0, 3, 7, 15, 8, 9, 10, 12, 6, 0, 1, 4, 0, 1, 0, 1, 1, 1, 0, 1, 1, 0, 1, 0, 1, 1, 1, 0]
Fitness: 1365.097925 	[14, 13, 0, 5, 11, 2, 0, 3, 7, 15, 8, 9, 10, 12, 6, 0, 1, 4, 0, 1, 0, 1, 1, 1, 0, 1, 1, 0, 1, 0, 1, 1, 1, 0]
Fitness: 1365.097925 	[14, 13, 0, 5, 11, 2, 0, 3, 7, 15, 8, 9, 10, 12, 6, 0, 1, 4, 0, 1, 0, 1, 1, 1, 0, 1, 1, 0, 1, 0, 1, 1, 1, 0]
Fitness: 1365.097925 	[14, 13, 0, 5, 11, 2, 0, 3, 7, 15, 8, 9, 10, 12, 6, 0, 1, 4, 0, 1, 0, 1, 1, 1, 0, 1, 1, 0, 1, 0, 1, 1, 1, 0]
Fitness: 1365.097925 	[14, 13, 0, 5, 11, 2, 0, 3, 7, 15, 8, 9, 10, 12, 6, 0, 1, 4, 0, 1, 0, 1, 1, 1, 0, 1, 1, 0, 1, 0, 1, 1, 1, 0]
Fitness: 1365.097925 	[14, 13, 0, 5, 11, 2, 0, 3, 7, 15, 8, 9, 10, 12, 6, 0, 1, 4, 0, 1, 0, 1, 1, 1, 0, 1, 1, 0, 1, 0, 1, 1, 1, 0]
Fitness: 1365.097925 	[14, 13, 0, 5, 11, 2, 0, 3, 7, 15, 8, 9, 10, 12, 6, 0, 1, 4, 0, 1, 0, 1, 1, 1, 0, 1, 1, 0, 1, 0, 1, 1, 1, 0]
Fitness: 1365.097925 	[14, 13, 0, 5, 11, 2, 0, 3, 7, 15, 8, 9, 10, 12, 6, 0, 1, 4, 0, 1, 0, 1, 1, 1, 0, 1, 1, 0, 1, 0, 1, 1, 1, 0]
Fitness: 1365.097925 	[14, 13, 0, 5, 11, 2, 0, 3, 7, 15, 8, 9, 10, 12, 6, 0, 1, 4, 0, 1, 0, 1, 1, 1, 0, 1, 1, 0, 1, 0, 1, 1, 1, 0]
Fitness: 1365.097925 	[14, 13, 0, 5, 11, 2, 0, 3, 7, 15, 8, 9, 10, 12, 6, 0, 1, 4, 0, 1, 0, 1, 1, 1, 0, 1, 1, 0, 1, 0, 1, 1, 1, 0]
Fitness: 1365.097925 	[14, 13, 0, 5, 11, 2, 0, 3, 7, 15, 8, 9, 10, 12, 6, 0, 1, 4, 0, 1, 0, 1, 1, 1, 0, 1, 1, 0, 1, 0, 1, 1, 1, 0]
Fitness: 1365.097925 	[14, 13, 0, 5, 11, 2, 0, 3, 7, 15, 8, 9, 10, 12, 6, 0, 1, 4, 0, 1, 0, 1, 1, 1, 0, 1, 1, 0, 1, 0, 1, 1, 1, 0]
Fitness: 1365.097925 	[14, 13, 0, 5, 11, 2, 0, 3, 7, 15, 8, 9, 10, 12, 6, 0, 1, 4, 0, 1, 0, 1, 1, 1, 0, 1, 1, 0, 1, 0, 1, 1, 1, 0]
Fitness: 1365.097925 	[14, 13, 0, 5, 11, 2, 0, 3, 7, 15, 8, 9, 10, 12, 6, 0, 1, 4, 0, 1, 0, 1, 1, 1, 0, 1, 1, 0, 1, 0, 1, 1, 1, 0]
Fitness: 1365.097925 	[14, 13, 0, 5, 11, 2, 0, 3, 7, 15, 8, 9, 10, 12, 6, 0, 1, 4, 0, 1, 0, 1, 1, 1, 0, 1, 1, 0, 1, 0, 1, 1, 1, 0]
Fitness: 1365.097925 	[14, 13, 0, 5, 11, 2, 0, 3, 7, 15, 8, 9, 10, 12, 6, 0, 1, 4, 0, 1, 0, 1, 1, 1, 0, 1, 1, 0, 1, 0, 1, 1, 1, 0]
Fitness: 1365.097925 	[14, 13, 0, 5, 11, 2, 0, 3, 7, 15, 8, 9, 10, 12, 6, 0, 1, 4, 0, 1, 0, 1, 1, 1, 0, 1, 1, 0, 1, 0, 1, 1, 1, 0]
Fitness: 1361.166420 	[1, 4, 0, 6, 14, 13, 0, 5, 11, 0, 3, 9, 10, 15, 12, 8, 7, 2, 0, 1, 0, 1, 1, 1, 0, 1, 1, 0, 1, 1, 1, 0, 1, 0]
Fitness: 1361.166420 	[1, 4, 0, 6, 14, 13, 0, 5, 11, 0, 3, 9, 10, 15, 12, 8, 7, 2, 0, 1, 0, 1, 1, 1, 0, 1, 1, 0, 1, 1, 1, 0, 1, 0]
Fitness: 1361.166420 	[1, 4, 0, 6, 14, 13, 0, 5, 11, 0, 3, 9, 10, 15, 12, 8, 7, 2, 0, 1, 0, 1, 1, 1, 0, 1, 1, 0, 1, 1, 1, 0, 1, 0]
Fitness: 1361.166420 	[5, 11, 0, 6, 14, 13, 0, 1, 4, 0, 3, 9, 10, 15, 12, 8, 7, 2, 0, 1, 0, 1, 1, 1, 0, 1, 1, 0, 1, 1, 1, 0, 1, 0]
Fitness: 1360.946457 	[1, 13, 0, 14, 4, 0, 3, 7, 15, 8, 9, 10, 12, 6, 0, 5, 11, 2, 0, 1, 0, 1, 1, 1, 0, 1, 1, 0, 1, 0, 1, 1, 1, 0]
Fitness: 1360.946457 	[1, 13, 0, 14, 4, 0, 3, 7, 15, 8, 9, 10, 12, 6, 0, 5, 11, 2, 0, 1, 0, 1, 1, 1, 0, 1, 1, 0, 1, 0, 1, 1, 1, 0]
Fitness: 1360.946457 	[1, 13, 0, 14, 4, 0, 3, 7, 15, 8, 9, 10, 12, 6, 0, 5, 11, 2, 0, 1, 0, 1, 1, 1, 0, 1, 1, 0, 1, 0, 1, 1, 1, 0]
Fitness: 1360.946457 	[1, 13, 0, 14, 4, 0, 3, 7, 15, 8, 9, 10, 12, 6, 0, 5, 11, 2, 0, 1, 0, 1, 1, 1, 0, 1, 1, 0, 1, 0, 1, 1, 1, 0]
Fitness: 1359.015037 	[1, 5, 0, 9, 4, 0, 3, 7, 15, 8, 6, 10, 12, 14, 0, 13, 11, 2, 0, 1, 0, 1, 1, 1, 0, 1, 1, 1, 0, 1, 0, 1, 1, 0]
Fitness: 1359.015037 	[1, 5, 0, 9, 4, 0, 3, 7, 15, 8, 6, 10, 12, 14, 0, 13, 11, 2, 0, 1, 0, 1, 1, 1, 0, 1, 1, 1, 0, 1, 0, 1, 1, 0]
Fitness: 1359.015037 	[1, 5, 0, 9, 4, 0, 3, 7, 15, 8, 6, 10, 12, 14, 0, 13, 11, 2, 0, 1, 0, 1, 1, 1, 0, 1, 1, 1, 0, 1, 0, 1, 1, 0]
Fitness: 1359.015037 	[1, 5, 0, 9, 4, 0, 3, 7, 15, 8, 6, 10, 12, 14, 0, 13, 11, 2, 0, 1, 0, 1, 1, 1, 0, 1, 1, 1, 0, 1, 0, 1, 1, 0]
Fitness: 1359.015037 	[1, 5, 0, 9, 4, 0, 3, 7, 15, 8, 6, 10, 12, 14, 0, 13, 11, 2, 0, 1, 0, 1, 1, 1, 0, 1, 1, 1, 0, 1, 0, 1, 1, 0]
Fitness: 1359.015037 	[1, 5, 0, 9, 4, 0, 3, 7, 15, 8, 6, 10, 12, 14, 0, 13, 11, 2, 0, 1, 0, 1, 1, 1, 0, 1, 1, 1, 0, 1, 0, 1, 1, 0]
Fitness: 1359.015037 	[9, 4, 0, 13, 11, 2, 0, 3, 7, 15, 8, 6, 10, 12, 14, 0, 1, 5, 0, 1, 0, 1, 1, 1, 0, 1, 1, 0, 1, 0, 1, 1, 1, 0]
Fitness: 1359.015037 	[9, 4, 0, 13, 11, 2, 0, 3, 7, 15, 8, 6, 10, 12, 14, 0, 1, 5, 0, 1, 0, 1, 1, 1, 0, 1, 1, 0, 1, 0, 1, 1, 1, 0]
Fitness: 1359.015037 	[9, 4, 0, 13, 11, 2, 0, 3, 7, 15, 8, 6, 10, 12, 14, 0, 1, 5, 0, 1, 0, 1, 1, 1, 0, 1, 1, 0, 1, 0, 1, 1, 1, 0]
Fitness: 1359.015037 	[9, 4, 0, 13, 11, 2, 0, 3, 7, 15, 8, 6, 10, 12, 14, 0, 1, 5, 0, 1, 0, 1, 1, 1, 0, 1, 1, 0, 1, 0, 1, 1, 1, 0]
Fitness: 1359.015037 	[9, 4, 0, 13, 11, 2, 0, 3, 7, 15, 8, 6, 10, 12, 14, 0, 1, 5, 0, 1, 0, 1, 1, 1, 0, 1, 1, 0, 1, 0, 1, 1, 1, 0]
Fitness: 1359.015037 	[9, 4, 0, 1, 5, 0, 3, 7, 15, 8, 6, 10, 12, 14, 0, 13, 11, 2, 0, 1, 0, 1, 1, 1, 0, 1, 1, 1, 0, 1, 0, 1, 1, 0]
Fitness: 1359.015037 	[9, 4, 0, 1, 5, 0, 3, 7, 15, 8, 6, 10, 12, 14, 0, 13, 11, 2, 0, 1, 0, 1, 1, 1, 0, 1, 1, 1, 0, 1, 0, 1, 1, 0]
Fitness: 1359.015037 	[9, 4, 0, 1, 5, 0, 3, 7, 15, 8, 6, 10, 12, 14, 0, 13, 11, 2, 0, 1, 0, 1, 1, 1, 0, 1, 1, 1, 0, 1, 0, 1, 1, 0]
Fitness: 1359.015037 	[1, 5, 0, 13, 11, 2, 0, 3, 7, 15, 8, 6, 10, 12, 14, 0, 9, 4, 0, 1, 0, 1, 1, 1, 0, 1, 1, 0, 1, 0, 1, 1, 1, 0]
Fitness: 1359.015037 	[1, 5, 0, 13, 11, 2, 0, 3, 7, 15, 8, 6, 10, 12, 14, 0, 9, 4, 0, 1, 0, 1, 1, 1, 0, 1, 1, 0, 1, 0, 1, 1, 1, 0]
Fitness: 1359.015037 	[1, 5, 0, 13, 11, 2, 0, 3, 7, 15, 8, 6, 10, 12, 14, 0, 9, 4, 0, 1, 0, 1, 1, 1, 0, 1, 1, 0, 1, 0, 1, 1, 1, 0]
Fitness: 1359.015037 	[1, 5, 0, 13, 11, 2, 0, 3, 7, 15, 8, 6, 10, 12, 14, 0, 9, 4, 0, 1, 0, 1, 1, 1, 0, 1, 1, 0, 1, 0, 1, 1, 1, 0]
Fitness: 1359.015037 	[1, 5, 0, 13, 11, 2, 0, 3, 7, 15, 8, 6, 10, 12, 14, 0, 9, 4, 0, 1, 0, 1, 1, 1, 0, 1, 1, 0, 1, 0, 1, 1, 1, 0]
Fitness: 1359.015037 	[1, 5, 0, 13, 11, 2, 0, 3, 7, 15, 8, 6, 10, 12, 14, 0, 9, 4, 0, 1, 0, 1, 1, 1, 0, 1, 1, 0, 1, 0, 1, 1, 1, 0]
Fitness: 1359.015037 	[1, 5, 0, 13, 11, 2, 0, 3, 7, 15, 8, 6, 10, 12, 14, 0, 9, 4, 0, 1, 0, 1, 1, 1, 0, 1, 1, 0, 1, 0, 1, 1, 1, 0]
Fitness: 1359.015037 	[1, 5, 0, 13, 11, 2, 0, 3, 7, 15, 8, 6, 10, 12, 14, 0, 9, 4, 0, 1, 0, 1, 1, 1, 0, 1, 1, 0, 1, 0, 1, 1, 1, 0]
Fitness: 1359.015037 	[1, 5, 0, 13, 11, 2, 0, 3, 7, 15, 8, 6, 10, 12, 14, 0, 9, 4, 0, 1, 0, 1, 1, 1, 0, 1, 1, 0, 1, 0, 1, 1, 1, 0]
Fitness: 1359.015037 	[1, 5, 0, 13, 11, 2, 0, 3, 7, 15, 8, 6, 10, 12, 14, 0, 9, 4, 0, 1, 0, 1, 1, 1, 0, 1, 1, 0, 1, 0, 1, 1, 1, 0]
Fitness: 1359.015037 	[1, 5, 0, 13, 11, 2, 0, 3, 7, 15, 8, 6, 10, 12, 14, 0, 9, 4, 0, 1, 0, 1, 1, 1, 0, 1, 1, 0, 1, 0, 1, 1, 1, 0]
Fitness: 1359.015037 	[1, 5, 0, 13, 11, 2, 0, 3, 7, 15, 8, 6, 10, 12, 14, 0, 9, 4, 0, 1, 0, 1, 1, 1, 0, 1, 1, 0, 1, 0, 1, 1, 1, 0]
Fitness: 1359.015037 	[1, 5, 0, 13, 11, 2, 0, 3, 7, 15, 8, 6, 10, 12, 14, 0, 9, 4, 0, 1, 0, 1, 1, 1, 0, 1, 1, 0, 1, 0, 1, 1, 1, 0]
Fitness: 1359.015037 	[1, 5, 0, 13, 11, 2, 0, 3, 7, 15, 8, 6, 10, 12, 14, 0, 9, 4, 0, 1, 0, 1, 1, 1, 0, 1, 1, 0, 1, 0, 1, 1, 1, 0]
Fitness: 1359.015037 	[1, 5, 0, 13, 11, 2, 0, 3, 7, 15, 8, 6, 10, 12, 14, 0, 9, 4, 0, 1, 0, 1, 1, 1, 0, 1, 1, 0, 1, 0, 1, 1, 1, 0]
Fitness: 1359.015037 	[1, 5, 0, 13, 11, 2, 0, 3, 7, 15, 8, 6, 10, 12, 14, 0, 9, 4, 0, 1, 0, 1, 1, 1, 0, 1, 1, 0, 1, 0, 1, 1, 1, 0]
Fitness: 1359.015037 	[1, 5, 0, 13, 11, 2, 0, 3, 7, 15, 8, 6, 10, 12, 14, 0, 9, 4, 0, 1, 0, 1, 1, 1, 0, 1, 1, 0, 1, 0, 1, 1, 1, 0]
Fitness: 1359.015037 	[1, 5, 0, 13, 11, 2, 0, 3, 7, 15, 8, 6, 10, 12, 14, 0, 9, 4, 0, 1, 0, 1, 1, 1, 0, 1, 1, 0, 1, 0, 1, 1, 1, 0]
Fitness: 1359.015037 	[1, 5, 0, 13, 11, 2, 0, 3, 7, 15, 8, 6, 10, 12, 14, 0, 9, 4, 0, 1, 0, 1, 1, 1, 0, 1, 1, 0, 1, 0, 1, 1, 1, 0]
Fitness: 1359.015037 	[1, 5, 0, 13, 11, 2, 0, 3, 7, 15, 8, 6, 10, 12, 14, 0, 9, 4, 0, 1, 0, 1, 1, 1, 0, 1, 1, 0, 1, 0, 1, 1, 1, 0]
Fitness: 1359.015037 	[1, 5, 0, 13, 11, 2, 0, 3, 7, 15, 8, 6, 10, 12, 14, 0, 9, 4, 0, 1, 0, 1, 1, 1, 0, 1, 1, 0, 1, 0, 1, 1, 1, 0]
Fitness: 1359.015037 	[1, 5, 0, 13, 11, 2, 0, 3, 7, 15, 8, 6, 10, 12, 14, 0, 9, 4, 0, 1, 0, 1, 1, 1, 0, 1, 1, 0, 1, 0, 1, 1, 1, 0]
Fitness: 1359.015037 	[1, 5, 0, 13, 11, 2, 0, 3, 7, 15, 8, 6, 10, 12, 14, 0, 9, 4, 0, 1, 0, 1, 1, 1, 0, 1, 1, 0, 1, 0, 1, 1, 1, 0]
Fitness: 1359.015037 	[1, 5, 0, 13, 11, 2, 0, 3, 7, 15, 8, 6, 10, 12, 14, 0, 9, 4, 0, 1, 0, 1, 1, 1, 0, 1, 1, 0, 1, 0, 1, 1, 1, 0]
Fitness: 1359.015037 	[1, 5, 0, 13, 11, 2, 0, 3, 7, 15, 8, 6, 10, 12, 14, 0, 9, 4, 0, 1, 0, 1, 1, 1, 0, 1, 1, 0, 1, 0, 1, 1, 1, 0]
Fitness: 1359.015037 	[1, 5, 0, 13, 11, 2, 0, 3, 7, 15, 8, 6, 10, 12, 14, 0, 9, 4, 0, 1, 0, 1, 1, 1, 0, 1, 1, 0, 1, 0, 1, 1, 1, 0]
Fitness: 1358.735501 	[1, 4, 0, 6, 14, 13, 0, 2, 11, 5, 0, 3, 7, 15, 8, 9, 10, 12, 0, 1, 0, 1, 1, 1, 0, 1, 1, 1, 0, 1, 1, 0, 1, 0]
Fitness: 1358.735501 	[1, 4, 0, 6, 14, 13, 0, 2, 11, 5, 0, 3, 7, 15, 8, 9, 10, 12, 0, 1, 0, 1, 1, 1, 0, 1, 1, 1, 0, 1, 1, 0, 1, 0]
Fitness: 1358.735501 	[1, 4, 0, 6, 14, 13, 0, 2, 11, 5, 0, 3, 7, 15, 8, 9, 10, 12, 0, 1, 0, 1, 1, 1, 0, 1, 1, 1, 0, 1, 1, 0, 1, 0]
Fitness: 1358.735501 	[1, 4, 0, 6, 14, 13, 0, 2, 11, 5, 0, 3, 7, 15, 8, 9, 10, 12, 0, 1, 0, 1, 1, 1, 0, 1, 1, 1, 0, 1, 1, 0, 1, 0]
Fitness: 1358.735501 	[1, 4, 0, 6, 14, 13, 0, 2, 11, 5, 0, 3, 7, 15, 8, 9, 10, 12, 0, 1, 0, 1, 1, 1, 0, 1, 1, 1, 0, 1, 1, 0, 1, 0]
Fitness: 1358.735501 	[1, 4, 0, 6, 14, 13, 0, 2, 11, 5, 0, 3, 7, 15, 8, 9, 10, 12, 0, 1, 0, 1, 1, 1, 0, 1, 1, 1, 0, 1, 1, 0, 1, 0]
Fitness: 1358.735501 	[1, 4, 0, 6, 14, 13, 0, 2, 11, 5, 0, 3, 7, 15, 8, 9, 10, 12, 0, 1, 0, 1, 1, 1, 0, 1, 1, 1, 0, 1, 1, 0, 1, 0]
Fitness: 1358.735501 	[1, 4, 0, 6, 14, 13, 0, 2, 11, 5, 0, 3, 7, 15, 8, 9, 10, 12, 0, 1, 0, 1, 1, 1, 0, 1, 1, 1, 0, 1, 1, 0, 1, 0]
Fitness: 1358.735501 	[1, 4, 0, 6, 14, 13, 0, 2, 11, 5, 0, 3, 7, 15, 8, 9, 10, 12, 0, 1, 0, 1, 1, 1, 0, 1, 1, 1, 0, 1, 1, 0, 1, 0]
Fitness: 1358.735501 	[1, 4, 0, 6, 14, 13, 0, 2, 11, 5, 0, 3, 7, 15, 8, 9, 10, 12, 0, 1, 0, 1, 1, 1, 0, 1, 1, 1, 0, 1, 1, 0, 1, 0]
Fitness: 1358.735501 	[1, 4, 0, 6, 14, 13, 0, 2, 11, 5, 0, 3, 7, 15, 8, 9, 10, 12, 0, 1, 0, 1, 1, 1, 0, 1, 1, 1, 0, 1, 1, 0, 1, 0]
Fitness: 1358.735501 	[1, 4, 0, 6, 14, 13, 0, 2, 11, 5, 0, 3, 7, 15, 8, 9, 10, 12, 0, 1, 0, 1, 1, 1, 0, 1, 1, 1, 0, 1, 1, 0, 1, 0]
Fitness: 1359.015037 	[1, 5, 0, 13, 11, 2, 0, 3, 7, 15, 8, 6, 10, 12, 14, 0, 9, 4, 0, 1, 0, 1, 1, 1, 0, 1, 1, 0, 1, 0, 1, 1, 1, 0]
Fitness: 1365.097925 	[14, 13, 0, 5, 11, 2, 0, 3, 7, 15, 8, 9, 10, 12, 6, 0, 1, 4, 0, 1, 0, 1, 1, 1, 0, 1, 1, 0, 1, 0, 1, 1, 1, 0]
Fitness: 1359.015037 	[14, 3, 0, 13, 11, 2, 0, 1, 5, 0, 6, 4, 7, 8, 9, 10, 12, 15, 0, 1, 0, 1, 1, 1, 0, 1, 1, 0, 1, 0, 1, 1, 1, 0]
Fitness: 1365.097925 	[14, 13, 0, 5, 11, 2, 0, 3, 7, 15, 8, 9, 10, 12, 6, 0, 1, 4, 0, 1, 0, 1, 1, 1, 0, 1, 1, 0, 1, 0, 1, 1, 1, 0]
Fitness: 1358.735501 	[1, 4, 0, 6, 14, 13, 0, 2, 11, 5, 0, 3, 7, 15, 8, 9, 10, 12, 0, 1, 0, 1, 1, 1, 0, 1, 1, 1, 0, 1, 1, 0, 1, 0]
Fitness: 1365.097925 	[3, 7, 0, 6, 14, 13, 0, 1, 4, 0, 5, 11, 2, 8, 9, 10, 12, 15, 0, 1, 0, 1, 1, 1, 0, 1, 1, 0, 1, 0, 1, 1, 1, 0]
Fitness: 1365.097925 	[14, 13, 0, 5, 11, 2, 0, 3, 7, 15, 8, 9, 10, 12, 6, 0, 1, 4, 0, 1, 0, 1, 1, 1, 0, 1, 1, 0, 1, 0, 1, 1, 1, 0]
Fitness: 1365.097925 	[14, 13, 0, 5, 11, 2, 0, 3, 7, 15, 8, 9, 10, 12, 6, 0, 1, 4, 0, 1, 0, 1, 1, 1, 0, 1, 1, 0, 1, 0, 1, 1, 1, 0]
Fitness: 1365.097925 	[14, 13, 0, 5, 11, 2, 0, 3, 7, 15, 8, 9, 10, 12, 6, 0, 1, 4, 0, 1, 0, 1, 1, 1, 0, 1, 1, 0, 1, 0, 1, 1, 1, 0]
Fitness: 1365.097925 	[1, 13, 0, 14, 4, 0, 3, 7, 15, 8, 9, 10, 12, 6, 0, 5, 11, 2, 0, 1, 0, 1, 1, 1, 0, 1, 1, 1, 0, 1, 0, 1, 1, 0]
Fitness: 1359.015037 	[9, 4, 0, 1, 5, 0, 3, 7, 15, 8, 6, 10, 12, 14, 0, 13, 11, 2, 0, 1, 0, 1, 1, 1, 0, 1, 1, 1, 0, 1, 0, 1, 1, 0]
Fitness: 1365.097925 	[1, 13, 0, 3, 7, 15, 8, 9, 10, 12, 6, 0, 4, 5, 14, 0, 11, 2, 0, 1, 0, 1, 1, 1, 0, 1, 1, 1, 0, 1, 0, 1, 1, 0]
Fitness: 1365.097925 	[14, 13, 0, 5, 11, 2, 0, 3, 7, 15, 8, 9, 10, 12, 6, 0, 1, 4, 0, 1, 0, 1, 1, 1, 0, 1, 1, 0, 1, 0, 1, 1, 1, 0]
Fitness: 1359.015037 	[1, 5, 0, 13, 11, 2, 0, 3, 7, 15, 8, 6, 10, 12, 14, 0, 9, 4, 0, 1, 0, 1, 1, 1, 0, 1, 1, 0, 1, 0, 1, 1, 1, 0]
Fitness: 1365.097925 	[1, 5, 0, 14, 13, 0, 3, 7, 15, 8, 9, 10, 12, 6, 0, 2, 4, 11, 0, 1, 0, 1, 1, 1, 0, 1, 1, 0, 1, 0, 1, 1, 1, 0]
Fitness: 1358.735501 	[1, 4, 0, 6, 14, 13, 0, 2, 11, 5, 0, 3, 7, 15, 8, 9, 10, 12, 0, 1, 0, 1, 1, 1, 0, 1, 1, 0, 1, 0, 1, 1, 1, 0]
Fitness: 1359.015037 	[1, 5, 0, 13, 11, 2, 0, 3, 7, 15, 8, 6, 10, 12, 14, 0, 9, 4, 0, 1, 0, 1, 1, 1, 0, 1, 1, 0, 1, 0, 1, 1, 1, 0]
Fitness: 1358.735501 	[1, 5, 0, 3, 7, 15, 8, 9, 10, 12, 0, 6, 14, 13, 0, 2, 4, 11, 0, 1, 0, 1, 1, 1, 0, 1, 1, 1, 0, 1, 1, 0, 1, 0]
Fitness: 1359.015037 	[1, 5, 0, 13, 11, 2, 0, 3, 7, 15, 8, 6, 10, 12, 14, 0, 9, 4, 0, 1, 0, 1, 1, 1, 0, 1, 1, 0, 1, 0, 1, 1, 1, 0]
Fitness: 1365.097925 	[1, 4, 0, 5, 11, 2, 0, 3, 7, 15, 8, 9, 10, 12, 6, 0, 14, 13, 0, 1, 0, 1, 1, 1, 0, 1, 1, 0, 1, 0, 1, 1, 1, 0]
Fitness: 1359.015037 	[3, 7, 15, 8, 6, 10, 12, 14, 0, 1, 5, 0, 2, 11, 4, 9, 0, 13, 0, 1, 0, 1, 1, 1, 0, 1, 1, 0, 1, 0, 1, 1, 1, 0]
Fitness: 1365.097925 	[1, 4, 0, 5, 11, 2, 0, 3, 7, 15, 8, 9, 10, 12, 6, 0, 14, 13, 0, 1, 0, 1, 1, 1, 0, 1, 1, 0, 1, 0, 1, 1, 1, 0]
Fitness: 1359.015037 	[1, 5, 0, 13, 11, 2, 0, 3, 7, 15, 8, 6, 10, 12, 14, 0, 9, 4, 0, 1, 0, 1, 1, 1, 0, 1, 1, 0, 1, 0, 1, 1, 1, 0]
Fitness: 1365.097925 	[14, 13, 0, 3, 7, 15, 8, 9, 10, 12, 6, 0, 1, 2, 11, 5, 0, 4, 0, 1, 0, 1, 1, 1, 0, 1, 1, 0, 1, 0, 1, 1, 1, 0]
Fitness: 1359.015037 	[1, 5, 0, 13, 11, 2, 0, 3, 7, 15, 8, 6, 10, 12, 14, 0, 9, 4, 0, 1, 0, 1, 1, 1, 0, 1, 1, 0, 1, 0, 1, 1, 1, 0]
Fitness: 1365.097925 	[14, 13, 0, 5, 11, 2, 0, 3, 7, 15, 8, 9, 10, 12, 6, 0, 1, 4, 0, 1, 0, 1, 1, 1, 0, 1, 1, 0, 1, 0, 1, 1, 1, 0]
Fitness: 1359.015037 	[14, 13, 0, 9, 4, 0, 1, 5, 0, 2, 3, 6, 7, 8, 10, 11, 12, 15, 0, 1, 0, 1, 1, 1, 0, 1, 1, 0, 1, 0, 1, 1, 1, 0]
Fitness: 1365.097925 	[14, 13, 0, 5, 11, 2, 0, 3, 7, 15, 8, 9, 10, 12, 6, 0, 1, 4, 0, 1, 0, 1, 1, 1, 0, 1, 1, 0, 1, 0, 1, 1, 1, 0]
Fitness: 1365.097925 	[1, 4, 0, 5, 11, 2, 0, 3, 7, 15, 8, 9, 10, 12, 6, 0, 14, 13, 0, 1, 0, 1, 1, 1, 0, 1, 1, 0, 1, 0, 1, 1, 1, 0]
Fitness: 1365.097925 	[1, 4, 0, 5, 11, 2, 0, 3, 7, 15, 8, 9, 10, 12, 6, 0, 14, 13, 0, 1, 0, 1, 1, 1, 0, 1, 1, 0, 1, 0, 1, 1, 1, 0]
Fitness: 1359.015037 	[1, 5, 0, 13, 11, 2, 0, 3, 7, 15, 8, 6, 10, 12, 14, 0, 9, 4, 0, 1, 0, 1, 1, 1, 0, 1, 1, 0, 1, 0, 1, 1, 1, 0]
Fitness: 1358.735501 	[1, 4, 0, 6, 14, 13, 0, 2, 11, 5, 0, 3, 7, 15, 8, 9, 10, 12, 0, 1, 0, 1, 1, 1, 0, 1, 1, 1, 0, 1, 1, 0, 1, 0]
Fitness: 1359.015037 	[9, 4, 0, 2, 11, 13, 0, 3, 7, 15, 8, 6, 10, 12, 14, 0, 1, 5, 0, 1, 0, 1, 1, 1, 0, 1, 1, 0, 1, 0, 1, 1, 1, 0]
Fitness: 1359.015037 	[1, 5, 0, 9, 4, 0, 3, 7, 15, 8, 6, 10, 12, 14, 0, 13, 11, 2, 0, 1, 0, 1, 1, 1, 0, 1, 1, 1, 0, 1, 0, 1, 1, 0]
Fitness: 1359.015037 	[1, 5, 0, 13, 11, 2, 0, 3, 7, 15, 8, 6, 10, 12, 14, 0, 9, 4, 0, 1, 0, 1, 1, 1, 0, 1, 1, 0, 1, 0, 1, 1, 1, 0]
Fitness: 1359.015037 	[3, 6, 0, 13, 11, 2, 0, 1, 5, 0, 9, 4, 7, 8, 10, 12, 14, 15, 0, 1, 0, 1, 1, 1, 0, 1, 1, 1, 0, 1, 0, 1, 1, 0]
Fitness: 1361.166420 	[1, 4, 0, 6, 14, 13, 0, 5, 11, 0, 3, 9, 10, 15, 12, 8, 7, 2, 0, 1, 0, 1, 1, 1, 0, 1, 1, 0, 1, 0, 1, 1, 1, 0]
Fitness: 1365.097925 	[14, 13, 0, 5, 11, 2, 0, 3, 7, 15, 8, 9, 10, 12, 6, 0, 1, 4, 0, 1, 0, 1, 1, 1, 0, 1, 1, 0, 1, 0, 1, 1, 1, 0]
Fitness: 1361.166420 	[1, 4, 0, 5, 11, 0, 3, 7, 15, 8, 9, 10, 12, 6, 0, 2, 13, 14, 0, 1, 0, 1, 1, 1, 0, 1, 1, 0, 1, 1, 1, 0, 1, 0]
Fitness: 1359.015037 	[1, 5, 0, 13, 11, 2, 0, 3, 7, 15, 8, 6, 10, 12, 14, 0, 9, 4, 0, 1, 0, 1, 1, 1, 0, 1, 1, 0, 1, 0, 1, 1, 1, 0]
Fitness: 1365.097925 	[14, 13, 0, 5, 11, 2, 0, 3, 7, 15, 8, 9, 10, 12, 6, 0, 1, 4, 0, 1, 0, 1, 1, 1, 0, 1, 1, 0, 1, 0, 1, 1, 1, 0]
Fitness: 1359.015037 	[14, 13, 0, 3, 11, 2, 0, 1, 5, 0, 9, 4, 6, 7, 8, 10, 12, 15, 0, 1, 0, 1, 1, 1, 0, 1, 1, 0, 1, 0, 1, 1, 1, 0]
Fitness: 1367.876978 	[1, 4, 0, 2, 11, 5, 0, 13, 6, 0, 3, 9, 10, 15, 12, 8, 7, 14, 0, 1, 0, 1, 1, 1, 0, 1, 1, 0, 1, 1, 1, 0, 1, 0]
Fitness: 1367.876978 	[1, 4, 0, 2, 11, 5, 0, 13, 6, 0, 3, 9, 10, 15, 12, 8, 7, 14, 0, 1, 0, 1, 1, 1, 0, 1, 1, 0, 1, 1, 1, 0, 1, 0]
Fitness: 1367.876978 	[1, 4, 0, 13, 6, 0, 2, 11, 0, 3, 9, 10, 15, 12, 8, 7, 14, 5, 0, 1, 0, 1, 1, 1, 0, 1, 1, 0, 1, 1, 1, 0, 1, 0]
Fitness: 1365.097925 	[14, 13, 0, 5, 11, 2, 0, 3, 7, 15, 8, 9, 10, 12, 6, 0, 1, 4, 0, 1, 0, 1, 1, 1, 0, 1, 1, 0, 1, 0, 1, 1, 1, 0]
Fitness: 1359.015037 	[9, 4, 0, 13, 11, 2, 0, 3, 7, 15, 8, 6, 10, 12, 14, 0, 1, 5, 0, 1, 0, 1, 1, 1, 0, 1, 1, 0, 1, 0, 1, 1, 1, 0]
Fitness: 1365.097925 	[2, 11, 0, 1, 4, 0, 3, 7, 15, 8, 9, 10, 12, 6, 0, 13, 5, 14, 0, 1, 0, 1, 1, 1, 0, 1, 1, 0, 1, 0, 1, 1, 1, 0]
Fitness: 1365.097925 	[1, 4, 0, 2, 11, 5, 0, 3, 7, 15, 8, 9, 10, 12, 6, 0, 14, 13, 0, 1, 0, 1, 1, 1, 0, 1, 1, 0, 1, 0, 1, 1, 1, 0]
Fitness: 1359.015037 	[1, 5, 0, 13, 11, 2, 0, 3, 7, 15, 8, 6, 10, 12, 14, 0, 9, 4, 0, 1, 0, 1, 1, 1, 0, 1, 1, 0, 1, 0, 1, 1, 1, 0]
Fitness: 1365.097925 	[3, 6, 0, 1, 4, 0, 2, 11, 5, 0, 9, 7, 8, 10, 12, 13, 14, 15, 0, 1, 0, 1, 1, 1, 0, 1, 1, 0, 1, 0, 1, 1, 1, 0]
Fitness: 1365.097925 	[1, 13, 0, 14, 4, 0, 3, 7, 15, 8, 9, 10, 12, 6, 0, 5, 11, 2, 0, 1, 0, 1, 1, 1, 0, 1, 1, 0, 1, 1, 0, 1, 1, 0]
Fitness: 1359.015037 	[1, 5, 0, 13, 11, 2, 0, 3, 7, 15, 8, 6, 10, 12, 14, 0, 9, 4, 0, 1, 0, 1, 1, 1, 0, 1, 1, 0, 1, 0, 1, 1, 1, 0]
Fitness: 1365.097925 	[2, 5, 0, 14, 4, 0, 1, 13, 0, 9, 3, 6, 7, 8, 10, 11, 12, 15, 0, 1, 0, 1, 1, 1, 0, 1, 1, 1, 0, 1, 0, 1, 1, 0]
Fitness: 1365.097925 	[1, 4, 0, 5, 11, 2, 0, 3, 7, 15, 8, 9, 10, 12, 6, 0, 14, 13, 0, 1, 0, 1, 1, 1, 0, 1, 1, 1, 0, 0, 1, 1, 1, 0]
Fitness: 1359.015037 	[1, 5, 0, 9, 4, 0, 3, 7, 15, 8, 6, 10, 12, 14, 0, 13, 11, 2, 0, 1, 0, 1, 1, 1, 0, 1, 1, 1, 0, 1, 0, 1, 1, 0]
Fitness: 1365.097925 	[1, 3, 0, 9, 4, 0, 5, 11, 2, 0, 14, 13, 6, 7, 8, 10, 12, 15, 0, 1, 0, 1, 1, 1, 0, 1, 1, 0, 1, 0, 1, 1, 1, 0]
Fitness: 1359.015037 	[9, 4, 0, 1, 5, 0, 3, 7, 15, 8, 6, 10, 12, 14, 0, 13, 11, 2, 0, 1, 0, 1, 1, 1, 0, 1, 1, 0, 1, 1, 0, 1, 1, 0]
Fitness: 1359.015037 	[1, 5, 0, 13, 11, 2, 0, 3, 7, 15, 8, 6, 10, 12, 14, 0, 9, 4, 0, 1, 0, 1, 1, 1, 0, 1, 1, 0, 1, 0, 1, 1, 1, 0]
Fitness: 1359.015037 	[1, 5, 0, 9, 4, 0, 13, 11, 2, 0, 3, 6, 7, 8, 10, 12, 14, 15, 0, 1, 0, 1, 1, 1, 0, 1, 1, 1, 0, 1, 0, 1, 1, 0]
Fitness: 1359.015037 	[1, 5, 0, 13, 11, 2, 0, 3, 7, 15, 8, 6, 10, 12, 14, 0, 9, 4, 0, 1, 0, 1, 1, 1, 0, 1, 1, 0, 1, 0, 1, 1, 1, 0]
Fitness: 1367.876978 	[1, 4, 0, 2, 11, 5, 0, 13, 6, 0, 3, 9, 10, 15, 12, 8, 7, 14, 0, 1, 0, 1, 1, 1, 0, 1, 1, 0, 1, 1, 1, 0, 1, 0]
Fitness: 1359.015037 	[9, 4, 0, 3, 7, 15, 8, 6, 10, 12, 14, 0, 13, 1, 0, 2, 11, 5, 0, 1, 0, 1, 1, 1, 0, 1, 1, 0, 1, 0, 1, 1, 1, 0]
Fitness: 1365.097925 	[1, 13, 0, 14, 4, 0, 3, 7, 15, 8, 9, 10, 12, 6, 0, 5, 11, 2, 0, 1, 0, 1, 1, 1, 0, 1, 1, 1, 0, 1, 0, 1, 1, 0]
Fitness: 1359.015037 	[1, 5, 0, 9, 4, 0, 3, 7, 15, 8, 6, 10, 12, 14, 0, 13, 11, 2, 0, 1, 0, 1, 1, 1, 0, 1, 1, 1, 0, 1, 0, 1, 1, 0]
Fitness: 1365.097925 	[1, 13, 0, 14, 4, 0, 3, 7, 15, 8, 9, 10, 12, 6, 0, 5, 11, 2, 0, 1, 0, 1, 1, 1, 0, 1, 1, 1, 0, 1, 0, 1, 1, 0]
Fitness: 1365.097925 	[14, 13, 0, 5, 11, 2, 0, 3, 7, 15, 8, 9, 10, 12, 6, 0, 1, 4, 0, 1, 0, 1, 1, 1, 0, 1, 1, 0, 1, 0, 1, 1, 1, 0]
Fitness: 1359.015037 	[1, 5, 0, 13, 11, 2, 0, 3, 7, 15, 8, 6, 10, 12, 14, 0, 9, 4, 0, 1, 0, 1, 1, 1, 0, 1, 1, 0, 1, 0, 1, 1, 1, 0]
Fitness: 1365.097925 	[1, 13, 0, 5, 11, 2, 0, 3, 7, 15, 8, 9, 10, 12, 6, 0, 14, 4, 0, 1, 0, 1, 1, 1, 0, 1, 1, 0, 1, 0, 1, 1, 1, 0]
Fitness: 1365.097925 	[1, 4, 0, 5, 11, 2, 0, 3, 7, 15, 8, 9, 10, 12, 6, 0, 14, 13, 0, 1, 0, 1, 1, 1, 0, 1, 1, 0, 1, 0, 1, 1, 1, 0]
Fitness: 1360.946457 	[1, 13, 0, 14, 4, 0, 3, 7, 15, 8, 9, 10, 12, 6, 0, 5, 11, 2, 0, 1, 0, 1, 1, 1, 0, 1, 1, 0, 1, 0, 1, 1, 1, 0]
Fitness: 1365.097925 	[2, 13, 0, 14, 11, 0, 3, 7, 15, 8, 9, 10, 12, 6, 0, 1, 4, 5, 0, 1, 0, 1, 1, 1, 0, 1, 1, 0, 1, 0, 1, 1, 1, 0]
Fitness: 1365.097925 	[14, 13, 0, 5, 11, 2, 0, 3, 7, 15, 8, 9, 10, 12, 6, 0, 1, 4, 0, 1, 0, 1, 1, 1, 0, 1, 1, 0, 1, 0, 1, 1, 1, 0]
Fitness: 1365.097925 	[14, 13, 0, 5, 11, 2, 0, 3, 7, 15, 8, 9, 10, 12, 6, 0, 1, 4, 0, 1, 0, 1, 1, 1, 0, 1, 1, 0, 1, 0, 1, 1, 1, 0]
Fitness: 1365.097925 	[1, 3, 0, 4, 6, 7, 0, 14, 13, 0, 5, 11, 2, 8, 9, 10, 12, 15, 0, 1, 0, 1, 1, 1, 0, 1, 1, 0, 1, 0, 1, 1, 1, 0]
Fitness: 1365.097925 	[14, 13, 8, 0, 5, 11, 2, 0, 3, 7, 15, 9, 10, 12, 6, 0, 1, 4, 0, 1, 0, 0, 1, 1, 0, 1, 1, 0, 1, 1, 1, 1, 1, 0]
Fitness: 1365.097925 	[1, 4, 10, 0, 5, 11, 2, 0, 3, 7, 15, 8, 9, 12, 6, 0, 14, 13, 0, 1, 0, 1, 0, 1, 1, 1, 1, 0, 1, 0, 1, 1, 1, 0]
Fitness: 1359.015037 	[5, 0, 13, 11, 2, 1, 0, 3, 7, 15, 8, 6, 10, 12, 14, 0, 9, 4, 0, 1, 1, 1, 1, 1, 0, 1, 1, 0, 1, 0, 0, 1, 1, 0]
Fitness: 1365.097925 	[14, 0, 5, 11, 2, 13, 0, 3, 7, 15, 8, 9, 10, 12, 6, 0, 1, 4, 0, 1, 0, 1, 1, 1, 1, 1, 0, 0, 1, 0, 1, 1, 1, 0]
Fitness: 1365.097925 	[14, 13, 0, 5, 11, 2, 12, 0, 3, 7, 15, 8, 9, 10, 6, 0, 1, 4, 0, 1, 0, 1, 1, 1, 0, 1, 1, 0, 1, 1, 1, 0, 1, 0]
Fitness: 1365.097925 	[1, 4, 0, 5, 11, 2, 9, 0, 3, 7, 15, 8, 10, 12, 6, 0, 14, 13, 0, 1, 0, 1, 1, 1, 1, 0, 1, 0, 1, 0, 1, 1, 1, 0]
Fitness: 1358.735501 	[1, 4, 9, 0, 6, 14, 13, 0, 2, 11, 5, 0, 3, 7, 15, 8, 10, 12, 0, 1, 0, 1, 1, 1, 0, 1, 1, 0, 1, 1, 1, 0, 1, 0]
Fitness: 1358.735501 	[1, 4, 0, 14, 13, 0, 2, 11, 5, 0, 3, 7, 15, 8, 9, 10, 12, 6, 0, 1, 1, 1, 1, 1, 0, 0, 1, 1, 0, 1, 1, 0, 1, 0]
Fitness: 1359.015037 	[4, 0, 1, 5, 9, 0, 3, 7, 15, 8, 6, 10, 12, 14, 0, 13, 11, 2, 0, 1, 0, 1, 1, 1, 0, 1, 1, 1, 0, 1, 1, 0, 1, 0]
Fitness: 1359.015037 	[1, 5, 0, 13, 11, 2, 9, 0, 3, 7, 15, 8, 6, 10, 12, 14, 0, 4, 0, 1, 0, 1, 1, 1, 0, 1, 1, 1, 1, 0, 0, 1, 1, 0]
Fitness: 1359.015037 	[5, 0, 13, 11, 2, 0, 3, 7, 15, 8, 6, 10, 12, 14, 1, 0, 9, 4, 0, 0, 1, 1, 1, 1, 0, 1, 1, 0, 1, 0, 1, 1, 1, 0]
Fitness: 1359.015037 	[1, 5, 0, 9, 4, 11, 0, 3, 7, 15, 8, 6, 10, 12, 14, 0, 13, 2, 0, 1, 1, 1, 1, 1, 0, 1, 1, 0, 0, 1, 0, 1, 1, 0]
Fitness: 1365.097925 	[14, 13, 0, 11, 2, 0, 3, 7, 15, 8, 9, 10, 12, 6, 5, 0, 1, 4, 0, 1, 0, 1, 1, 1, 1, 1, 1, 0, 1, 0, 1, 0, 1, 0]
Fitness: 1365.097925 	[1, 4, 0, 5, 11, 2, 8, 0, 3, 7, 15, 9, 10, 12, 6, 0, 14, 13, 0, 1, 1, 0, 1, 1, 0, 1, 1, 0, 1, 0, 1, 1, 1, 0]
Fitness: 1359.015037 	[9, 4, 2, 0, 13, 11, 0, 3, 7, 15, 8, 6, 10, 12, 14, 0, 1, 5, 0, 0, 0, 1, 1, 1, 1, 1, 1, 0, 1, 0, 1, 1, 1, 0]
Fitness: 1365.097925 	[14, 13, 4, 0, 5, 11, 2, 0, 3, 7, 15, 8, 9, 10, 12, 6, 0, 1, 0, 1, 0, 1, 1, 1, 1, 0, 1, 0, 1, 0, 1, 1, 1, 0]
Fitness: 1359.015037 	[1, 0, 13, 11, 2, 0, 3, 7, 15, 8, 6, 10, 12, 14, 0, 9, 4, 5, 0, 0, 0, 1, 1, 1, 1, 1, 1, 0, 1, 0, 1, 1, 1, 0]
Fitness: 1360.946457 	[1, 13, 14, 0, 4, 0, 3, 7, 15, 8, 9, 10, 12, 6, 0, 5, 11, 2, 0, 1, 0, 1, 0, 1, 0, 1, 1, 0, 1, 1, 1, 1, 1, 0]
Fitness: 1359.015037 	[1, 5, 6, 0, 13, 11, 2, 0, 3, 7, 15, 8, 10, 12, 14, 0, 9, 4, 0, 1, 0, 1, 1, 1, 0, 0, 1, 0, 1, 1, 1, 1, 1, 0]
Fitness: 1365.097925 	[1, 13, 0, 14, 4, 0, 3, 7, 15, 8, 9, 10, 12, 6, 11, 0, 5, 2, 0, 1, 1, 1, 1, 1, 0, 1, 0, 1, 0, 1, 0, 1, 1, 0]
Fitness: 1359.015037 	[3, 6, 13, 0, 11, 2, 0, 1, 5, 0, 9, 4, 7, 8, 10, 12, 14, 15, 0, 1, 0, 1, 1, 1, 1, 1, 0, 1, 0, 1, 0, 1, 1, 0]
Fitness: 1360.946457 	[1, 13, 4, 0, 14, 0, 3, 7, 15, 8, 9, 10, 12, 6, 0, 5, 11, 2, 0, 1, 0, 0, 1, 1, 0, 1, 1, 1, 1, 0, 1, 1, 1, 0]
Fitness: 1365.097925 	[1, 13, 0, 14, 0, 3, 7, 15, 8, 9, 10, 12, 6, 0, 5, 11, 2, 4, 0, 1, 0, 1, 1, 1, 1, 1, 1, 1, 0, 1, 0, 0, 1, 0]
Fitness: 1365.097925 	[14, 13, 5, 0, 11, 2, 0, 3, 7, 15, 8, 9, 10, 12, 6, 0, 1, 4, 0, 1, 0, 1, 1, 1, 0, 1, 1, 0, 0, 1, 1, 1, 1, 0]
Fitness: 1358.735501 	[1, 4, 6, 0, 14, 13, 0, 2, 11, 5, 0, 3, 7, 15, 8, 9, 10, 12, 0, 1, 1, 1, 1, 0, 0, 1, 1, 1, 0, 1, 1, 0, 1, 0]
Fitness: 1359.015037 	[1, 5, 11, 0, 13, 2, 0, 3, 7, 15, 8, 6, 10, 12, 14, 0, 9, 4, 0, 1, 0, 1, 1, 1, 0, 1, 1, 1, 1, 0, 0, 1, 1, 0]
Fitness: 1358.735501 	[1, 4, 0, 6, 13, 0, 2, 11, 5, 0, 3, 7, 15, 8, 9, 10, 12, 14, 0, 1, 0, 1, 1, 0, 1, 1, 1, 1, 0, 1, 1, 0, 1, 0]
Fitness: 1359.015037 	[9, 0, 1, 5, 4, 0, 3, 7, 15, 8, 6, 10, 12, 14, 0, 13, 11, 2, 0, 1, 0, 1, 0, 1, 1, 1, 1, 0, 1, 1, 0, 1, 1, 0]
Fitness: 1365.097925 	[14, 13, 10, 0, 5, 11, 2, 0, 3, 7, 15, 8, 9, 12, 6, 0, 1, 4, 0, 1, 0, 1, 0, 1, 1, 1, 1, 0, 1, 0, 1, 1, 1, 0]
Fitness: 1365.097925 	[14, 13, 0, 5, 11, 2, 12, 0, 3, 7, 15, 8, 9, 10, 6, 0, 1, 4, 0, 0, 1, 1, 1, 1, 0, 1, 1, 0, 1, 0, 1, 1, 1, 0]
Fitness: 1359.015037 	[6, 10, 12, 14, 13, 0, 1, 5, 0, 2, 11, 4, 9, 0, 3, 7, 15, 8, 0, 1, 1, 0, 1, 1, 0, 1, 1, 0, 1, 0, 1, 1, 1, 0]
Fitness: 1359.015037 	[1, 0, 13, 11, 2, 0, 3, 7, 15, 8, 6, 10, 12, 14, 0, 9, 4, 5, 0, 0, 0, 1, 1, 1, 0, 1, 1, 1, 1, 0, 1, 1, 1, 0]
Fitness: 1365.097925 	[14, 13, 0, 5, 11, 0, 3, 7, 15, 8, 9, 10, 12, 6, 0, 1, 4, 2, 0, 1, 0, 0, 1, 1, 0, 1, 1, 0, 1, 1, 1, 1, 1, 0]
Fitness: 1365.097925 	[14, 13, 11, 0, 5, 2, 0, 3, 7, 15, 8, 9, 10, 12, 6, 0, 1, 4, 0, 1, 0, 1, 1, 1, 0, 1, 0, 0, 1, 1, 1, 1, 1, 0]
Fitness: 1359.015037 	[1, 5, 0, 13, 11, 2, 4, 0, 3, 7, 15, 8, 6, 10, 12, 14, 0, 9, 0, 1, 0, 1, 1, 1, 1, 1, 1, 0, 1, 0, 1, 0, 1, 0]
Fitness: 1365.097925 	[14, 13, 0, 11, 2, 0, 3, 7, 15, 8, 9, 10, 12, 6, 0, 1, 4, 5, 0, 1, 0, 1, 1, 1, 0, 1, 1, 0, 1, 1, 1, 0, 1, 0]
Fitness: 1359.015037 	[1, 5, 0, 13, 11, 2, 0, 3, 7, 15, 8, 6, 10, 12, 14, 4, 0, 9, 0, 1, 0, 1, 1, 1, 1, 1, 1, 0, 1, 0, 0, 1, 1, 0]
Fitness: 1359.015037 	[1, 5, 9, 0, 13, 11, 2, 0, 3, 7, 15, 8, 6, 10, 12, 14, 0, 4, 0, 0, 0, 1, 1, 1, 0, 1, 1, 0, 1, 1, 1, 1, 1, 0]
Fitness: 1365.097925 	[14, 13, 4, 0, 5, 11, 2, 0, 3, 7, 15, 8, 9, 10, 12, 6, 0, 1, 0, 1, 0, 1, 1, 1, 0, 1, 1, 1, 0, 0, 1, 1, 1, 0]
Fitness: 1365.097925 	[1, 4, 0, 5, 11, 2, 0, 3, 7, 15, 8, 9, 10, 12, 0, 14, 13, 6, 0, 1, 0, 0, 1, 1, 0, 1, 1, 0, 1, 1, 1, 1, 1, 0]
Fitness: 1365.097925 	[14, 13, 0, 5, 11, 0, 3, 7, 15, 8, 9, 10, 12, 6, 2, 0, 1, 4, 0, 1, 0, 1, 1, 1, 0, 1, 1, 1, 1, 0, 0, 1, 1, 0]
Fitness: 1365.097925 	[1, 0, 5, 11, 2, 4, 0, 3, 7, 15, 8, 9, 10, 12, 6, 0, 14, 13, 0, 1, 0, 1, 1, 0, 1, 1, 1, 1, 0, 0, 1, 1, 1, 0]
Fitness: 1359.015037 	[9, 4, 0, 3, 7, 15, 8, 6, 10, 12, 14, 5, 0, 13, 1, 0, 2, 11, 0, 1, 1, 1, 1, 0, 0, 1, 1, 0, 1, 0, 1, 1, 1, 0]
Fitness: 1359.015037 	[1, 5, 9, 0, 13, 11, 2, 0, 3, 7, 15, 8, 6, 10, 12, 14, 0, 4, 0, 1, 0, 1, 1, 1, 0, 1, 1, 1, 1, 0, 1, 1, 0, 0]
Fitness: 1359.015037 	[5, 0, 9, 4, 1, 0, 3, 7, 15, 8, 6, 10, 12, 14, 0, 13, 11, 2, 0, 1, 0, 1, 1, 1, 1, 1, 0, 1, 0, 1, 0, 1, 1, 0]
Fitness: 1359.015037 	[1, 5, 0, 9, 4, 0, 3, 7, 15, 8, 6, 10, 12, 14, 2, 0, 13, 11, 0, 1, 0, 1, 1, 0, 1, 1, 1, 1, 0, 1, 0, 1, 1, 0]
Fitness: 1367.876978 	[4, 0, 2, 11, 5, 0, 13, 6, 1, 0, 3, 9, 10, 15, 12, 8, 7, 14, 0, 1, 0, 1, 1, 1, 0, 1, 1, 1, 1, 1, 1, 0, 0, 0]
Fitness: 1365.097925 	[14, 0, 5, 11, 2, 13, 0, 3, 7, 15, 8, 9, 10, 12, 6, 0, 1, 4, 0, 1, 0, 1, 1, 1, 1, 1, 1, 0, 1, 0, 1, 1, 0, 0]
Fitness: 1365.097925 	[3, 7, 0, 6, 14, 13, 1, 0, 4, 0, 5, 11, 2, 8, 9, 10, 12, 15, 0, 0, 0, 1, 1, 1, 0, 1, 1, 0, 1, 1, 1, 1, 1, 0]
Fitness: 1365.097925 	[1, 4, 0, 5, 11, 0, 3, 7, 15, 8, 9, 10, 12, 6, 0, 14, 13, 2, 0, 1, 0, 0, 1, 1, 1, 1, 1, 0, 1, 0, 1, 1, 1, 0]
Fitness: 1359.015037 	[9, 4, 0, 3, 7, 15, 8, 6, 10, 12, 14, 0, 13, 11, 2, 0, 1, 5, 0, 1, 0, 1, 1, 1, 0, 1, 1, 0, 1, 0, 1, 1, 1, 0]
Fitness: 1359.015037 	[1, 5, 0, 9, 4, 0, 3, 7, 15, 8, 6, 10, 12, 14, 0, 13, 11, 2, 0, 1, 0, 1, 1, 1, 0, 1, 1, 0, 1, 0, 1, 1, 1, 0]
Fitness: 1358.735501 	[3, 7, 15, 8, 9, 10, 12, 0, 6, 14, 13, 0, 2, 11, 5, 0, 1, 4, 0, 1, 0, 1, 1, 1, 0, 1, 1, 1, 0, 1, 1, 0, 1, 0]
Fitness: 1367.876978 	[2, 11, 0, 13, 6, 0, 1, 4, 0, 3, 9, 10, 15, 12, 8, 7, 14, 5, 0, 1, 0, 1, 1, 1, 0, 1, 1, 0, 1, 1, 1, 0, 1, 0]
Fitness: 1359.015037 	[3, 7, 15, 8, 6, 10, 12, 14, 0, 13, 11, 2, 0, 9, 4, 0, 1, 5, 0, 1, 0, 1, 1, 1, 0, 1, 1, 0, 1, 0, 1, 1, 1, 0]
Fitness: 1358.735501 	[3, 7, 15, 8, 9, 10, 12, 0, 1, 5, 0, 6, 14, 13, 0, 2, 4, 11, 0, 1, 0, 1, 1, 1, 0, 1, 1, 1, 0, 1, 1, 0, 1, 0]
Fitness: 1365.097925 	[3, 7, 15, 8, 9, 10, 12, 6, 2, 0, 5, 11, 0, 14, 13, 0, 1, 4, 0, 1, 0, 1, 1, 1, 0, 1, 1, 1, 1, 0, 0, 1, 1, 0]
Fitness: 1365.097925 	[3, 6, 0, 2, 11, 5, 0, 1, 4, 0, 9, 7, 8, 10, 12, 13, 14, 15, 0, 1, 0, 1, 1, 1, 0, 1, 1, 0, 1, 0, 1, 1, 1, 0]
Fitness: 1359.015037 	[1, 5, 0, 9, 4, 0, 3, 7, 15, 8, 6, 10, 12, 14, 0, 13, 11, 2, 0, 1, 0, 1, 1, 1, 0, 1, 1, 0, 1, 0, 1, 1, 1, 0]
Fitness: 1359.015037 	[3, 7, 15, 8, 6, 10, 12, 14, 0, 13, 2, 0, 1, 5, 11, 0, 9, 4, 0, 1, 0, 1, 1, 1, 0, 1, 1, 1, 1, 0, 0, 1, 1, 0]
Fitness: 1359.015037 	[1, 5, 0, 3, 7, 15, 8, 6, 10, 12, 14, 0, 13, 11, 2, 0, 9, 4, 0, 1, 0, 1, 1, 1, 0, 1, 1, 0, 1, 0, 1, 1, 1, 0]
Fitness: 1359.015037 	[1, 5, 0, 9, 4, 0, 3, 7, 15, 8, 6, 10, 12, 14, 0, 13, 11, 2, 0, 1, 0, 1, 1, 1, 0, 1, 1, 0, 1, 0, 1, 1, 1, 0]
Fitness: 1358.735501 	[3, 7, 15, 8, 9, 10, 12, 0, 6, 14, 13, 0, 2, 11, 5, 0, 1, 4, 0, 1, 0, 1, 1, 1, 0, 1, 1, 0, 1, 0, 1, 1, 1, 0]
Fitness: 1359.015037 	[1, 5, 0, 3, 6, 7, 8, 10, 12, 14, 15, 0, 13, 11, 2, 0, 9, 4, 0, 1, 0, 1, 1, 1, 0, 1, 1, 1, 0, 1, 0, 1, 1, 0]
Fitness: 1365.097925 	[5, 11, 2, 8, 9, 10, 12, 15, 0, 6, 14, 13, 0, 1, 4, 0, 3, 7, 0, 1, 0, 1, 1, 1, 0, 1, 1, 0, 1, 0, 1, 1, 1, 0]
Fitness: 1365.097925 	[1, 13, 0, 5, 11, 2, 0, 3, 7, 15, 8, 9, 10, 12, 6, 0, 14, 4, 0, 1, 0, 1, 1, 1, 0, 1, 1, 1, 0, 1, 0, 1, 1, 0]
Fitness: 1365.097925 	[1, 3, 0, 4, 6, 7, 0, 5, 11, 2, 8, 9, 10, 12, 15, 0, 14, 13, 0, 1, 0, 1, 1, 1, 0, 1, 1, 0, 1, 0, 1, 1, 1, 0]
Fitness: 1359.015037 	[13, 11, 2, 0, 1, 5, 0, 3, 7, 15, 8, 6, 10, 12, 14, 0, 9, 4, 0, 1, 0, 1, 1, 1, 0, 1, 1, 0, 1, 0, 1, 1, 1, 0]
Fitness: 1358.735501 	[1, 4, 0, 3, 7, 15, 8, 9, 10, 12, 0, 2, 11, 5, 0, 6, 14, 13, 0, 1, 0, 1, 1, 1, 0, 1, 1, 1, 0, 1, 1, 0, 1, 0]
Fitness: 1367.876978 	[13, 6, 0, 3, 9, 10, 15, 12, 8, 7, 14, 0, 1, 4, 0, 2, 11, 5, 0, 1, 0, 1, 1, 1, 0, 1, 1, 0, 1, 1, 1, 0, 1, 0]
Fitness: 1361.166420 	[1, 4, 0, 6, 14, 13, 0, 3, 9, 10, 15, 12, 8, 7, 2, 0, 5, 11, 0, 1, 0, 1, 1, 1, 0, 1, 1, 0, 1, 0, 1, 1, 1, 0]
Fitness: 1365.097925 	[1, 4, 0, 5, 11, 2, 0, 3, 7, 15, 8, 9, 10, 12, 6, 0, 14, 13, 0, 1, 0, 1, 1, 1, 0, 1, 1, 0, 1, 0, 1, 1, 1, 0]
Fitness: 1361.166420 	[3, 9, 10, 15, 12, 8, 7, 2, 0, 6, 14, 13, 0, 5, 11, 0, 1, 4, 0, 1, 0, 1, 1, 1, 0, 1, 1, 0, 1, 1, 1, 0, 1, 0]
Fitness: 1359.015037 	[9, 4, 0, 13, 11, 2, 0, 3, 7, 15, 8, 6, 10, 12, 14, 0, 1, 5, 0, 1, 0, 1, 1, 1, 0, 1, 1, 0, 1, 0, 1, 1, 1, 0]
Fitness: 1365.097925 	[1, 4, 0, 5, 11, 2, 0, 3, 7, 15, 8, 9, 10, 12, 6, 0, 14, 13, 0, 1, 0, 1, 1, 1, 0, 1, 1, 0, 1, 0, 1, 1, 1, 0]
Fitness: 1359.015037 	[1, 5, 0, 3, 7, 15, 8, 6, 10, 12, 14, 0, 13, 11, 2, 0, 9, 4, 0, 1, 0, 1, 1, 1, 0, 1, 1, 0, 1, 0, 1, 1, 1, 0]
Fitness: 1359.015037 	[1, 5, 0, 13, 11, 2, 0, 3, 7, 15, 8, 6, 10, 12, 14, 0, 9, 4, 0, 1, 0, 1, 1, 1, 0, 1, 1, 1, 0, 1, 0, 1, 1, 0]
Fitness: 1359.015037 	[1, 5, 0, 13, 11, 2, 0, 3, 7, 15, 8, 6, 10, 12, 14, 0, 9, 4, 0, 1, 0, 1, 1, 1, 0, 1, 1, 1, 0, 1, 0, 1, 1, 0]
Fitness: 1359.015037 	[3, 7, 15, 8, 6, 10, 12, 14, 0, 13, 11, 2, 0, 1, 5, 0, 9, 4, 0, 1, 0, 1, 1, 1, 0, 1, 1, 0, 1, 0, 1, 1, 1, 0]
Fitness: 1359.015037 	[3, 7, 15, 8, 6, 10, 12, 14, 0, 13, 11, 2, 0, 1, 5, 0, 9, 4, 0, 1, 0, 1, 1, 1, 0, 1, 1, 0, 1, 0, 1, 1, 1, 0]
Fitness: 1365.097925 	[14, 13, 0, 11, 2, 0, 1, 4, 0, 3, 7, 15, 8, 9, 10, 12, 6, 5, 0, 1, 0, 1, 1, 1, 1, 1, 1, 0, 1, 0, 1, 0, 1, 0]
Fitness: 1359.015037 	[1, 5, 0, 4, 0, 3, 7, 15, 8, 6, 10, 12, 14, 0, 13, 11, 2, 9, 0, 1, 0, 1, 1, 1, 0, 1, 1, 1, 1, 0, 0, 1, 1, 0]
Fitness: 1365.097925 	[1, 13, 0, 14, 4, 0, 5, 11, 2, 0, 3, 7, 15, 8, 9, 10, 12, 6, 0, 1, 0, 1, 1, 1, 0, 1, 1, 1, 0, 1, 0, 1, 1, 0]
Fitness: 1358.735501 	[1, 4, 6, 0, 14, 13, 0, 3, 7, 15, 8, 9, 10, 12, 0, 2, 11, 5, 0, 1, 1, 1, 1, 0, 0, 1, 1, 1, 0, 1, 1, 0, 1, 0]
Fitness: 1365.097925 	[3, 7, 15, 8, 9, 10, 12, 6, 0, 5, 11, 2, 0, 14, 13, 0, 1, 4, 0, 1, 0, 1, 1, 1, 0, 1, 1, 0, 1, 0, 1, 1, 1, 0]
Fitness: 1365.097925 	[5, 11, 2, 0, 14, 13, 0, 3, 7, 15, 8, 9, 10, 12, 6, 0, 1, 4, 0, 1, 0, 1, 1, 1, 0, 1, 1, 0, 1, 0, 1, 1, 1, 0]
Fitness: 1358.735501 	[1, 4, 0, 2, 11, 5, 0, 6, 14, 13, 0, 3, 7, 15, 8, 9, 10, 12, 0, 1, 0, 1, 1, 1, 0, 1, 1, 1, 0, 1, 1, 0, 1, 0]
Fitness: 1365.097925 	[1, 4, 10, 0, 5, 11, 2, 0, 14, 13, 0, 3, 7, 15, 8, 9, 12, 6, 0, 1, 0, 1, 0, 1, 1, 1, 1, 0, 1, 0, 1, 1, 1, 0]
Fitness: 1367.876978 	[2, 11, 5, 0, 1, 4, 0, 13, 6, 0, 3, 9, 10, 15, 12, 8, 7, 14, 0, 1, 0, 1, 1, 1, 0, 1, 1, 0, 1, 1, 1, 0, 1, 0]
Fitness: 1359.015037 	[3, 7, 15, 8, 6, 10, 12, 14, 1, 0, 13, 11, 2, 0, 5, 0, 9, 4, 0, 0, 1, 1, 1, 1, 0, 1, 1, 0, 1, 0, 1, 1, 1, 0]
Fitness: 1365.097925 	[1, 4, 0, 5, 11, 2, 0, 3, 7, 15, 8, 9, 10, 12, 6, 0, 14, 13, 0, 1, 0, 1, 1, 1, 0, 1, 1, 0, 1, 0, 1, 1, 1, 0]
Fitness: 1365.097925 	[5, 11, 2, 0, 14, 13, 0, 3, 7, 15, 8, 9, 10, 12, 6, 0, 1, 4, 0, 1, 0, 1, 1, 1, 0, 1, 1, 0, 1, 0, 1, 1, 1, 0]
Fitness: 1361.166420 	[1, 4, 0, 3, 7, 15, 8, 9, 10, 12, 6, 0, 5, 11, 0, 2, 13, 14, 0, 1, 0, 1, 1, 1, 0, 1, 1, 0, 1, 1, 1, 0, 1, 0]
Fitness: 1359.015037 	[3, 7, 15, 8, 6, 10, 12, 14, 0, 13, 11, 2, 0, 1, 5, 0, 9, 4, 0, 1, 0, 1, 1, 1, 0, 1, 1, 0, 1, 0, 1, 1, 1, 0]
Fitness: 1359.015037 	[1, 5, 0, 3, 7, 15, 8, 6, 10, 12, 14, 0, 9, 4, 0, 13, 11, 2, 0, 1, 0, 1, 1, 1, 0, 1, 1, 1, 0, 1, 0, 1, 1, 0]
Fitness: 1365.097925 	[1, 4, 0, 5, 11, 2, 0, 3, 7, 15, 8, 9, 10, 12, 6, 0, 14, 13, 0, 1, 0, 1, 1, 1, 0, 1, 1, 0, 1, 0, 1, 1, 1, 0]
Fitness: 1365.097925 	[3, 7, 15, 8, 9, 10, 12, 6, 0, 5, 11, 2, 0, 14, 13, 0, 1, 4, 0, 1, 0, 1, 1, 1, 0, 1, 1, 0, 1, 0, 1, 1, 1, 0]
Fitness: 1365.097925 	[1, 4, 0, 3, 7, 15, 8, 9, 10, 12, 6, 0, 5, 11, 2, 0, 14, 13, 0, 1, 0, 1, 1, 1, 0, 1, 1, 1, 0, 0, 1, 1, 1, 0]
Fitness: 1365.097925 	[1, 3, 0, 9, 4, 0, 14, 13, 6, 7, 8, 10, 12, 15, 0, 5, 11, 2, 0, 1, 0, 1, 1, 1, 0, 1, 1, 0, 1, 0, 1, 1, 1, 0]
Fitness: 1359.015037 	[14, 3, 0, 6, 4, 7, 8, 9, 10, 12, 15, 0, 1, 5, 0, 13, 11, 2, 0, 1, 0, 1, 1, 1, 0, 1, 1, 0, 1, 0, 1, 1, 1, 0]
Time: 0.43587