Fitness: 1367.876978 	[13, 6, 0, 2, 11, 5, 0, 1, 4, 0, 3, 9, 10, 15, 12, 8, 7, 14, 0, 1, 0, 1, 1, 1, 0, 1, 1, 0, 1, 1, 1, 0, 1, 0]
Fitness: 1367.876978 	[1, 4, 0, 2, 11, 5, 0, 13, 6, 0, 3, 9, 10, 15, 12, 8, 7, 14, 0, 1, 0, 1, 1, 1, 0, 1, 1, 0, 1, 1, 1, 0, 1, 0]
Fitness: 1367.876978 	[1, 4, 0, 2, 11, 5, 0, 13, 6, 0, 3, 9, 10, 15, 12, 8, 7, 14, 0, 1, 0, 1, 1, 1, 0, 1, 1, 0, 1, 1, 1, 0, 1, 0]
Fitness: 1367.876978 	[1, 4, 0, 2, 11, 5, 0, 13, 6, 0, 3, 9, 10, 15, 12, 8, 7, 14, 0, 1, 0, 1, 1, 1, 0, 1, 1, 0, 1, 1, 1, 0, 1, 0]
Fitness: 1367.876978 	[1, 4, 0, 2, 11, 5, 0, 13, 6, 0, 3, 9, 10, 15, 12, 8, 7, 14, 0, 1, 0, 1, 1, 1, 0, 1, 1, 0, 1, 1, 1, 0, 1, 0]
Fitness: 1367.876978 	[1, 4, 0, 2, 11, 5, 0, 13, 6, 0, 3, 9, 10, 15, 12, 8, 7, 14, 0, 1, 0, 1, 1, 1, 0, 1, 1, 0, 1, 1, 1, 0, 1, 0]
Fitness: 1367.876978 	[1, 4, 0, 2, 11, 5, 0, 13, 6, 0, 3, 9, 10, 15, 12, 8, 7, 14, 0, 1, 0, 1, 1, 1, 0, 1, 1, 0, 1, 1, 1, 0, 1, 0]
Fitness: 1367.876978 	[1, 4, 0, 2, 11, 5, 0, 13, 6, 0, 3, 9, 10, 15, 12, 8, 7, 14, 0, 1, 0, 1, 1, 1, 0, 1, 1, 0, 1, 1, 1, 0, 1, 0]
Fitness: 1367.876978 	[1, 4, 0, 2, 11, 5, 0, 13, 6, 0, 3, 9, 10, 15, 12, 8, 7, 14, 0, 1, 0, 1, 1, 1, 0, 1, 1, 0, 1, 1, 1, 0, 1, 0]
Fitness: 1365.097925 	[1, 4, 0, 2, 11, 5, 0, 3, 7, 15, 8, 9, 10, 12, 6, 0, 14, 13, 0, 1, 0, 1, 1, 1, 0, 1, 1, 0, 1, 0, 1, 1, 1, 0]
Fitness: 1365.097925 	[1, 4, 0, 2, 11, 5, 0, 3, 7, 15, 8, 9, 10, 12, 6, 0, 14, 13, 0, 1, 0, 1, 1, 1, 0, 1, 1, 0, 1, 0, 1, 1, 1, 0]
Fitness: 1365.097925 	[1, 4, 0, 2, 11, 5, 0, 3, 7, 15, 8, 9, 10, 12, 6, 0, 14, 13, 0, 1, 0, 1, 1, 1, 0, 1, 1, 0, 1, 0, 1, 1, 1, 0]
Fitness: 1365.097925 	[1, 4, 0, 5, 11, 2, 0, 3, 7, 15, 8, 9, 10, 12, 6, 0, 14, 13, 0, 1, 0, 1, 1, 1, 0, 1, 1, 0, 1, 0, 1, 1, 1, 0]
Fitness: 1365.097925 	[1, 4, 0, 5, 11, 2, 0, 3, 7, 15, 8, 9, 10, 12, 6, 0, 14, 13, 0, 1, 0, 1, 1, 1, 0, 1, 1, 0, 1, 0, 1, 1, 1, 0]
Fitness: 1365.097925 	[1, 4, 0, 5, 11, 2, 0, 3, 7, 15, 8, 9, 10, 12, 6, 0, 14, 13, 0, 1, 0, 1, 1, 1, 0, 1, 1, 0, 1, 0, 1, 1, 1, 0]
Fitness: 1365.097925 	[1, 4, 0, 5, 11, 2, 0, 3, 7, 15, 8, 9, 10, 12, 6, 0, 14, 13, 0, 1, 0, 1, 1, 1, 0, 1, 1, 0, 1, 0, 1, 1, 1, 0]
Fitness: 1365.097925 	[1, 4, 0, 5, 11, 2, 0, 3, 7, 15, 8, 9, 10, 12, 6, 0, 14, 13, 0, 1, 0, 1, 1, 1, 0, 1, 1, 0, 1, 0, 1, 1, 1, 0]
Fitness: 1365.097925 	[1, 4, 0, 5, 11, 2, 0, 3, 7, 15, 8, 9, 10, 12, 6, 0, 14, 13, 0, 1, 0, 1, 1, 1, 0, 1, 1, 0, 1, 0, 1, 1, 1, 0]
Fitness: 1365.097925 	[1, 4, 0, 5, 11, 2, 0, 3, 7, 15, 8, 9, 10, 12, 6, 0, 14, 13, 0, 1, 0, 1, 1, 1, 0, 1, 1, 0, 1, 0, 1, 1, 1, 0]
Fitness: 1365.097925 	[1, 4, 0, 5, 11, 2, 0, 3, 7, 15, 8, 9, 10, 12, 6, 0, 14, 13, 0, 1, 0, 1, 1, 1, 0, 1, 1, 0, 1, 0, 1, 1, 1, 0]
Fitness: 1365.097925 	[1, 4, 0, 5, 11, 2, 0, 3, 7, 15, 8, 9, 10, 12, 6, 0, 14, 13, 0, 1, 0, 1, 1, 1, 0, 1, 1, 0, 1, 0, 1, 1, 1, 0]
Fitness: 1365.097925 	[1, 4, 0, 5, 11, 2, 0, 3, 7, 15, 8, 9, 10, 12, 6, 0, 14, 13, 0, 1, 0, 1, 1, 1, 0, 1, 1, 0, 1, 0, 1, 1, 1, 0]
Fitness: 1365.097925 	[1, 4, 0, 5, 11, 2, 0, 3, 7, 15, 8, 9, 10, 12, 6, 0, 14, 13, 0, 1, 0, 1, 1, 1, 0, 1, 1, 0, 1, 0, 1, 1, 1, 0]
Fitness: 1365.097925 	[1, 4, 0, 5, 11, 2, 0, 3, 7, 15, 8, 9, 10, 12, 6, 0, 14, 13, 0, 1, 0, 1, 1, 1, 0, 1, 1, 0, 1, 0, 1, 1, 1, 0]
Fitness: 1365.097925 	[1, 4, 0, 5, 11, 2, 0, 3, 7, 15, 8, 9, 10, 12, 6, 0, 14, 13, 0, 1, 0, 1, 1, 1, 0, 1, 1, 0, 1, 0, 1, 1, 1, 0]
Fitness: 1365.097925 	[1, 4, 0, 5, 11, 2, 0, 3, 7, 15, 8, 9, 10, 12, 6, 0, 14, 13, 0, 1, 0, 1, 1, 1, 0, 1, 1, 0, 1, 0, 1, 1, 1, 0]
Fitness: 1365.097925 	[1, 4, 0, 5, 11, 2, 0, 3, 7, 15, 8, 9, 10, 12, 6, 0, 14, 13, 0, 1, 0, 1, 1, 1, 0, 1, 1, 0, 1, 0, 1, 1, 1, 0]
Fitness: 1365.097925 	[1, 4, 0, 5, 11, 2, 0, 3, 7, 15, 8, 9, 10, 12, 6, 0, 14, 13, 0, 1, 0, 1, 1, 1, 0, 1, 1, 0, 1, 0, 1, 1, 1, 0]
Fitness: 1365.097925 	[1, 4, 0, 5, 11, 2, 0, 3, 7, 15, 8, 9, 10, 12, 6, 0, 14, 13, 0, 1, 0, 1, 1, 1, 0, 1, 1, 0, 1, 0, 1, 1, 1, 0]
Fitness: 1365.097925 	[1, 13, 0, 14, 4, 0, 3, 7, 15, 8, 9, 10, 12, 6, 0, 5, 11, 2, 0, 1, 0, 1, 1, 1, 0, 1, 1, 1, 0, 1, 0, 1, 1, 0]
Fitness: 1365.097925 	[1, 13, 0, 14, 4, 0, 3, 7, 15, 8, 9, 10, 12, 6, 0, 5, 11, 2, 0, 1, 0, 1, 1, 1, 0, 1, 1, 1, 0, 1, 0, 1, 1, 0]
Fitness: 1365.097925 	[1, 13, 0, 14, 4, 0, 3, 7, 15, 8, 9, 10, 12, 6, 0, 5, 11, 2, 0, 1, 0, 1, 1, 1, 0, 1, 1, 1, 0, 1, 0, 1, 1, 0]
Fitness: 1365.097925 	[1, 13, 0, 14, 4, 0, 3, 7, 15, 8, 9, 10, 12, 6, 0, 5, 11, 2, 0, 1, 0, 1, 1, 1, 0, 1, 1, 1, 0, 1, 0, 1, 1, 0]
Fitness: 1365.097925 	[1, 13, 0, 14, 4, 0, 3, 7, 15, 8, 9, 10, 12, 6, 0, 5, 11, 2, 0, 1, 0, 1, 1, 1, 0, 1, 1, 1, 0, 1, 0, 1, 1, 0]
Fitness: 1365.097925 	[1, 13, 0, 14, 4, 0, 3, 7, 15, 8, 9, 10, 12, 6, 0, 5, 11, 2, 0, 1, 0, 1, 1, 1, 0, 1, 1, 1, 0, 1, 0, 1, 1, 0]
Fitness: 1365.097925 	[14, 13, 0, 5, 11, 2, 0, 3, 7, 15, 8, 9, 10, 12, 6, 0, 1, 4, 0, 1, 0, 1, 1, 1, 0, 1, 1, 0, 1, 0, 1, 1, 1, 0]
Fitness: 1365.097925 	[14, 13, 0, 5, 11, 2, 0, 3, 7, 15, 8, 9, 10, 12, 6, 0, 1, 4, 0, 1, 0, 1, 1, 1, 0, 1, 1, 0, 1, 0, 1, 1, 1, 0]
Fitness: 1365.097925 	[14, 13, 0, 5, 11, 2, 0, 3, 7, 15, 8, 9, 10, 12, 6, 0, 1, 4, 0, 1, 0, 1, 1, 1, 0, 1, 1, 0, 1, 0, 1, 1, 1, 0]
Fitness: 1365.097925 	[14, 13, 0, 5, 11, 2, 0, 3, 7, 15, 8, 9, 10, 12, 6, 0, 1, 4, 0, 1, 0, 1, 1, 1, 0, 1, 1, 0, 1, 0, 1, 1, 1, 0]
Fitness: 1365.097925 	[14, 13, 0, 5, 11, 2, 0, 3, 7, 15, 8, 9, 10, 12, 6, 0, 1, 4, 0, 1, 0, 1, 1, 1, 0, 1, 1, 0, 1, 0, 1, 1, 1, 0]
Fitness: 1365.097925 	[14, 13, 0, 5, 11, 2, 0, 3, 7, 15, 8, 9, 10, 12, 6, 0, 1, 4, 0, 1, 0, 1, 1, 1, 0, 1, 1, 0, 1, 0, 1, 1, 1, 0]
Fitness: 1365.097925 	[14, 13, 0, 5, 11, 2, 0, 3, 7, 15, 8, 9, 10, 12, 6, 0, 1, 4, 0, 1, 0, 1, 1, 1, 0, 1, 1, 0, 1, 0, 1, 1, 1, 0]
Fitness: 1365.097925 	[14, 13, 0, 5, 11, 2, 0, 3, 7, 15, 8, 9, 10, 12, 6, 0, 1, 4, 0, 1, 0, 1, 1, 1, 0, 1, 1, 0, 1, 0, 1, 1, 1, 0]
Fitness: 1365.097925 	[14, 13, 0, 5, 11, 2, 0, 3, 7, 15, 8, 9, 10, 12, 6, 0, 1, 4, 0, 1, 0, 1, 1, 1, 0, 1, 1, 0, 1, 0, 1, 1, 1, 0]
Fitness: 1365.097925 	[14, 13, 0, 5, 11, 2, 0, 3, 7, 15, 8, 9, 10, 12, 6, 0, 1, 4, 0, 1, 0, 1, 1, 1, 0, 1, 1, 0, 1, 0, 1, 1, 1, 0]
Fitness: 1365.097925 	[14, 13, 0, 5, 11, 2, 0, 3, 7, 15, 8, 9, 10, 12, 6, 0, 1, 4, 0, 1, 0, 1, 1, 1, 0, 1, 1, 0, 1, 0, 1, 1, 1, 0]
Fitness: 1365.097925 	[14, 13, 0, 5, 11, 2, 0, 3, 7, 15, 8, 9, 10, 12, 6, 0, 1, 4, 0, 1, 0, 1, 1, 1, 0, 1, 1, 0, 1, 0, 1, 1, 1, 0]
Fitness: 1365.097925 	[14, 13, 0, 5, 11, 2, 0, 3, 7, 15, 8, 9, 10, 12, 6, 0, 1, 4, 0, 1, 0, 1, 1, 1, 0, 1, 1, 0, 1, 0, 1, 1, 1, 0]
Fitness: 1365.097925 	[14, 13, 0, 5, 11, 2, 0, 3, 7, 15, 8, 9, 10, 12, 6, 0, 1, 4, 0, 1, 0, 1, 1, 1, 0, 1, 1, 0, 1, 0, 1, 1, 1, 0]
Fitness: 1365.097925 	[14, 13, 0, 5, 11, 2, 0, 3, 7, 15, 8, 9, 10, 12, 6, 0, 1, 4, 0, 1, 0, 1, 1, 1, 0, 1, 1, 0, 1, 0, 1, 1, 1, 0]
Fitness: 1365.097925 	[14, 13, 0, 5, 11, 2, 0, 3, 7, 15, 8, 9, 10, 12, 6, 0, 1, 4, 0, 1, 0, 1, 1, 1, 0, 1, 1, 0, 1, 0, 1, 1, 1, 0]
Fitness: 1365.097925 	[14, 13, 0, 5, 11, 2, 0, 3, 7, 15, 8, 9, 10, 12, 6, 0, 1, 4, 0, 1, 0, 1, 1, 1, 0, 1, 1, 0, 1, 0, 1, 1, 1, 0]
Fitness: 1365.097925 	[14, 13, 0, 5, 11, 2, 0, 3, 7, 15, 8, 9, 10, 12, 6, 0, 1, 4, 0, 1, 0, 1, 1, 1, 0, 1, 1, 0, 1, 0, 1, 1, 1, 0]
Fitness: 1365.097925 	[14, 13, 0, 5, 11, 2, 0, 3, 7, 15, 8, 9, 10, 12, 6, 0, 1, 4, 0, 1, 0, 1, 1, 1, 0, 1, 1, 0, 1, 0, 1, 1, 1, 0]
Fitness: 1365.097925 	[14, 13, 0, 5, 11, 2, 0, 3, 7, 15, 8, 9, 10, 12, 6, 0, 1, 4, 0, 1, 0, 1, 1, 1, 0, 1, 1, 0, 1, 0, 1, 1, 1, 0]
Fitness: 1365.097925 	[14, 13, 0, 5, 11, 2, 0, 3, 7, 15, 8, 9, 10, 12, 6, 0, 1, 4, 0, 1, 0, 1, 1, 1, 0, 1, 1, 0, 1, 0, 1, 1, 1, 0]
Fitness: 1365.097925 	[14, 13, 0, 5, 11, 2, 0, 3, 7, 15, 8, 9, 10, 12, 6, 0, 1, 4, 0, 1, 0, 1, 1, 1, 0, 1, 1, 0, 1, 0, 1, 1, 1, 0]
Fitness: 1365.097925 	[14, 13, 0, 5, 11, 2, 0, 3, 7, 15, 8, 9, 10, 12, 6, 0, 1, 4, 0, 1, 0, 1, 1, 1, 0, 1, 1, 0, 1, 0, 1, 1, 1, 0]
Fitness: 1365.097925 	[14, 13, 0, 5, 11, 2, 0, 3, 7, 15, 8, 9, 10, 12, 6, 0, 1, 4, 0, 1, 0, 1, 1, 1, 0, 1, 1, 0, 1, 0, 1, 1, 1, 0]
Fitness: 1365.097925 	[14, 13, 0, 5, 11, 2, 0, 3, 7, 15, 8, 9, 10, 12, 6, 0, 1, 4, 0, 1, 0, 1, 1, 1, 0, 1, 1, 0, 1, 0, 1, 1, 1, 0]
Fitness: 1365.097925 	[14, 13, 0, 5, 11, 2, 0, 3, 7, 15, 8, 9, 10, 12, 6, 0, 1, 4, 0, 1, 0, 1, 1, 1, 0, 1, 1, 0, 1, 0, 1, 1, 1, 0]
Fitness: 1365.097925 	[14, 13, 0, 5, 11, 2, 0, 3, 7, 15, 8, 9, 10, 12, 6, 0, 1, 4, 0, 1, 0, 1, 1, 1, 0, 1, 1, 0, 1, 0, 1, 1, 1, 0]
Fitness: 1365.097925 	[14, 13, 0, 5, 11, 2, 0, 3, 7, 15, 8, 9, 10, 12, 6, 0, 1, 4, 0, 1, 0, 1, 1, 1, 0, 1, 1, 0, 1, 0, 1, 1, 1, 0]
Fitness: 1365.097925 	[14, 13, 0, 5, 11, 2, 0, 3, 7, 15, 8, 9, 10, 12, 6, 0, 1, 4, 0, 1, 0, 1, 1, 1, 0, 1, 1, 0, 1, 0, 1, 1, 1, 0]
Fitness: 1365.097925 	[14, 13, 0, 5, 11, 2, 0, 3, 7, 15, 8, 9, 10, 12, 6, 0, 1, 4, 0, 1, 0, 1, 1, 1, 0, 1, 1, 0, 1, 0, 1, 1, 1, 0]
Fitness: 1365.097925 	[14, 13, 0, 5, 11, 2, 0, 3, 7, 15, 8, 9, 10, 12, 6, 0, 1, 4, 0, 1, 0, 1, 1, 1, 0, 1, 1, 0, 1, 0, 1, 1, 1, 0]
Fitness: 1365.097925 	[14, 13, 0, 5, 11, 2, 0, 3, 7, 15, 8, 9, 10, 12, 6, 0, 1, 4, 0, 1, 0, 1, 1, 1, 0, 1, 1, 0, 1, 0, 1, 1, 1, 0]
Fitness: 1365.097925 	[14, 13, 0, 5, 11, 2, 0, 3, 7, 15, 8, 9, 10, 12, 6, 0, 1, 4, 0, 1, 0, 1, 1, 1, 0, 1, 1, 0, 1, 0, 1, 1, 1, 0]
Fitness: 1365.097925 	[14, 13, 0, 5, 11, 2, 0, 3, 7, 15, 8, 9, 10, 12, 6, 0, 1, 4, 0, 1, 0, 1, 1, 1, 0, 1, 1, 0, 1, 0, 1, 1, 1, 0]
Fitness: 1365.097925 	[14, 13, 0, 5, 11, 2, 0, 3, 7, 15, 8, 9, 10, 12, 6, 0, 1, 4, 0, 1, 0, 1, 1, 1, 0, 1, 1, 0, 1, 0, 1, 1, 1, 0]
Fitness: 1365.097925 	[1, 13, 0, 5, 11, 2, 0, 3, 7, 15, 8, 9, 10, 12, 6, 0, 14, 4, 0, 1, 0, 1, 1, 1, 0, 1, 1, 0, 1, 0, 1, 1, 1, 0]
Fitness: 1361.166420 	[1, 4, 0, 6, 14, 13, 0, 5, 11, 0, 3, 9, 10, 15, 12, 8, 7, 2, 0, 1, 0, 1, 1, 1, 0, 1, 1, 0, 1, 1, 1, 0, 1, 0]
Fitness: 1361.166420 	[1, 4, 0, 6, 14, 13, 0, 5, 11, 0, 3, 9, 10, 15, 12, 8, 7, 2, 0, 1, 0, 1, 1, 1, 0, 1, 1, 0, 1, 1, 1, 0, 1, 0]
Fitness: 1361.166420 	[1, 4, 0, 6, 14, 13, 0, 5, 11, 0, 3, 9, 10, 15, 12, 8, 7, 2, 0, 1, 0, 1, 1, 1, 0, 1, 1, 0, 1, 1, 1, 0, 1, 0]
Fitness: 1361.166420 	[1, 4, 0, 6, 14, 13, 0, 3, 9, 10, 15, 12, 8, 7, 2, 0, 5, 11, 0, 1, 0, 1, 1, 1, 0, 1, 1, 0, 1, 0, 1, 1, 1, 0]
Fitness: 1361.166420 	[5, 11, 0, 6, 14, 13, 0, 1, 4, 0, 3, 9, 10, 15, 12, 8, 7, 2, 0, 1, 0, 1, 1, 1, 0, 1, 1, 0, 1, 1, 1, 0, 1, 0]
Fitness: 1360.946457 	[1, 13, 0, 5, 11, 2, 0, 3, 7, 15, 8, 9, 10, 12, 6, 0, 14, 4, 0, 1, 0, 1, 1, 1, 0, 1, 1, 1, 0, 1, 0, 1, 1, 0]
Fitness: 1360.946457 	[1, 13, 0, 14, 4, 0, 3, 7, 15, 8, 9, 10, 12, 6, 0, 5, 11, 2, 0, 1, 0, 1, 1, 1, 0, 1, 1, 0, 1, 0, 1, 1, 1, 0]
Fitness: 1360.946457 	[1, 13, 0, 14, 4, 0, 3, 7, 15, 8, 9, 10, 12, 6, 0, 5, 11, 2, 0, 1, 0, 1, 1, 1, 0, 1, 1, 0, 1, 0, 1, 1, 1, 0]
Fitness: 1360.946457 	[1, 13, 0, 14, 4, 0, 3, 7, 15, 8, 9, 10, 12, 6, 0, 5, 11, 2, 0, 1, 0, 1, 1, 1, 0, 1, 1, 0, 1, 0, 1, 1, 1, 0]
Fitness: 1360.946457 	[1, 13, 0, 14, 4, 0, 3, 7, 15, 8, 9, 10, 12, 6, 0, 5, 11, 2, 0, 1, 0, 1, 1, 1, 0, 1, 1, 0, 1, 0, 1, 1, 1, 0]
Fitness: 1360.946457 	[1, 13, 0, 14, 4, 0, 3, 7, 15, 8, 9, 10, 12, 6, 0, 5, 11, 2, 0, 1, 0, 1, 1, 1, 0, 1, 1, 0, 1, 0, 1, 1, 1, 0]
Fitness: 1359.015037 	[9, 4, 0, 2, 11, 13, 0, 3, 7, 15, 8, 6, 10, 12, 14, 0, 1, 5, 0, 1, 0, 1, 1, 1, 0, 1, 1, 0, 1, 0, 1, 1, 1, 0]
Fitness: 1359.015037 	[1, 5, 0, 9, 4, 0, 3, 7, 15, 8, 6, 10, 12, 14, 0, 13, 11, 2, 0, 1, 0, 1, 1, 1, 0, 1, 1, 1, 0, 1, 0, 1, 1, 0]
Fitness: 1359.015037 	[1, 5, 0, 9, 4, 0, 3, 7, 15, 8, 6, 10, 12, 14, 0, 13, 11, 2, 0, 1, 0, 1, 1, 1, 0, 1, 1, 1, 0, 1, 0, 1, 1, 0]
Fitness: 1359.015037 	[1, 5, 0, 9, 4, 0, 3, 7, 15, 8, 6, 10, 12, 14, 0, 13, 11, 2, 0, 1, 0, 1, 1, 1, 0, 1, 1, 1, 0, 1, 0, 1, 1, 0]
Fitness: 1359.015037 	[1, 5, 0, 9, 4, 0, 3, 7, 15, 8, 6, 10, 12, 14, 0, 13, 11, 2, 0, 1, 0, 1, 1, 1, 0, 1, 1, 1, 0, 1, 0, 1, 1, 0]
Fitness: 1359.015037 	[1, 5, 0, 9, 4, 0, 3, 7, 15, 8, 6, 10, 12, 14, 0, 13, 11, 2, 0, 1, 0, 1, 1, 1, 0, 1, 1, 1, 0, 1, 0, 1, 1, 0]
Fitness: 1359.015037 	[1, 5, 0, 9, 4, 0, 3, 7, 15, 8, 6, 10, 12, 14, 0, 13, 11, 2, 0, 1, 0, 1, 1, 1, 0, 1, 1, 1, 0, 1, 0, 1, 1, 0]
Fitness: 1359.015037 	[1, 5, 0, 9, 4, 0, 3, 7, 15, 8, 6, 10, 12, 14, 0, 13, 11, 2, 0, 1, 0, 1, 1, 1, 0, 1, 1, 1, 0, 1, 0, 1, 1, 0]
Fitness: 1359.015037 	[1, 5, 0, 9, 4, 0, 3, 7, 15, 8, 6, 10, 12, 14, 0, 13, 11, 2, 0, 1, 0, 1, 1, 1, 0, 1, 1, 1, 0, 1, 0, 1, 1, 0]
Fitness: 1359.015037 	[1, 5, 0, 9, 4, 0, 3, 7, 15, 8, 6, 10, 12, 14, 0, 13, 11, 2, 0, 1, 0, 1, 1, 1, 0, 1, 1, 1, 0, 1, 0, 1, 1, 0]
Fitness: 1359.015037 	[9, 4, 0, 13, 11, 2, 0, 3, 7, 15, 8, 6, 10, 12, 14, 0, 1, 5, 0, 1, 0, 1, 1, 1, 0, 1, 1, 0, 1, 0, 1, 1, 1, 0]
Fitness: 1359.015037 	[9, 4, 0, 13, 11, 2, 0, 3, 7, 15, 8, 6, 10, 12, 14, 0, 1, 5, 0, 1, 0, 1, 1, 1, 0, 1, 1, 0, 1, 0, 1, 1, 1, 0]
Fitness: 1359.015037 	[9, 4, 0, 13, 11, 2, 0, 3, 7, 15, 8, 6, 10, 12, 14, 0, 1, 5, 0, 1, 0, 1, 1, 1, 0, 1, 1, 0, 1, 0, 1, 1, 1, 0]
Fitness: 1359.015037 	[9, 4, 0, 13, 11, 2, 0, 3, 7, 15, 8, 6, 10, 12, 14, 0, 1, 5, 0, 1, 0, 1, 1, 1, 0, 1, 1, 0, 1, 0, 1, 1, 1, 0]
Fitness: 1359.015037 	[9, 4, 0, 13, 11, 2, 0, 3, 7, 15, 8, 6, 10, 12, 14, 0, 1, 5, 0, 1, 0, 1, 1, 1, 0, 1, 1, 0, 1, 0, 1, 1, 1, 0]
Fitness: 1359.015037 	[9, 4, 0, 13, 11, 2, 0, 3, 7, 15, 8, 6, 10, 12, 14, 0, 1, 5, 0, 1, 0, 1, 1, 1, 0, 1, 1, 0, 1, 0, 1, 1, 1, 0]
Fitness: 1359.015037 	[9, 4, 0, 13, 11, 2, 0, 3, 7, 15, 8, 6, 10, 12, 14, 0, 1, 5, 0, 1, 0, 1, 1, 1, 0, 1, 1, 0, 1, 0, 1, 1, 1, 0]
Fitness: 1359.015037 	[9, 4, 0, 1, 5, 0, 3, 7, 15, 8, 6, 10, 12, 14, 0, 13, 11, 2, 0, 1, 0, 1, 1, 1, 0, 1, 1, 1, 0, 1, 0, 1, 1, 0]
Fitness: 1365.097925 	[1, 4, 0, 2, 11, 5, 0, 3, 7, 15, 8, 9, 10, 12, 6, 0, 14, 13, 0, 1, 0, 1, 1, 1, 0, 1, 1, 0, 1, 0, 1, 1, 1, 0]
Fitness: 1365.097925 	[14, 13, 0, 5, 11, 2, 0, 3, 7, 15, 8, 9, 10, 12, 6, 0, 1, 4, 0, 1, 0, 1, 1, 1, 0, 1, 1, 0, 1, 0, 1, 1, 1, 0]
Fitness: 1365.097925 	[14, 13, 0, 1, 4, 0, 3, 7, 15, 8, 9, 10, 12, 6, 0, 2, 11, 5, 0, 1, 0, 1, 1, 1, 0, 1, 1, 0, 1, 0, 1, 1, 1, 0]
Fitness: 1367.876978 	[1, 4, 0, 2, 11, 5, 0, 13, 6, 0, 3, 9, 10, 15, 12, 8, 7, 14, 0, 1, 0, 1, 1, 1, 0, 1, 1, 0, 1, 1, 1, 0, 1, 0]
Fitness: 1365.097925 	[1, 4, 0, 5, 11, 2, 0, 3, 7, 15, 8, 9, 10, 12, 6, 0, 14, 13, 0, 1, 0, 1, 1, 1, 0, 1, 1, 0, 1, 0, 1, 1, 1, 0]
Fitness: 1367.876978 	[1, 4, 0, 3, 9, 10, 15, 12, 8, 7, 14, 0, 2, 11, 5, 0, 6, 13, 0, 1, 0, 1, 1, 1, 0, 1, 1, 0, 1, 1, 1, 0, 1, 0]
Fitness: 1367.876978 	[13, 6, 0, 2, 11, 5, 0, 1, 4, 0, 3, 9, 10, 15, 12, 8, 7, 14, 0, 1, 0, 1, 1, 1, 0, 1, 1, 0, 1, 1, 1, 0, 1, 0]
Fitness: 1367.876978 	[1, 4, 0, 2, 11, 5, 0, 13, 6, 0, 3, 9, 10, 15, 12, 8, 7, 14, 0, 1, 0, 1, 1, 1, 0, 1, 1, 0, 1, 1, 1, 0, 1, 0]
Fitness: 1367.876978 	[2, 11, 0, 1, 4, 0, 13, 6, 0, 3, 9, 10, 15, 12, 8, 7, 14, 5, 0, 1, 0, 1, 1, 1, 0, 1, 1, 0, 1, 1, 1, 0, 1, 0]
Fitness: 1365.097925 	[1, 4, 0, 2, 11, 5, 0, 3, 7, 15, 8, 9, 10, 12, 6, 0, 14, 13, 0, 1, 0, 1, 1, 1, 0, 1, 1, 0, 1, 0, 1, 1, 1, 0]
Fitness: 1361.166420 	[1, 4, 0, 6, 14, 13, 0, 5, 11, 0, 3, 9, 10, 15, 12, 8, 7, 2, 0, 1, 0, 1, 1, 1, 0, 1, 1, 0, 1, 1, 1, 0, 1, 0]
Fitness: 1365.097925 	[13, 6, 0, 1, 4, 0, 2, 11, 5, 0, 3, 9, 10, 15, 12, 8, 7, 14, 0, 1, 0, 1, 1, 1, 0, 1, 1, 0, 1, 0, 1, 1, 1, 0]
Fitness: 1359.015037 	[1, 5, 0, 9, 4, 0, 3, 7, 15, 8, 6, 10, 12, 14, 0, 13, 11, 2, 0, 1, 0, 1, 1, 1, 0, 1, 1, 0, 1, 1, 0, 1, 1, 0]
Fitness: 1365.097925 	[1, 4, 0, 5, 11, 2, 0, 3, 7, 15, 8, 9, 10, 12, 6, 0, 14, 13, 0, 1, 0, 1, 1, 1, 0, 1, 1, 0, 1, 0, 1, 1, 1, 0]
Fitness: 1359.015037 	[1, 5, 0, 13, 11, 2, 0, 3, 7, 15, 8, 9, 10, 12, 6, 0, 14, 4, 0, 1, 0, 1, 1, 1, 0, 1, 1, 1, 0, 1, 0, 1, 1, 0]
Fitness: 1361.166420 	[5, 11, 0, 6, 14, 13, 0, 1, 4, 0, 3, 9, 10, 15, 12, 8, 7, 2, 0, 1, 0, 1, 1, 1, 0, 1, 1, 0, 1, 1, 1, 0, 1, 0]
Fitness: 1367.876978 	[1, 4, 0, 2, 11, 5, 0, 13, 6, 0, 3, 9, 10, 15, 12, 8, 7, 14, 0, 1, 0, 1, 1, 1, 0, 1, 1, 0, 1, 1, 1, 0, 1, 0]
Fitness: 1361.166420 	[5, 11, 0, 6, 14, 13, 0, 1, 2, 0, 3, 9, 10, 15, 12, 8, 7, 4, 0, 1, 0, 1, 1, 1, 0, 1, 1, 0, 1, 1, 1, 0, 1, 0]
Fitness: 1359.015037 	[9, 4, 0, 2, 11, 13, 0, 3, 7, 15, 8, 6, 10, 12, 14, 0, 1, 5, 0, 1, 0, 1, 1, 1, 0, 1, 1, 0, 1, 0, 1, 1, 1, 0]
Fitness: 1365.097925 	[14, 13, 0, 5, 11, 2, 0, 3, 7, 15, 8, 9, 10, 12, 6, 0, 1, 4, 0, 1, 0, 1, 1, 1, 0, 1, 1, 0, 1, 0, 1, 1, 1, 0]
Fitness: 1359.015037 	[2, 13, 0, 9, 4, 0, 3, 7, 15, 8, 6, 10, 12, 14, 0, 1, 11, 5, 0, 1, 0, 1, 1, 1, 0, 1, 1, 0, 1, 0, 1, 1, 1, 0]
Fitness: 1365.097925 	[14, 13, 0, 5, 11, 2, 0, 3, 7, 15, 8, 9, 10, 12, 6, 0, 1, 4, 0, 1, 0, 1, 1, 1, 0, 1, 1, 0, 1, 0, 1, 1, 1, 0]
Fitness: 1365.097925 	[14, 13, 0, 5, 11, 2, 0, 3, 7, 15, 8, 9, 10, 12, 6, 0, 1, 4, 0, 1, 0, 1, 1, 1, 0, 1, 1, 0, 1, 0, 1, 1, 1, 0]
Fitness: 1365.097925 	[1, 4, 0, 5, 11, 2, 0, 14, 13, 0, 3, 7, 15, 8, 9, 10, 12, 6, 0, 1, 0, 1, 1, 1, 0, 1, 1, 0, 1, 0, 1, 1, 1, 0]
Fitness: 1359.015037 	[1, 5, 0, 9, 4, 0, 3, 7, 15, 8, 6, 10, 12, 14, 0, 13, 11, 2, 0, 1, 0, 1, 1, 1, 0, 1, 1, 1, 0, 1, 0, 1, 1, 0]
Fitness: 1365.097925 	[1, 13, 0, 14, 4, 0, 3, 7, 15, 8, 9, 10, 12, 6, 0, 5, 11, 2, 0, 1, 0, 1, 1, 1, 0, 1, 1, 1, 0, 1, 0, 1, 1, 0]
Fitness: 1359.015037 	[3, 4, 0, 1, 5, 0, 13, 11, 2, 0, 6, 7, 8, 9, 10, 12, 14, 15, 0, 1, 0, 1, 1, 1, 0, 1, 1, 1, 0, 1, 0, 1, 1, 0]
Fitness: 1365.097925 	[14, 13, 0, 5, 11, 2, 0, 3, 7, 15, 8, 9, 10, 12, 6, 0, 1, 4, 0, 1, 0, 1, 1, 1, 0, 1, 1, 0, 1, 0, 1, 1, 1, 0]
Fitness: 1367.876978 	[1, 4, 0, 2, 11, 5, 0, 13, 6, 0, 3, 9, 10, 15, 12, 8, 7, 14, 0, 1, 0, 1, 1, 1, 0, 1, 1, 0, 1, 1, 1, 0, 1, 0]
Fitness: 1365.097925 	[5, 11, 2, 0, 14, 13, 0, 1, 6, 0, 3, 9, 10, 15, 12, 8, 7, 4, 0, 1, 0, 1, 1, 1, 0, 1, 1, 0, 1, 0, 1, 1, 1, 0]
Fitness: 1359.015037 	[1, 5, 0, 9, 4, 0, 3, 7, 15, 8, 6, 10, 12, 14, 0, 13, 11, 2, 0, 1, 0, 1, 1, 1, 0, 1, 1, 1, 0, 0, 1, 1, 1, 0]
Fitness: 1365.097925 	[14, 13, 0, 5, 11, 2, 0, 3, 7, 15, 8, 9, 10, 12, 6, 0, 1, 4, 0, 1, 0, 1, 1, 1, 0, 1, 1, 0, 1, 0, 1, 1, 1, 0]
Fitness: 1359.015037 	[14, 13, 0, 9, 4, 0, 1, 5, 0, 2, 3, 6, 7, 8, 10, 11, 12, 15, 0, 1, 0, 1, 1, 1, 0, 1, 1, 1, 0, 1, 0, 1, 1, 0]
Fitness: 1365.097925 	[14, 13, 0, 5, 11, 2, 0, 3, 7, 15, 8, 9, 10, 12, 6, 0, 1, 4, 0, 1, 0, 1, 1, 1, 0, 1, 1, 0, 1, 0, 1, 1, 1, 0]
Fitness: 1367.876978 	[1, 4, 0, 2, 11, 5, 0, 13, 6, 0, 3, 9, 10, 15, 12, 8, 7, 14, 0, 1, 0, 1, 1, 1, 0, 1, 1, 0, 1, 1, 1, 0, 1, 0]
Fitness: 1365.097925 	[1, 4, 0, 14, 13, 0, 2, 6, 0, 3, 9, 10, 15, 12, 8, 7, 11, 5, 0, 1, 0, 1, 1, 1, 0, 1, 1, 0, 1, 0, 1, 1, 1, 0]
Fitness: 1359.015037 	[9, 4, 0, 1, 5, 0, 3, 7, 15, 8, 6, 10, 12, 14, 0, 13, 11, 2, 0, 1, 0, 1, 1, 1, 0, 1, 1, 1, 0, 1, 0, 1, 1, 0]
Fitness: 1365.097925 	[1, 13, 0, 14, 4, 0, 3, 7, 15, 8, 9, 10, 12, 6, 0, 5, 11, 2, 0, 1, 0, 1, 1, 1, 0, 1, 1, 1, 0, 1, 0, 1, 1, 0]
Fitness: 1359.015037 	[1, 3, 0, 14, 5, 0, 9, 4, 0, 13, 11, 2, 6, 7, 8, 10, 12, 15, 0, 1, 0, 1, 1, 1, 0, 1, 1, 1, 0, 1, 0, 1, 1, 0]
Fitness: 1365.097925 	[1, 4, 0, 5, 11, 2, 0, 3, 7, 15, 8, 9, 10, 12, 6, 0, 14, 13, 0, 1, 0, 1, 1, 1, 0, 1, 1, 0, 1, 0, 1, 1, 1, 0]
Fitness: 1365.097925 	[1, 4, 0, 5, 11, 2, 0, 3, 7, 15, 8, 9, 10, 12, 6, 0, 14, 13, 0, 1, 0, 1, 1, 1, 0, 1, 1, 0, 1, 0, 1, 1, 1, 0]
Fitness: 1365.097925 	[1, 4, 0, 5, 11, 2, 0, 3, 7, 15, 8, 9, 10, 12, 6, 0, 14, 13, 0, 1, 0, 1, 1, 1, 0, 1, 1, 0, 1, 0, 1, 1, 1, 0]
Fitness: 1365.097925 	[1, 4, 0, 5, 11, 2, 0, 3, 7, 15, 8, 9, 10, 12, 6, 0, 14, 13, 0, 1, 0, 1, 1, 1, 0, 1, 1, 0, 1, 0, 1, 1, 1, 0]
Fitness: 1365.097925 	[14, 13, 0, 5, 11, 2, 0, 3, 7, 15, 8, 9, 10, 12, 6, 0, 1, 4, 0, 1, 0, 1, 1, 1, 0, 1, 1, 0, 1, 0, 1, 1, 1, 0]
Fitness: 1365.097925 	[14, 13, 0, 1, 4, 0, 5, 11, 2, 0, 3, 6, 7, 8, 9, 10, 12, 15, 0, 1, 0, 1, 1, 1, 0, 1, 1, 0, 1, 0, 1, 1, 1, 0]
Fitness: 1361.166420 	[1, 4, 0, 6, 14, 13, 0, 5, 11, 0, 3, 9, 10, 15, 12, 8, 7, 2, 0, 1, 0, 1, 1, 1, 0, 1, 1, 0, 1, 1, 1, 0, 1, 0]
Fitness: 1359.015037 	[9, 4, 0, 13, 11, 2, 0, 3, 7, 15, 8, 6, 10, 12, 14, 0, 1, 5, 0, 1, 0, 1, 1, 1, 0, 1, 1, 0, 1, 0, 1, 1, 1, 0]
Fitness: 1361.166420 	[13, 4, 0, 5, 11, 0, 3, 9, 10, 15, 12, 8, 7, 2, 0, 1, 6, 14, 0, 1, 0, 1, 1, 1, 0, 1, 1, 0, 1, 1, 1, 0, 1, 0]
Fitness: 1359.015037 	[9, 4, 0, 13, 11, 2, 0, 3, 7, 15, 8, 6, 10, 12, 14, 0, 1, 5, 0, 1, 0, 1, 1, 1, 0, 1, 1, 0, 1, 0, 1, 1, 1, 0]
Fitness: 1360.946457 	[1, 13, 0, 14, 4, 0, 3, 7, 15, 8, 9, 10, 12, 6, 0, 5, 11, 2, 0, 1, 0, 1, 1, 1, 0, 1, 1, 0, 1, 0, 1, 1, 1, 0]
Fitness: 1359.015037 	[3, 13, 0, 1, 5, 0, 9, 4, 0, 6, 11, 2, 7, 8, 10, 12, 14, 15, 0, 1, 0, 1, 1, 1, 0, 1, 1, 0, 1, 0, 1, 1, 1, 0]
Fitness: 1360.946457 	[1, 13, 0, 14, 4, 0, 3, 7, 15, 8, 9, 10, 12, 6, 0, 5, 11, 2, 0, 1, 0, 1, 1, 1, 0, 1, 1, 0, 1, 0, 1, 1, 1, 0]
Fitness: 1365.097925 	[14, 13, 0, 5, 11, 2, 0, 3, 7, 15, 8, 9, 10, 12, 6, 0, 1, 4, 0, 1, 0, 1, 1, 1, 0, 1, 1, 0, 1, 0, 1, 1, 1, 0]
Fitness: 1360.946457 	[2, 13, 0, 14, 4, 0, 3, 7, 15, 8, 9, 10, 12, 6, 0, 1, 11, 5, 0, 1, 0, 1, 1, 1, 0, 1, 1, 0, 1, 0, 1, 1, 1, 0]
Fitness: 1365.097925 	[14, 13, 0, 5, 11, 2, 0, 3, 7, 15, 8, 9, 10, 12, 6, 0, 1, 4, 0, 1, 0, 1, 1, 1, 0, 1, 1, 1, 0, 0, 1, 1, 1, 0]
Fitness: 1359.015037 	[1, 5, 0, 9, 4, 0, 3, 7, 15, 8, 6, 10, 12, 14, 0, 13, 11, 2, 0, 1, 0, 1, 1, 1, 0, 1, 1, 1, 0, 1, 0, 1, 1, 0]
Fitness: 1365.097925 	[14, 5, 0, 1, 4, 0, 3, 7, 15, 8, 9, 10, 12, 6, 0, 13, 11, 2, 0, 1, 0, 1, 1, 1, 0, 1, 1, 0, 1, 0, 1, 1, 1, 0]
Fitness: 1367.876978 	[1, 4, 0, 2, 11, 5, 0, 13, 6, 0, 3, 9, 10, 15, 12, 8, 7, 14, 0, 1, 0, 1, 1, 1, 0, 1, 1, 0, 1, 1, 1, 0, 1, 0]
Fitness: 1365.097925 	[1, 4, 0, 5, 11, 2, 0, 3, 7, 15, 8, 9, 10, 12, 6, 0, 14, 13, 0, 1, 0, 1, 1, 1, 0, 1, 1, 0, 1, 0, 1, 1, 1, 0]
Fitness: 1367.876978 	[2, 3, 0, 1, 4, 0, 13, 6, 0, 14, 5, 7, 8, 9, 10, 11, 12, 15, 0, 1, 0, 1, 1, 1, 0, 1, 1, 0, 1, 1, 1, 0, 1, 0]
Fitness: 1360.946457 	[1, 13, 0, 14, 4, 0, 3, 7, 15, 8, 9, 10, 12, 6, 0, 5, 11, 2, 0, 1, 0, 1, 1, 1, 0, 1, 1, 1, 0, 0, 1, 1, 1, 0]
Fitness: 1365.097925 	[1, 13, 0, 14, 4, 0, 3, 7, 15, 8, 9, 10, 12, 6, 0, 5, 11, 2, 0, 1, 0, 1, 1, 1, 0, 1, 1, 1, 0, 1, 0, 1, 1, 0]
Fitness: 1360.946457 	[1, 13, 0, 14, 4, 0, 5, 11, 2, 0, 3, 7, 15, 8, 9, 10, 12, 6, 0, 1, 0, 1, 1, 1, 0, 1, 1, 0, 1, 0, 1, 1, 1, 0]
Fitness: 1365.097925 	[14, 13, 0, 5, 11, 2, 0, 3, 7, 15, 8, 9, 10, 12, 6, 0, 1, 4, 0, 1, 0, 1, 1, 1, 0, 1, 1, 0, 1, 0, 1, 1, 1, 0]
Fitness: 1359.015037 	[9, 4, 0, 13, 11, 2, 0, 3, 7, 15, 8, 6, 10, 12, 14, 0, 1, 5, 0, 1, 0, 1, 1, 1, 0, 1, 1, 0, 1, 0, 1, 1, 1, 0]
Fitness: 1365.097925 	[9, 3, 0, 5, 11, 2, 0, 1, 4, 0, 14, 13, 6, 7, 8, 10, 12, 15, 0, 1, 0, 1, 1, 1, 0, 1, 1, 0, 1, 0, 1, 1, 1, 0]
Fitness: 1359.015037 	[1, 5, 0, 9, 4, 0, 3, 7, 15, 8, 6, 10, 12, 14, 0, 13, 11, 2, 0, 1, 0, 1, 1, 1, 0, 1, 1, 0, 1, 1, 0, 1, 1, 0]
Fitness: 1365.097925 	[1, 4, 0, 5, 11, 2, 0, 3, 7, 15, 8, 9, 10, 12, 6, 0, 14, 13, 0, 1, 0, 1, 1, 1, 0, 1, 1, 0, 1, 0, 1, 1, 1, 0]
Fitness: 1359.015037 	[9, 4, 0, 1, 5, 0, 3, 7, 15, 8, 6, 10, 12, 14, 0, 2, 13, 11, 0, 1, 0, 1, 1, 1, 0, 1, 1, 1, 0, 1, 0, 1, 1, 0]
Fitness: 1365.097925 	[14, 13, 0, 5, 11, 2, 0, 3, 7, 15, 8, 9, 10, 12, 6, 0, 1, 4, 0, 1, 0, 1, 1, 1, 0, 1, 1, 0, 1, 0, 1, 1, 1, 0]
Fitness: 1365.097925 	[14, 13, 0, 5, 11, 2, 0, 3, 7, 15, 8, 9, 10, 12, 6, 0, 1, 4, 0, 1, 0, 1, 1, 1, 0, 1, 1, 0, 1, 0, 1, 1, 1, 0]
Fitness: 1365.097925 	[14, 13, 0, 3, 7, 15, 8, 9, 10, 12, 6, 0, 1, 4, 0, 2, 11, 5, 0, 1, 0, 1, 1, 1, 0, 1, 1, 0, 1, 0, 1, 1, 1, 0]
Fitness: 1365.097925 	[1, 4, 0, 5, 11, 2, 0, 3, 7, 15, 8, 9, 10, 12, 6, 0, 14, 13, 0, 1, 0, 1, 1, 1, 0, 1, 1, 1, 0, 1, 0, 1, 1, 0]
Fitness: 1365.097925 	[1, 13, 0, 14, 4, 0, 3, 7, 15, 8, 9, 10, 12, 6, 0, 5, 11, 2, 0, 1, 0, 1, 1, 1, 0, 1, 1, 1, 0, 1, 0, 1, 1, 0]
Fitness: 1365.097925 	[14, 13, 0, 1, 4, 0, 3, 7, 15, 8, 9, 10, 12, 6, 0, 5, 11, 2, 0, 1, 0, 1, 1, 1, 0, 1, 1, 0, 1, 0, 1, 1, 1, 0]
Fitness: 1365.097925 	[1, 4, 2, 0, 11, 5, 0, 3, 7, 15, 8, 9, 10, 12, 6, 0, 14, 13, 0, 0, 0, 1, 1, 1, 0, 1, 1, 1, 1, 0, 1, 1, 1, 0]
Fitness: 1360.946457 	[1, 13, 0, 14, 4, 0, 3, 7, 15, 8, 9, 10, 12, 6, 11, 0, 5, 2, 0, 1, 0, 1, 1, 1, 0, 1, 1, 0, 1, 1, 1, 1, 0, 0]
Fitness: 1365.097925 	[1, 0, 5, 11, 2, 4, 0, 3, 7, 15, 8, 9, 10, 12, 6, 0, 14, 13, 0, 1, 0, 1, 0, 1, 0, 1, 1, 0, 1, 1, 1, 1, 1, 0]
Fitness: 1367.876978 	[1, 4, 0, 2, 11, 0, 13, 6, 0, 3, 9, 10, 15, 12, 8, 7, 14, 5, 0, 1, 0, 1, 1, 1, 0, 0, 1, 1, 1, 1, 1, 0, 1, 0]
Fitness: 1365.097925 	[13, 0, 5, 11, 2, 0, 3, 7, 15, 8, 9, 10, 12, 6, 14, 0, 1, 4, 0, 1, 1, 1, 1, 1, 0, 1, 0, 0, 1, 0, 1, 1, 1, 0]
Fitness: 1365.097925 	[14, 13, 0, 11, 2, 0, 3, 7, 15, 8, 9, 10, 12, 6, 5, 0, 1, 4, 0, 1, 0, 1, 1, 1, 0, 1, 1, 0, 1, 1, 0, 1, 1, 0]
Fitness: 1367.876978 	[1, 4, 11, 0, 2, 5, 0, 13, 6, 0, 3, 9, 10, 15, 12, 8, 7, 14, 0, 1, 0, 1, 1, 1, 0, 0, 1, 0, 1, 1, 1, 1, 1, 0]
Fitness: 1359.015037 	[9, 0, 1, 5, 4, 0, 3, 7, 15, 8, 6, 10, 12, 14, 0, 13, 11, 2, 0, 1, 0, 0, 1, 1, 1, 1, 1, 1, 0, 1, 0, 1, 1, 0]
Fitness: 1359.015037 	[1, 5, 3, 0, 9, 4, 0, 7, 15, 8, 6, 10, 12, 14, 0, 13, 11, 2, 0, 1, 0, 1, 1, 1, 0, 1, 1, 0, 1, 0, 1, 1, 1, 0]
Fitness: 1359.015037 	[1, 5, 0, 4, 0, 3, 7, 15, 8, 6, 10, 12, 14, 9, 0, 13, 11, 2, 0, 1, 0, 1, 1, 1, 0, 1, 1, 1, 0, 1, 1, 1, 0, 0]
Fitness: 1365.097925 	[1, 4, 0, 5, 11, 2, 13, 0, 3, 7, 15, 8, 9, 10, 12, 6, 0, 14, 0, 1, 0, 1, 1, 0, 1, 1, 1, 0, 1, 0, 1, 1, 1, 0]
Fitness: 1365.097925 	[1, 13, 0, 4, 0, 3, 7, 15, 8, 9, 10, 12, 6, 0, 5, 11, 2, 14, 0, 1, 0, 1, 1, 1, 1, 0, 1, 1, 0, 1, 0, 1, 1, 0]
Fitness: 1359.015037 	[5, 0, 9, 4, 0, 3, 7, 15, 8, 6, 10, 12, 14, 1, 0, 13, 11, 2, 0, 1, 1, 0, 1, 1, 0, 1, 1, 1, 0, 1, 0, 1, 1, 0]
Fitness: 1365.097925 	[14, 13, 2, 0, 5, 11, 0, 3, 7, 15, 8, 9, 10, 12, 6, 0, 1, 4, 0, 1, 0, 1, 1, 1, 0, 1, 1, 0, 1, 1, 1, 1, 0, 0]
Fitness: 1367.876978 	[3, 0, 1, 4, 2, 0, 13, 6, 0, 14, 5, 7, 8, 9, 10, 11, 12, 15, 0, 1, 0, 1, 1, 0, 0, 1, 1, 1, 1, 1, 1, 0, 1, 0]
Fitness: 1365.097925 	[1, 4, 0, 5, 11, 2, 14, 0, 3, 7, 15, 8, 9, 10, 12, 6, 0, 13, 0, 1, 0, 0, 1, 1, 1, 1, 1, 0, 1, 0, 1, 1, 1, 0]
Fitness: 1365.097925 	[14, 13, 8, 0, 5, 11, 2, 0, 3, 7, 15, 9, 10, 12, 6, 0, 1, 4, 0, 1, 0, 1, 1, 1, 1, 1, 0, 0, 1, 0, 1, 1, 1, 0]
Fitness: 1365.097925 	[1, 4, 0, 5, 11, 2, 13, 0, 3, 7, 15, 8, 9, 10, 12, 6, 0, 14, 0, 1, 0, 1, 0, 1, 0, 1, 1, 0, 1, 1, 1, 1, 1, 0]
Fitness: 1365.097925 	[14, 0, 5, 11, 2, 0, 3, 7, 15, 8, 9, 10, 12, 6, 13, 0, 1, 4, 0, 1, 0, 1, 1, 1, 0, 1, 1, 0, 1, 1, 1, 0, 1, 0]
Fitness: 1365.097925 	[1, 4, 0, 5, 2, 0, 3, 7, 15, 8, 9, 10, 12, 6, 11, 0, 14, 13, 0, 1, 0, 1, 1, 1, 1, 1, 1, 0, 1, 0, 1, 0, 1, 0]
Fitness: 1359.015037 	[9, 4, 0, 13, 11, 2, 0, 3, 7, 15, 8, 6, 10, 12, 14, 1, 0, 5, 0, 0, 0, 1, 1, 1, 1, 1, 1, 0, 1, 0, 1, 1, 1, 0]
Fitness: 1367.876978 	[2, 11, 0, 1, 4, 13, 0, 6, 0, 3, 9, 10, 15, 12, 8, 7, 14, 5, 0, 1, 0, 1, 1, 1, 1, 1, 1, 0, 1, 0, 1, 0, 1, 0]
Fitness: 1365.097925 	[13, 0, 5, 11, 2, 0, 3, 7, 15, 8, 9, 10, 12, 6, 14, 0, 1, 4, 0, 1, 0, 1, 1, 1, 0, 0, 1, 0, 1, 1, 1, 1, 1, 0]
Fitness: 1365.097925 	[13, 6, 2, 0, 1, 4, 0, 11, 5, 0, 3, 9, 10, 15, 12, 8, 7, 14, 0, 1, 0, 1, 1, 1, 0, 1, 0, 0, 1, 1, 1, 1, 1, 0]
Fitness: 1367.876978 	[1, 4, 0, 3, 9, 10, 15, 12, 8, 7, 14, 0, 11, 5, 0, 6, 13, 2, 0, 1, 0, 1, 1, 1, 0, 1, 1, 1, 0, 1, 1, 0, 1, 0]
Fitness: 1361.166420 	[13, 4, 0, 5, 0, 3, 9, 10, 15, 12, 8, 7, 2, 11, 0, 1, 6, 14, 0, 1, 1, 1, 1, 0, 0, 1, 1, 0, 1, 1, 1, 0, 1, 0]
Fitness: 1359.015037 	[9, 4, 1, 0, 13, 11, 2, 0, 3, 7, 15, 8, 6, 10, 12, 14, 0, 5, 0, 1, 0, 0, 1, 1, 1, 1, 1, 0, 1, 0, 1, 1, 1, 0]
Fitness: 1359.015037 	[4, 0, 13, 11, 2, 0, 3, 7, 15, 8, 6, 10, 12, 14, 9, 0, 1, 5, 0, 1, 1, 1, 1, 1, 0, 1, 1, 0, 1, 0, 1, 0, 1, 0]
Fitness: 1365.097925 	[14, 13, 0, 5, 11, 2, 0, 3, 7, 15, 8, 9, 10, 6, 0, 1, 4, 12, 0, 1, 0, 1, 1, 1, 1, 1, 1, 0, 0, 0, 1, 1, 1, 0]
Fitness: 1360.946457 	[1, 13, 8, 0, 14, 4, 0, 3, 7, 15, 9, 10, 12, 6, 0, 5, 11, 2, 0, 1, 1, 1, 1, 0, 0, 1, 1, 0, 1, 0, 1, 1, 1, 0]
Fitness: 1359.015037 	[9, 4, 0, 13, 11, 2, 12, 0, 3, 7, 15, 8, 6, 10, 14, 0, 1, 5, 0, 0, 1, 1, 1, 1, 0, 1, 1, 0, 1, 0, 1, 1, 1, 0]
Fitness: 1359.015037 	[9, 4, 0, 13, 11, 2, 0, 3, 7, 15, 8, 6, 10, 12, 14, 1, 0, 5, 0, 1, 0, 1, 0, 1, 1, 1, 1, 0, 1, 0, 1, 1, 1, 0]
Fitness: 1365.097925 	[1, 4, 0, 5, 11, 0, 14, 13, 0, 3, 7, 15, 8, 9, 10, 12, 6, 2, 0, 1, 0, 1, 1, 1, 1, 1, 1, 0, 0, 0, 1, 1, 1, 0]
Fitness: 1365.097925 	[1, 13, 4, 0, 14, 0, 3, 7, 15, 8, 9, 10, 12, 6, 0, 5, 11, 2, 0, 1, 1, 1, 1, 1, 0, 1, 1, 1, 0, 1, 0, 0, 1, 0]
Fitness: 1365.097925 	[1, 13, 0, 14, 4, 11, 0, 3, 7, 15, 8, 9, 10, 12, 6, 0, 5, 2, 0, 1, 0, 1, 0, 1, 0, 1, 1, 1, 0, 1, 1, 1, 1, 0]
Fitness: 1365.097925 	[4, 0, 2, 11, 5, 1, 0, 3, 7, 15, 8, 9, 10, 12, 6, 0, 14, 13, 0, 1, 0, 1, 1, 1, 0, 1, 1, 0, 1, 1, 0, 1, 1, 0]
Fitness: 1367.876978 	[1, 4, 0, 2, 11, 0, 13, 6, 5, 0, 3, 9, 10, 15, 12, 8, 7, 14, 0, 1, 0, 1, 1, 1, 1, 1, 1, 0, 1, 1, 1, 0, 0, 0]
Fitness: 1359.015037 	[1, 5, 0, 9, 4, 0, 3, 7, 15, 6, 10, 12, 14, 0, 13, 11, 2, 8, 0, 1, 0, 1, 1, 0, 1, 1, 1, 0, 1, 1, 0, 1, 1, 0]
Fitness: 1365.097925 	[1, 4, 0, 11, 2, 0, 3, 7, 15, 8, 9, 10, 12, 6, 0, 14, 13, 5, 0, 0, 0, 1, 1, 1, 1, 1, 1, 0, 1, 0, 1, 1, 1, 0]
Fitness: 1365.097925 	[14, 13, 5, 0, 1, 4, 0, 11, 2, 0, 3, 6, 7, 8, 9, 10, 12, 15, 0, 1, 0, 1, 1, 1, 0, 1, 1, 1, 1, 0, 1, 0, 1, 0]
Fitness: 1359.015037 	[1, 5, 0, 9, 4, 15, 0, 3, 7, 8, 6, 10, 12, 14, 0, 13, 11, 2, 0, 1, 0, 1, 1, 1, 0, 1, 1, 1, 1, 1, 0, 1, 0, 0]
Fitness: 1365.097925 	[1, 0, 5, 11, 2, 4, 0, 3, 7, 15, 8, 9, 10, 12, 6, 0, 14, 13, 0, 1, 0, 0, 1, 1, 0, 1, 1, 1, 1, 0, 1, 1, 1, 0]
Fitness: 1365.097925 	[1, 4, 0, 5, 11, 2, 0, 3, 7, 15, 8, 10, 12, 6, 0, 14, 13, 9, 0, 1, 0, 0, 1, 1, 1, 1, 1, 0, 1, 0, 1, 1, 1, 0]
Fitness: 1365.097925 	[14, 13, 8, 0, 1, 4, 0, 3, 7, 15, 9, 10, 12, 6, 0, 2, 11, 5, 0, 1, 0, 0, 1, 1, 0, 1, 1, 1, 1, 0, 1, 1, 1, 0]
Fitness: 1367.876978 	[1, 4, 0, 11, 5, 0, 13, 6, 2, 0, 3, 9, 10, 15, 12, 8, 7, 14, 0, 1, 0, 1, 1, 1, 0, 0, 1, 0, 1, 1, 1, 1, 1, 0]
Fitness: 1365.097925 	[13, 0, 5, 11, 2, 0, 3, 7, 15, 8, 9, 10, 12, 6, 0, 1, 4, 14, 0, 1, 0, 1, 1, 1, 0, 0, 1, 0, 1, 1, 1, 1, 1, 0]
Fitness: 1365.097925 	[14, 13, 7, 0, 5, 11, 2, 0, 3, 15, 8, 9, 10, 12, 6, 0, 1, 4, 0, 1, 1, 1, 1, 1, 0, 1, 1, 0, 1, 0, 0, 1, 1, 0]
Fitness: 1367.876978 	[6, 0, 2, 11, 5, 0, 1, 4, 0, 3, 9, 10, 15, 12, 8, 7, 14, 13, 0, 0, 0, 1, 1, 1, 0, 1, 1, 1, 1, 1, 1, 0, 1, 0]
Fitness: 1365.097925 	[14, 5, 0, 1, 4, 11, 0, 3, 7, 15, 8, 9, 10, 12, 6, 0, 13, 2, 0, 1, 0, 1, 0, 1, 0, 1, 1, 1, 1, 0, 1, 1, 1, 0]
Fitness: 1365.097925 	[14, 13, 0, 5, 11, 2, 10, 0, 3, 7, 15, 8, 9, 12, 6, 0, 1, 4, 0, 1, 0, 0, 1, 1, 1, 1, 1, 0, 1, 0, 1, 1, 1, 0]
Fitness: 1365.097925 	[1, 4, 0, 5, 11, 2, 0, 3, 7, 15, 8, 9, 10, 12, 6, 0, 14, 13, 0, 1, 0, 1, 1, 1, 0, 1, 1, 0, 1, 0, 1, 1, 1, 0]
Fitness: 1361.166420 	[1, 4, 0, 6, 14, 13, 0, 3, 9, 10, 15, 12, 8, 7, 2, 0, 5, 11, 0, 1, 0, 1, 1, 1, 0, 1, 1, 0, 1, 1, 1, 0, 1, 0]
Fitness: 1367.876978 	[1, 4, 0, 11, 5, 0, 3, 9, 10, 15, 12, 8, 7, 14, 0, 6, 13, 2, 0, 1, 0, 1, 1, 1, 0, 1, 1, 1, 0, 1, 1, 0, 1, 0]
Fitness: 1365.097925 	[1, 4, 0, 14, 13, 0, 3, 7, 15, 8, 9, 10, 12, 6, 0, 5, 11, 2, 0, 1, 0, 1, 1, 1, 0, 1, 1, 0, 1, 0, 1, 1, 1, 0]
Fitness: 1365.097925 	[14, 13, 2, 0, 5, 11, 0, 1, 4, 0, 3, 7, 15, 8, 9, 10, 12, 6, 0, 1, 0, 1, 1, 1, 0, 1, 1, 0, 1, 1, 1, 1, 0, 0]
Fitness: 1367.876978 	[1, 4, 0, 2, 11, 5, 0, 3, 9, 10, 15, 12, 8, 7, 14, 0, 13, 6, 0, 1, 0, 1, 1, 1, 0, 1, 1, 0, 1, 1, 1, 0, 1, 0]
Fitness: 1367.876978 	[13, 6, 0, 2, 11, 5, 0, 1, 4, 0, 3, 9, 10, 15, 12, 8, 7, 14, 0, 1, 0, 1, 1, 1, 0, 1, 1, 0, 1, 1, 1, 0, 1, 0]
Fitness: 1365.097925 	[14, 5, 0, 13, 2, 0, 3, 7, 15, 8, 9, 10, 12, 6, 0, 1, 4, 11, 0, 1, 0, 1, 0, 1, 0, 1, 1, 1, 1, 0, 1, 1, 1, 0]
Fitness: 1365.097925 	[3, 7, 15, 8, 9, 10, 12, 6, 0, 5, 11, 2, 13, 0, 1, 4, 0, 14, 0, 1, 0, 1, 1, 0, 1, 1, 1, 0, 1, 0, 1, 1, 1, 0]
Fitness: 1360.946457 	[1, 13, 0, 5, 11, 2, 0, 3, 7, 15, 8, 9, 10, 12, 6, 0, 14, 4, 0, 1, 0, 1, 1, 1, 0, 1, 1, 0, 1, 0, 1, 1, 1, 0]
Fitness: 1365.097925 	[5, 11, 2, 0, 14, 13, 0, 3, 7, 15, 8, 9, 10, 12, 6, 0, 1, 4, 0, 1, 0, 1, 1, 1, 0, 1, 1, 0, 1, 0, 1, 1, 1, 0]
Fitness: 1365.097925 	[5, 11, 2, 0, 1, 4, 0, 3, 7, 15, 8, 9, 10, 12, 6, 0, 14, 13, 0, 1, 0, 1, 1, 1, 0, 1, 1, 0, 1, 0, 1, 1, 1, 0]
Fitness: 1365.097925 	[3, 7, 15, 8, 9, 10, 12, 6, 0, 14, 4, 0, 1, 13, 0, 5, 11, 2, 0, 1, 0, 1, 1, 1, 0, 1, 1, 1, 0, 1, 0, 1, 1, 0]
Fitness: 1359.015037 	[13, 11, 2, 0, 9, 4, 0, 3, 7, 15, 8, 6, 10, 12, 14, 0, 1, 5, 0, 1, 0, 1, 1, 1, 0, 1, 1, 1, 0, 1, 0, 1, 1, 0]
Fitness: 1365.097925 	[5, 11, 2, 0, 14, 13, 0, 3, 7, 15, 8, 9, 10, 12, 6, 0, 1, 4, 0, 1, 0, 1, 1, 1, 0, 1, 1, 0, 1, 0, 1, 1, 1, 0]
Fitness: 1365.097925 	[1, 13, 4, 0, 5, 11, 2, 0, 3, 7, 15, 8, 9, 10, 12, 6, 0, 14, 0, 1, 1, 1, 1, 1, 0, 1, 1, 1, 0, 1, 0, 0, 1, 0]
Fitness: 1365.097925 	[1, 13, 0, 3, 7, 15, 8, 9, 10, 12, 6, 0, 14, 4, 0, 5, 11, 2, 0, 1, 0, 1, 1, 1, 0, 1, 1, 1, 0, 1, 0, 1, 1, 0]
Fitness: 1365.097925 	[3, 7, 15, 8, 9, 10, 12, 6, 0, 5, 11, 2, 0, 1, 4, 0, 14, 13, 0, 1, 0, 1, 1, 1, 0, 1, 1, 0, 1, 0, 1, 1, 1, 0]
Fitness: 1365.097925 	[14, 13, 0, 5, 11, 2, 0, 1, 4, 0, 3, 7, 15, 8, 9, 10, 12, 6, 0, 1, 0, 1, 1, 1, 0, 1, 1, 0, 1, 0, 1, 1, 1, 0]
Fitness: 1367.876978 	[1, 4, 0, 13, 6, 0, 2, 11, 5, 0, 3, 9, 10, 15, 12, 8, 7, 14, 0, 1, 0, 1, 1, 1, 0, 1, 1, 0, 1, 1, 1, 0, 1, 0]
Fitness: 1365.097925 	[13, 0, 5, 11, 2, 0, 1, 4, 0, 3, 7, 15, 8, 9, 10, 12, 6, 14, 0, 1, 1, 1, 1, 1, 0, 1, 0, 0, 1, 0, 1, 1, 1, 0]
Fitness: 1361.166420 	[3, 9, 10, 15, 12, 8, 7, 2, 0, 5, 11, 0, 13, 4, 0, 1, 6, 14, 0, 1, 0, 1, 1, 1, 0, 1, 1, 0, 1, 1, 1, 0, 1, 0]
Fitness: 1365.097925 	[3, 7, 15, 8, 9, 10, 12, 6, 0, 5, 11, 2, 0, 1, 4, 0, 14, 13, 0, 1, 0, 1, 1, 1, 0, 1, 1, 0, 1, 0, 1, 1, 1, 0]
Fitness: 1361.166420 	[13, 4, 0, 5, 0, 1, 6, 14, 0, 3, 9, 10, 15, 12, 8, 7, 2, 11, 0, 1, 1, 1, 1, 0, 0, 1, 1, 0, 1, 1, 1, 0, 1, 0]
Fitness: 1365.097925 	[1, 4, 0, 5, 11, 2, 0, 3, 7, 15, 8, 9, 10, 12, 6, 0, 14, 13, 0, 1, 0, 1, 1, 1, 0, 1, 1, 0, 1, 0, 1, 1, 1, 0]
Fitness: 1365.097925 	[1, 4, 0, 14, 13, 0, 3, 7, 15, 8, 9, 10, 12, 6, 0, 5, 11, 2, 0, 1, 0, 1, 1, 1, 0, 1, 1, 0, 1, 0, 1, 1, 1, 0]
Fitness: 1359.015037 	[1, 5, 0, 3, 7, 15, 8, 6, 10, 12, 14, 0, 9, 4, 0, 13, 11, 2, 0, 1, 0, 1, 1, 1, 0, 1, 1, 1, 0, 1, 0, 1, 1, 0]
Fitness: 1367.876978 	[6, 13, 0, 3, 9, 10, 15, 12, 8, 7, 14, 0, 2, 11, 5, 0, 1, 4, 0, 1, 0, 1, 1, 1, 0, 1, 1, 0, 1, 1, 1, 0, 1, 0]
Fitness: 1359.015037 	[3, 7, 15, 8, 6, 10, 12, 14, 0, 1, 5, 0, 9, 4, 0, 13, 11, 2, 0, 1, 0, 1, 1, 1, 0, 1, 1, 1, 0, 1, 0, 1, 1, 0]
Fitness: 1359.015037 	[9, 4, 0, 1, 5, 0, 3, 7, 15, 8, 6, 10, 12, 14, 0, 13, 11, 2, 0, 1, 0, 1, 1, 1, 0, 1, 1, 0, 1, 0, 1, 1, 1, 0]
Fitness: 1359.015037 	[9, 4, 0, 3, 7, 15, 8, 6, 10, 12, 14, 0, 1, 5, 0, 13, 11, 2, 0, 1, 0, 1, 1, 1, 0, 1, 1, 1, 0, 1, 0, 1, 1, 0]
Fitness: 1359.015037 	[13, 11, 2, 0, 9, 4, 0, 3, 7, 15, 8, 6, 10, 12, 14, 1, 0, 5, 0, 0, 0, 1, 1, 1, 1, 1, 1, 0, 1, 0, 1, 1, 1, 0]
Fitness: 1365.097925 	[5, 11, 2, 0, 1, 4, 0, 3, 7, 15, 8, 9, 10, 12, 6, 0, 14, 13, 0, 1, 0, 1, 1, 1, 0, 1, 1, 0, 1, 0, 1, 1, 1, 0]
Fitness: 1360.946457 	[14, 4, 0, 1, 13, 0, 3, 7, 15, 8, 9, 10, 12, 6, 0, 5, 11, 2, 0, 1, 0, 1, 1, 1, 0, 1, 1, 0, 1, 0, 1, 1, 1, 0]
Fitness: 1365.097925 	[1, 4, 0, 5, 11, 2, 0, 14, 13, 0, 3, 7, 15, 8, 9, 10, 12, 6, 0, 1, 0, 1, 1, 1, 0, 1, 1, 0, 1, 0, 1, 1, 1, 0]
Fitness: 1359.015037 	[1, 5, 0, 13, 11, 2, 0, 3, 7, 15, 8, 6, 10, 12, 14, 0, 9, 4, 0, 1, 0, 1, 1, 1, 0, 1, 1, 0, 1, 0, 1, 1, 1, 0]
Fitness: 1365.097925 	[1, 4, 0, 14, 13, 0, 3, 9, 10, 15, 12, 8, 7, 11, 5, 0, 2, 6, 0, 1, 0, 1, 1, 1, 0, 1, 1, 0, 1, 0, 1, 1, 1, 0]
Fitness: 1365.097925 	[1, 4, 0, 14, 13, 0, 3, 7, 15, 8, 9, 10, 12, 6, 0, 5, 11, 2, 0, 1, 0, 1, 1, 1, 0, 1, 1, 0, 1, 0, 1, 1, 1, 0]
Fitness: 1365.097925 	[1, 4, 0, 5, 11, 2, 0, 14, 13, 0, 3, 7, 15, 8, 9, 10, 12, 6, 0, 1, 0, 1, 1, 1, 0, 1, 1, 0, 1, 0, 1, 1, 1, 0]
Fitness: 1367.876978 	[1, 4, 0, 2, 11, 0, 3, 9, 10, 15, 12, 8, 7, 14, 5, 0, 13, 6, 0, 1, 0, 1, 1, 1, 0, 0, 1, 1, 1, 1, 1, 0, 1, 0]
Fitness: 1367.876978 	[2, 11, 0, 3, 9, 10, 15, 12, 8, 7, 14, 5, 0, 13, 6, 0, 1, 4, 0, 1, 0, 1, 1, 1, 0, 1, 1, 0, 1, 1, 1, 0, 1, 0]
Fitness: 1359.015037 	[6, 7, 8, 9, 10, 12, 14, 15, 0, 1, 5, 0, 13, 11, 2, 0, 3, 4, 0, 1, 0, 1, 1, 1, 0, 1, 1, 1, 0, 1, 0, 1, 1, 0]
Fitness: 1367.876978 	[13, 6, 0, 2, 11, 5, 0, 3, 9, 10, 15, 12, 8, 7, 14, 0, 1, 4, 0, 1, 0, 1, 1, 1, 0, 1, 1, 0, 1, 1, 1, 0, 1, 0]
Fitness: 1365.097925 	[3, 7, 15, 8, 9, 10, 12, 6, 0, 5, 11, 2, 0, 1, 4, 0, 14, 13, 0, 1, 0, 1, 1, 1, 0, 1, 1, 0, 1, 0, 1, 1, 1, 0]
Fitness: 1365.097925 	[3, 7, 15, 8, 9, 10, 12, 6, 0, 5, 11, 2, 0, 14, 13, 0, 1, 4, 0, 1, 0, 1, 1, 1, 0, 1, 1, 0, 1, 0, 1, 1, 1, 0]
Fitness: 1365.097925 	[5, 11, 2, 0, 14, 13, 0, 3, 7, 15, 8, 9, 10, 12, 6, 0, 1, 4, 0, 1, 0, 1, 1, 1, 0, 1, 1, 0, 1, 0, 1, 1, 1, 0]
Fitness: 1365.097925 	[14, 13, 0, 3, 7, 15, 8, 9, 10, 12, 6, 0, 5, 11, 2, 0, 1, 4, 0, 1, 0, 1, 1, 1, 0, 1, 1, 0, 1, 0, 1, 1, 1, 0]
Fitness: 1365.097925 	[14, 13, 0, 3, 7, 15, 8, 9, 10, 12, 6, 0, 5, 11, 2, 0, 1, 4, 0, 1, 0, 1, 1, 1, 0, 1, 1, 0, 1, 0, 1, 1, 1, 0]
Fitness: 1359.015037 	[13, 11, 2, 0, 9, 4, 0, 3, 7, 15, 8, 6, 10, 12, 14, 0, 1, 5, 0, 1, 0, 1, 1, 1, 0, 1, 1, 0, 1, 0, 1, 1, 1, 0]
Fitness: 1365.097925 	[1, 4, 0, 5, 11, 2, 0, 3, 7, 15, 8, 9, 10, 12, 6, 0, 14, 13, 0, 1, 0, 1, 1, 1, 0, 1, 1, 0, 1, 0, 1, 1, 1, 0]
Time: 0.45989