Fitness: 1367.876978 	[13, 6, 0, 2, 11, 5, 0, 1, 4, 0, 3, 9, 10, 15, 12, 8, 7, 14, 0, 1, 0, 1, 1, 1, 0, 1, 1, 0, 1, 1, 1, 0, 1, 0]
Fitness: 1367.876978 	[13, 6, 0, 2, 11, 5, 0, 1, 4, 0, 3, 9, 10, 15, 12, 8, 7, 14, 0, 1, 0, 1, 1, 1, 0, 1, 1, 0, 1, 1, 1, 0, 1, 0]
Fitness: 1367.876978 	[13, 6, 0, 2, 11, 5, 0, 1, 4, 0, 3, 9, 10, 15, 12, 8, 7, 14, 0, 1, 0, 1, 1, 1, 0, 1, 1, 0, 1, 1, 1, 0, 1, 0]
Fitness: 1367.876978 	[13, 6, 0, 2, 11, 5, 0, 1, 4, 0, 3, 9, 10, 15, 12, 8, 7, 14, 0, 1, 0, 1, 1, 1, 0, 1, 1, 0, 1, 1, 1, 0, 1, 0]
Fitness: 1367.876978 	[13, 6, 0, 2, 11, 5, 0, 1, 4, 0, 3, 9, 10, 15, 12, 8, 7, 14, 0, 1, 0, 1, 1, 1, 0, 1, 1, 0, 1, 1, 1, 0, 1, 0]
Fitness: 1367.876978 	[13, 6, 0, 2, 11, 5, 0, 1, 4, 0, 3, 9, 10, 15, 12, 8, 7, 14, 0, 1, 0, 1, 1, 1, 0, 1, 1, 0, 1, 1, 1, 0, 1, 0]
Fitness: 1367.876978 	[13, 6, 0, 2, 11, 5, 0, 1, 4, 0, 3, 9, 10, 15, 12, 8, 7, 14, 0, 1, 0, 1, 1, 1, 0, 1, 1, 0, 1, 1, 1, 0, 1, 0]
Fitness: 1367.876978 	[13, 6, 0, 2, 11, 5, 0, 1, 4, 0, 3, 9, 10, 15, 12, 8, 7, 14, 0, 1, 0, 1, 1, 1, 0, 1, 1, 0, 1, 1, 1, 0, 1, 0]
Fitness: 1367.876978 	[13, 6, 0, 2, 11, 5, 0, 1, 4, 0, 3, 9, 10, 15, 12, 8, 7, 14, 0, 1, 0, 1, 1, 1, 0, 1, 1, 0, 1, 1, 1, 0, 1, 0]
Fitness: 1367.876978 	[13, 6, 0, 2, 11, 5, 0, 1, 4, 0, 3, 9, 10, 15, 12, 8, 7, 14, 0, 1, 0, 1, 1, 1, 0, 1, 1, 0, 1, 1, 1, 0, 1, 0]
Fitness: 1367.876978 	[13, 6, 0, 2, 11, 5, 0, 1, 4, 0, 3, 9, 10, 15, 12, 8, 7, 14, 0, 1, 0, 1, 1, 1, 0, 1, 1, 0, 1, 1, 1, 0, 1, 0]
Fitness: 1367.876978 	[13, 6, 0, 2, 11, 5, 0, 1, 4, 0, 3, 9, 10, 15, 12, 8, 7, 14, 0, 1, 0, 1, 1, 1, 0, 1, 1, 0, 1, 1, 1, 0, 1, 0]
Fitness: 1367.876978 	[13, 6, 0, 2, 11, 5, 0, 1, 4, 0, 3, 9, 10, 15, 12, 8, 7, 14, 0, 1, 0, 1, 1, 1, 0, 1, 1, 0, 1, 1, 1, 0, 1, 0]
Fitness: 1367.876978 	[13, 6, 0, 2, 11, 5, 0, 1, 4, 0, 3, 9, 10, 15, 12, 8, 7, 14, 0, 1, 0, 1, 1, 1, 0, 1, 1, 0, 1, 1, 1, 0, 1, 0]
Fitness: 1367.876978 	[13, 6, 0, 2, 11, 5, 0, 1, 4, 0, 3, 9, 10, 15, 12, 8, 7, 14, 0, 1, 0, 1, 1, 1, 0, 1, 1, 0, 1, 1, 1, 0, 1, 0]
Fitness: 1367.876978 	[1, 4, 0, 2, 11, 5, 0, 13, 6, 0, 3, 9, 10, 15, 12, 8, 7, 14, 0, 1, 0, 1, 1, 1, 0, 1, 1, 0, 1, 1, 1, 0, 1, 0]
Fitness: 1367.876978 	[1, 4, 0, 2, 11, 5, 0, 13, 6, 0, 3, 9, 10, 15, 12, 8, 7, 14, 0, 1, 0, 1, 1, 1, 0, 1, 1, 0, 1, 1, 1, 0, 1, 0]
Fitness: 1367.876978 	[1, 4, 0, 2, 11, 5, 0, 13, 6, 0, 3, 9, 10, 15, 12, 8, 7, 14, 0, 1, 0, 1, 1, 1, 0, 1, 1, 0, 1, 1, 1, 0, 1, 0]
Fitness: 1367.876978 	[1, 4, 0, 2, 11, 5, 0, 13, 6, 0, 3, 9, 10, 15, 12, 8, 7, 14, 0, 1, 0, 1, 1, 1, 0, 1, 1, 0, 1, 1, 1, 0, 1, 0]
Fitness: 1367.876978 	[1, 4, 0, 2, 11, 5, 0, 13, 6, 0, 3, 9, 10, 15, 12, 8, 7, 14, 0, 1, 0, 1, 1, 1, 0, 1, 1, 0, 1, 1, 1, 0, 1, 0]
Fitness: 1367.876978 	[1, 4, 0, 2, 11, 5, 0, 13, 6, 0, 3, 9, 10, 15, 12, 8, 7, 14, 0, 1, 0, 1, 1, 1, 0, 1, 1, 0, 1, 1, 1, 0, 1, 0]
Fitness: 1367.876978 	[1, 4, 0, 2, 11, 5, 0, 13, 6, 0, 3, 9, 10, 15, 12, 8, 7, 14, 0, 1, 0, 1, 1, 1, 0, 1, 1, 0, 1, 1, 1, 0, 1, 0]
Fitness: 1367.876978 	[1, 4, 0, 2, 11, 5, 0, 13, 6, 0, 3, 9, 10, 15, 12, 8, 7, 14, 0, 1, 0, 1, 1, 1, 0, 1, 1, 0, 1, 1, 1, 0, 1, 0]
Fitness: 1367.876978 	[1, 4, 0, 2, 11, 5, 0, 13, 6, 0, 3, 9, 10, 15, 12, 8, 7, 14, 0, 1, 0, 1, 1, 1, 0, 1, 1, 0, 1, 1, 1, 0, 1, 0]
Fitness: 1367.876978 	[1, 4, 0, 2, 11, 5, 0, 13, 6, 0, 3, 9, 10, 15, 12, 8, 7, 14, 0, 1, 0, 1, 1, 1, 0, 1, 1, 0, 1, 1, 1, 0, 1, 0]
Fitness: 1367.876978 	[1, 4, 0, 2, 11, 5, 0, 13, 6, 0, 3, 9, 10, 15, 12, 8, 7, 14, 0, 1, 0, 1, 1, 1, 0, 1, 1, 0, 1, 1, 1, 0, 1, 0]
Fitness: 1367.876978 	[1, 4, 0, 2, 11, 5, 0, 13, 6, 0, 3, 9, 10, 15, 12, 8, 7, 14, 0, 1, 0, 1, 1, 1, 0, 1, 1, 0, 1, 1, 1, 0, 1, 0]
Fitness: 1367.876978 	[1, 4, 0, 2, 11, 5, 0, 13, 6, 0, 3, 9, 10, 15, 12, 8, 7, 14, 0, 1, 0, 1, 1, 1, 0, 1, 1, 0, 1, 1, 1, 0, 1, 0]
Fitness: 1367.876978 	[1, 4, 0, 2, 11, 5, 0, 13, 6, 0, 3, 9, 10, 15, 12, 8, 7, 14, 0, 1, 0, 1, 1, 1, 0, 1, 1, 0, 1, 1, 1, 0, 1, 0]
Fitness: 1367.876978 	[1, 4, 0, 2, 11, 5, 0, 13, 6, 0, 3, 9, 10, 15, 12, 8, 7, 14, 0, 1, 0, 1, 1, 1, 0, 1, 1, 0, 1, 1, 1, 0, 1, 0]
Fitness: 1367.876978 	[1, 4, 0, 2, 11, 5, 0, 13, 6, 0, 3, 9, 10, 15, 12, 8, 7, 14, 0, 1, 0, 1, 1, 1, 0, 1, 1, 0, 1, 1, 1, 0, 1, 0]
Fitness: 1367.876978 	[1, 4, 0, 2, 11, 5, 0, 13, 6, 0, 3, 9, 10, 15, 12, 8, 7, 14, 0, 1, 0, 1, 1, 1, 0, 1, 1, 0, 1, 1, 1, 0, 1, 0]
Fitness: 1367.876978 	[1, 4, 0, 2, 11, 5, 0, 13, 6, 0, 3, 9, 10, 15, 12, 8, 7, 14, 0, 1, 0, 1, 1, 1, 0, 1, 1, 0, 1, 1, 1, 0, 1, 0]
Fitness: 1367.876978 	[1, 4, 0, 2, 11, 5, 0, 13, 6, 0, 3, 9, 10, 15, 12, 8, 7, 14, 0, 1, 0, 1, 1, 1, 0, 1, 1, 0, 1, 1, 1, 0, 1, 0]
Fitness: 1367.876978 	[1, 4, 0, 2, 11, 5, 0, 13, 6, 0, 3, 9, 10, 15, 12, 8, 7, 14, 0, 1, 0, 1, 1, 1, 0, 1, 1, 0, 1, 1, 1, 0, 1, 0]
Fitness: 1367.876978 	[1, 4, 0, 2, 11, 5, 0, 13, 6, 0, 3, 9, 10, 15, 12, 8, 7, 14, 0, 1, 0, 1, 1, 1, 0, 1, 1, 0, 1, 1, 1, 0, 1, 0]
Fitness: 1367.876978 	[1, 4, 0, 2, 11, 5, 0, 13, 6, 0, 3, 9, 10, 15, 12, 8, 7, 14, 0, 1, 0, 1, 1, 1, 0, 1, 1, 0, 1, 1, 1, 0, 1, 0]
Fitness: 1367.876978 	[1, 4, 0, 2, 11, 5, 0, 13, 6, 0, 3, 9, 10, 15, 12, 8, 7, 14, 0, 1, 0, 1, 1, 1, 0, 1, 1, 0, 1, 1, 1, 0, 1, 0]
Fitness: 1367.876978 	[1, 4, 0, 2, 11, 5, 0, 13, 6, 0, 3, 9, 10, 15, 12, 8, 7, 14, 0, 1, 0, 1, 1, 1, 0, 1, 1, 0, 1, 1, 1, 0, 1, 0]
Fitness: 1367.876978 	[1, 4, 0, 2, 11, 5, 0, 13, 6, 0, 3, 9, 10, 15, 12, 8, 7, 14, 0, 1, 0, 1, 1, 1, 0, 1, 1, 0, 1, 1, 1, 0, 1, 0]
Fitness: 1367.876978 	[1, 4, 0, 2, 11, 5, 0, 13, 6, 0, 3, 9, 10, 15, 12, 8, 7, 14, 0, 1, 0, 1, 1, 1, 0, 1, 1, 0, 1, 1, 1, 0, 1, 0]
Fitness: 1367.876978 	[1, 4, 0, 2, 11, 5, 0, 13, 6, 0, 3, 9, 10, 15, 12, 8, 7, 14, 0, 1, 0, 1, 1, 1, 0, 1, 1, 0, 1, 1, 1, 0, 1, 0]
Fitness: 1367.876978 	[1, 4, 0, 2, 11, 5, 0, 13, 6, 0, 3, 9, 10, 15, 12, 8, 7, 14, 0, 1, 0, 1, 1, 1, 0, 1, 1, 0, 1, 1, 1, 0, 1, 0]
Fitness: 1367.876978 	[1, 4, 0, 2, 11, 5, 0, 13, 6, 0, 3, 9, 10, 15, 12, 8, 7, 14, 0, 1, 0, 1, 1, 1, 0, 1, 1, 0, 1, 1, 1, 0, 1, 0]
Fitness: 1367.876978 	[1, 4, 0, 2, 11, 5, 0, 13, 6, 0, 3, 9, 10, 15, 12, 8, 7, 14, 0, 1, 0, 1, 1, 1, 0, 1, 1, 0, 1, 1, 1, 0, 1, 0]
Fitness: 1367.876978 	[1, 4, 0, 2, 11, 5, 0, 13, 6, 0, 3, 9, 10, 15, 12, 8, 7, 14, 0, 1, 0, 1, 1, 1, 0, 1, 1, 0, 1, 1, 1, 0, 1, 0]
Fitness: 1367.876978 	[1, 4, 0, 2, 11, 5, 0, 13, 6, 0, 3, 9, 10, 15, 12, 8, 7, 14, 0, 1, 0, 1, 1, 1, 0, 1, 1, 0, 1, 1, 1, 0, 1, 0]
Fitness: 1367.876978 	[1, 4, 0, 2, 11, 5, 0, 13, 6, 0, 3, 9, 10, 15, 12, 8, 7, 14, 0, 1, 0, 1, 1, 1, 0, 1, 1, 0, 1, 1, 1, 0, 1, 0]
Fitness: 1367.876978 	[1, 4, 0, 2, 11, 5, 0, 13, 6, 0, 3, 9, 10, 15, 12, 8, 7, 14, 0, 1, 0, 1, 1, 1, 0, 1, 1, 0, 1, 1, 1, 0, 1, 0]
Fitness: 1367.876978 	[1, 4, 0, 2, 11, 5, 0, 13, 6, 0, 3, 9, 10, 15, 12, 8, 7, 14, 0, 1, 0, 1, 1, 1, 0, 1, 1, 0, 1, 1, 1, 0, 1, 0]
Fitness: 1367.876978 	[1, 4, 0, 2, 11, 5, 0, 13, 6, 0, 3, 9, 10, 15, 12, 8, 7, 14, 0, 1, 0, 1, 1, 1, 0, 1, 1, 0, 1, 1, 1, 0, 1, 0]
Fitness: 1367.876978 	[1, 4, 0, 2, 11, 5, 0, 13, 6, 0, 3, 9, 10, 15, 12, 8, 7, 14, 0, 1, 0, 1, 1, 1, 0, 1, 1, 0, 1, 1, 1, 0, 1, 0]
Fitness: 1367.876978 	[1, 4, 0, 2, 11, 5, 0, 13, 6, 0, 3, 9, 10, 15, 12, 8, 7, 14, 0, 1, 0, 1, 1, 1, 0, 1, 1, 0, 1, 1, 1, 0, 1, 0]
Fitness: 1367.876978 	[1, 4, 0, 2, 11, 5, 0, 13, 6, 0, 3, 9, 10, 15, 12, 8, 7, 14, 0, 1, 0, 1, 1, 1, 0, 1, 1, 0, 1, 1, 1, 0, 1, 0]
Fitness: 1367.876978 	[1, 4, 0, 2, 11, 5, 0, 13, 6, 0, 3, 9, 10, 15, 12, 8, 7, 14, 0, 1, 0, 1, 1, 1, 0, 1, 1, 0, 1, 1, 1, 0, 1, 0]
Fitness: 1367.876978 	[1, 4, 0, 2, 11, 5, 0, 13, 6, 0, 3, 9, 10, 15, 12, 8, 7, 14, 0, 1, 0, 1, 1, 1, 0, 1, 1, 0, 1, 1, 1, 0, 1, 0]
Fitness: 1367.876978 	[1, 4, 0, 2, 11, 5, 0, 13, 6, 0, 3, 9, 10, 15, 12, 8, 7, 14, 0, 1, 0, 1, 1, 1, 0, 1, 1, 0, 1, 1, 1, 0, 1, 0]
Fitness: 1367.876978 	[1, 4, 0, 2, 11, 5, 0, 13, 6, 0, 3, 9, 10, 15, 12, 8, 7, 14, 0, 1, 0, 1, 1, 1, 0, 1, 1, 0, 1, 1, 1, 0, 1, 0]
Fitness: 1367.876978 	[1, 4, 0, 2, 11, 5, 0, 13, 6, 0, 3, 9, 10, 15, 12, 8, 7, 14, 0, 1, 0, 1, 1, 1, 0, 1, 1, 0, 1, 1, 1, 0, 1, 0]
Fitness: 1367.876978 	[1, 4, 0, 2, 11, 5, 0, 13, 6, 0, 3, 9, 10, 15, 12, 8, 7, 14, 0, 1, 0, 1, 1, 1, 0, 1, 1, 0, 1, 1, 1, 0, 1, 0]
Fitness: 1367.876978 	[1, 4, 0, 2, 11, 5, 0, 13, 6, 0, 3, 9, 10, 15, 12, 8, 7, 14, 0, 1, 0, 1, 1, 1, 0, 1, 1, 0, 1, 1, 1, 0, 1, 0]
Fitness: 1367.876978 	[1, 4, 0, 2, 11, 5, 0, 13, 6, 0, 3, 9, 10, 15, 12, 8, 7, 14, 0, 1, 0, 1, 1, 1, 0, 1, 1, 0, 1, 1, 1, 0, 1, 0]
Fitness: 1367.876978 	[1, 4, 0, 2, 11, 5, 0, 13, 6, 0, 3, 9, 10, 15, 12, 8, 7, 14, 0, 1, 0, 1, 1, 1, 0, 1, 1, 0, 1, 1, 1, 0, 1, 0]
Fitness: 1367.876978 	[1, 4, 0, 2, 11, 5, 0, 13, 6, 0, 14, 3, 7, 8, 9, 10, 12, 15, 0, 1, 0, 1, 1, 1, 0, 1, 1, 0, 1, 1, 1, 0, 1, 0]
Fitness: 1365.097925 	[13, 14, 0, 2, 11, 5, 0, 3, 7, 15, 8, 9, 10, 12, 6, 0, 1, 4, 0, 1, 0, 1, 1, 1, 0, 1, 1, 0, 1, 0, 1, 1, 1, 0]
Fitness: 1365.097925 	[13, 14, 0, 2, 11, 5, 0, 3, 7, 15, 8, 9, 10, 12, 6, 0, 1, 4, 0, 1, 0, 1, 1, 1, 0, 1, 1, 0, 1, 0, 1, 1, 1, 0]
Fitness: 1365.097925 	[13, 14, 0, 2, 11, 5, 0, 3, 7, 15, 8, 9, 10, 12, 6, 0, 1, 4, 0, 1, 0, 1, 1, 1, 0, 1, 1, 0, 1, 0, 1, 1, 1, 0]
Fitness: 1365.097925 	[1, 4, 0, 13, 14, 0, 3, 7, 15, 8, 9, 10, 12, 6, 0, 5, 11, 2, 0, 1, 0, 1, 1, 1, 0, 1, 1, 1, 0, 1, 0, 1, 1, 0]
Fitness: 1365.097925 	[1, 4, 0, 13, 14, 0, 3, 7, 15, 8, 9, 10, 12, 6, 0, 5, 11, 2, 0, 1, 0, 1, 1, 1, 0, 1, 1, 1, 0, 1, 0, 1, 1, 0]
Fitness: 1365.097925 	[1, 4, 0, 2, 11, 5, 0, 3, 7, 15, 8, 9, 10, 12, 6, 0, 14, 13, 0, 1, 0, 1, 1, 1, 0, 1, 1, 0, 1, 0, 1, 1, 1, 0]
Fitness: 1365.097925 	[1, 4, 0, 2, 11, 5, 0, 3, 7, 15, 8, 9, 10, 12, 6, 0, 14, 13, 0, 1, 0, 1, 1, 1, 0, 1, 1, 0, 1, 0, 1, 1, 1, 0]
Fitness: 1365.097925 	[1, 4, 0, 2, 11, 5, 0, 3, 7, 15, 8, 9, 10, 12, 6, 0, 14, 13, 0, 1, 0, 1, 1, 1, 0, 1, 1, 0, 1, 0, 1, 1, 1, 0]
Fitness: 1365.097925 	[1, 4, 0, 2, 11, 5, 0, 3, 7, 15, 8, 9, 10, 12, 6, 0, 14, 13, 0, 1, 0, 1, 1, 1, 0, 1, 1, 0, 1, 0, 1, 1, 1, 0]
Fitness: 1365.097925 	[1, 4, 0, 2, 11, 5, 0, 3, 7, 15, 8, 9, 10, 12, 6, 0, 14, 13, 0, 1, 0, 1, 1, 1, 0, 1, 1, 0, 1, 0, 1, 1, 1, 0]
Fitness: 1365.097925 	[1, 4, 0, 2, 11, 5, 0, 3, 7, 15, 8, 9, 10, 12, 6, 0, 14, 13, 0, 1, 0, 1, 1, 1, 0, 1, 1, 0, 1, 0, 1, 1, 1, 0]
Fitness: 1365.097925 	[1, 4, 0, 2, 11, 5, 0, 3, 7, 15, 8, 9, 10, 12, 6, 0, 14, 13, 0, 1, 0, 1, 1, 1, 0, 1, 1, 0, 1, 0, 1, 1, 1, 0]
Fitness: 1365.097925 	[1, 4, 0, 2, 11, 5, 0, 3, 7, 15, 8, 9, 10, 12, 6, 0, 14, 13, 0, 1, 0, 1, 1, 1, 0, 1, 1, 0, 1, 0, 1, 1, 1, 0]
Fitness: 1365.097925 	[1, 4, 0, 2, 11, 5, 0, 3, 7, 15, 8, 9, 10, 12, 6, 0, 14, 13, 0, 1, 0, 1, 1, 1, 0, 1, 1, 0, 1, 0, 1, 1, 1, 0]
Fitness: 1365.097925 	[1, 4, 0, 2, 11, 5, 0, 3, 7, 15, 8, 9, 10, 12, 6, 0, 14, 13, 0, 1, 0, 1, 1, 1, 0, 1, 1, 0, 1, 0, 1, 1, 1, 0]
Fitness: 1365.097925 	[1, 4, 0, 2, 11, 5, 0, 3, 7, 15, 8, 9, 10, 12, 6, 0, 14, 13, 0, 1, 0, 1, 1, 1, 0, 1, 1, 0, 1, 0, 1, 1, 1, 0]
Fitness: 1365.097925 	[1, 4, 0, 2, 11, 5, 0, 3, 7, 15, 8, 9, 10, 12, 6, 0, 14, 13, 0, 1, 0, 1, 1, 1, 0, 1, 1, 0, 1, 0, 1, 1, 1, 0]
Fitness: 1365.097925 	[1, 4, 0, 2, 11, 5, 0, 3, 7, 15, 8, 9, 10, 12, 6, 0, 14, 13, 0, 1, 0, 1, 1, 1, 0, 1, 1, 0, 1, 0, 1, 1, 1, 0]
Fitness: 1365.097925 	[1, 4, 0, 2, 11, 5, 0, 3, 7, 15, 8, 9, 10, 12, 6, 0, 14, 13, 0, 1, 0, 1, 1, 1, 0, 1, 1, 0, 1, 0, 1, 1, 1, 0]
Fitness: 1365.097925 	[1, 4, 0, 2, 11, 5, 0, 3, 7, 15, 8, 9, 10, 12, 6, 0, 14, 13, 0, 1, 0, 1, 1, 1, 0, 1, 1, 0, 1, 0, 1, 1, 1, 0]
Fitness: 1365.097925 	[1, 4, 0, 2, 11, 5, 0, 3, 7, 15, 8, 9, 10, 12, 6, 0, 14, 13, 0, 1, 0, 1, 1, 1, 0, 1, 1, 0, 1, 0, 1, 1, 1, 0]
Fitness: 1365.097925 	[1, 4, 0, 2, 11, 5, 0, 3, 7, 15, 8, 9, 10, 12, 6, 0, 14, 13, 0, 1, 0, 1, 1, 1, 0, 1, 1, 0, 1, 0, 1, 1, 1, 0]
Fitness: 1365.097925 	[1, 4, 0, 2, 11, 5, 0, 3, 7, 15, 8, 9, 10, 12, 6, 0, 14, 13, 0, 1, 0, 1, 1, 1, 0, 1, 1, 0, 1, 0, 1, 1, 1, 0]
Fitness: 1365.097925 	[1, 4, 0, 2, 11, 5, 0, 3, 7, 15, 8, 9, 10, 12, 6, 0, 14, 13, 0, 1, 0, 1, 1, 1, 0, 1, 1, 0, 1, 0, 1, 1, 1, 0]
Fitness: 1365.097925 	[1, 4, 0, 2, 11, 5, 0, 3, 7, 15, 8, 9, 10, 12, 6, 0, 14, 13, 0, 1, 0, 1, 1, 1, 0, 1, 1, 0, 1, 0, 1, 1, 1, 0]
Fitness: 1365.097925 	[1, 4, 0, 2, 11, 5, 0, 3, 7, 15, 8, 9, 10, 12, 6, 0, 14, 13, 0, 1, 0, 1, 1, 1, 0, 1, 1, 0, 1, 0, 1, 1, 1, 0]
Fitness: 1365.097925 	[1, 4, 0, 2, 11, 5, 0, 3, 7, 15, 8, 9, 10, 12, 6, 0, 14, 13, 0, 1, 0, 1, 1, 1, 0, 1, 1, 0, 1, 0, 1, 1, 1, 0]
Fitness: 1365.097925 	[1, 4, 0, 2, 11, 5, 0, 3, 7, 15, 8, 9, 10, 12, 6, 0, 14, 13, 0, 1, 0, 1, 1, 1, 0, 1, 1, 0, 1, 0, 1, 1, 1, 0]
Fitness: 1365.097925 	[1, 4, 0, 5, 11, 2, 0, 3, 7, 15, 8, 9, 10, 12, 6, 0, 14, 13, 0, 1, 0, 1, 1, 1, 0, 1, 1, 0, 1, 0, 1, 1, 1, 0]
Fitness: 1365.097925 	[1, 4, 0, 5, 11, 2, 0, 3, 7, 15, 8, 9, 10, 12, 6, 0, 14, 13, 0, 1, 0, 1, 1, 1, 0, 1, 1, 0, 1, 0, 1, 1, 1, 0]
Fitness: 1365.097925 	[1, 4, 0, 5, 11, 2, 0, 3, 7, 15, 8, 9, 10, 12, 6, 0, 14, 13, 0, 1, 0, 1, 1, 1, 0, 1, 1, 0, 1, 0, 1, 1, 1, 0]
Fitness: 1365.097925 	[1, 4, 0, 5, 11, 2, 0, 3, 7, 15, 8, 9, 10, 12, 6, 0, 14, 13, 0, 1, 0, 1, 1, 1, 0, 1, 1, 0, 1, 0, 1, 1, 1, 0]
Fitness: 1365.097925 	[1, 4, 0, 5, 11, 2, 0, 3, 7, 15, 8, 9, 10, 12, 6, 0, 14, 13, 0, 1, 0, 1, 1, 1, 0, 1, 1, 0, 1, 0, 1, 1, 1, 0]
Fitness: 1365.097925 	[1, 4, 0, 5, 11, 2, 0, 3, 7, 15, 8, 9, 10, 12, 6, 0, 14, 13, 0, 1, 0, 1, 1, 1, 0, 1, 1, 0, 1, 0, 1, 1, 1, 0]
Fitness: 1365.097925 	[1, 4, 0, 5, 11, 2, 0, 3, 7, 15, 8, 9, 10, 12, 6, 0, 14, 13, 0, 1, 0, 1, 1, 1, 0, 1, 1, 0, 1, 0, 1, 1, 1, 0]
Fitness: 1365.097925 	[1, 4, 0, 5, 11, 2, 0, 3, 7, 15, 8, 9, 10, 12, 6, 0, 14, 13, 0, 1, 0, 1, 1, 1, 0, 1, 1, 0, 1, 0, 1, 1, 1, 0]
Fitness: 1365.097925 	[1, 4, 0, 5, 11, 2, 0, 3, 7, 15, 8, 9, 10, 12, 6, 0, 14, 13, 0, 1, 0, 1, 1, 1, 0, 1, 1, 0, 1, 0, 1, 1, 1, 0]
Fitness: 1367.876978 	[1, 4, 0, 2, 11, 5, 0, 13, 6, 0, 3, 9, 10, 15, 12, 8, 7, 14, 0, 1, 0, 1, 1, 1, 0, 1, 1, 0, 1, 1, 1, 0, 1, 0]
Fitness: 1365.097925 	[3, 7, 15, 8, 9, 10, 12, 6, 0, 5, 11, 2, 0, 13, 1, 0, 4, 14, 0, 1, 0, 1, 1, 1, 0, 1, 1, 0, 1, 0, 1, 1, 1, 0]
Fitness: 1367.876978 	[13, 6, 0, 2, 11, 5, 0, 1, 4, 0, 3, 9, 10, 15, 12, 8, 7, 14, 0, 1, 0, 1, 1, 1, 0, 1, 1, 0, 1, 1, 1, 0, 1, 0]
Fitness: 1365.097925 	[1, 4, 0, 13, 14, 0, 3, 7, 15, 8, 9, 10, 12, 6, 0, 5, 11, 2, 0, 1, 0, 1, 1, 1, 0, 1, 1, 1, 0, 1, 0, 1, 1, 0]
Fitness: 1367.876978 	[2, 3, 0, 5, 14, 0, 13, 6, 0, 1, 4, 7, 8, 9, 10, 11, 12, 15, 0, 1, 0, 1, 1, 1, 0, 1, 1, 0, 1, 1, 1, 0, 1, 0]
Fitness: 1367.876978 	[13, 6, 0, 2, 11, 5, 0, 1, 4, 0, 3, 9, 10, 15, 12, 8, 7, 14, 0, 1, 0, 1, 1, 1, 0, 1, 1, 0, 1, 1, 1, 0, 1, 0]
Fitness: 1367.876978 	[1, 4, 0, 2, 11, 5, 0, 13, 6, 0, 3, 9, 10, 15, 12, 8, 7, 14, 0, 1, 0, 1, 1, 1, 0, 1, 1, 0, 1, 1, 1, 0, 1, 0]
Fitness: 1367.876978 	[3, 9, 10, 15, 12, 8, 7, 14, 0, 1, 4, 0, 13, 6, 0, 2, 11, 5, 0, 1, 0, 1, 1, 1, 0, 1, 1, 0, 1, 1, 1, 0, 1, 0]
Fitness: 1367.876978 	[1, 4, 0, 2, 11, 5, 0, 13, 6, 0, 3, 9, 10, 15, 12, 8, 7, 14, 0, 1, 0, 1, 1, 1, 0, 1, 1, 0, 1, 1, 1, 0, 1, 0]
Fitness: 1367.876978 	[13, 6, 0, 2, 11, 5, 0, 1, 4, 0, 3, 9, 10, 15, 12, 8, 7, 14, 0, 1, 0, 1, 1, 1, 0, 1, 1, 0, 1, 1, 1, 0, 1, 0]
Fitness: 1367.876978 	[13, 6, 0, 3, 9, 10, 15, 12, 8, 7, 14, 0, 1, 4, 0, 2, 11, 5, 0, 1, 0, 1, 1, 1, 0, 1, 1, 0, 1, 1, 1, 0, 1, 0]
Fitness: 1367.876978 	[2, 11, 0, 1, 4, 0, 3, 9, 10, 15, 12, 8, 7, 14, 0, 5, 13, 6, 0, 1, 0, 1, 1, 1, 0, 1, 1, 0, 1, 1, 1, 0, 1, 0]
Fitness: 1365.097925 	[1, 4, 0, 2, 11, 5, 0, 3, 7, 15, 8, 9, 10, 12, 6, 0, 14, 13, 0, 1, 0, 1, 1, 1, 0, 1, 1, 0, 1, 1, 1, 0, 1, 0]
Fitness: 1367.876978 	[13, 6, 0, 2, 11, 5, 0, 1, 4, 0, 3, 9, 10, 15, 12, 8, 7, 14, 0, 1, 0, 1, 1, 1, 0, 1, 1, 0, 1, 1, 1, 0, 1, 0]
Fitness: 1365.097925 	[1, 6, 0, 2, 11, 5, 0, 14, 13, 0, 3, 9, 10, 15, 12, 8, 7, 4, 0, 1, 0, 1, 1, 1, 0, 1, 1, 0, 1, 0, 1, 1, 1, 0]
Fitness: 1367.876978 	[1, 4, 0, 2, 11, 5, 0, 13, 6, 0, 3, 9, 10, 15, 12, 8, 7, 14, 0, 1, 0, 1, 1, 1, 0, 1, 1, 0, 1, 0, 1, 1, 1, 0]
Fitness: 1365.097925 	[1, 4, 0, 2, 11, 5, 0, 3, 7, 15, 8, 9, 10, 12, 6, 0, 14, 13, 0, 1, 0, 1, 1, 1, 0, 1, 1, 0, 1, 0, 1, 1, 1, 0]
Fitness: 1367.876978 	[1, 4, 0, 13, 6, 0, 3, 9, 10, 15, 12, 8, 7, 14, 0, 2, 11, 5, 0, 1, 0, 1, 1, 1, 0, 1, 1, 0, 1, 1, 1, 0, 1, 0]
Fitness: 1367.876978 	[1, 4, 0, 2, 11, 5, 0, 13, 6, 0, 3, 9, 10, 15, 12, 8, 7, 14, 0, 1, 0, 1, 1, 1, 0, 1, 1, 0, 1, 0, 1, 1, 1, 0]
Fitness: 1365.097925 	[1, 4, 0, 2, 11, 5, 0, 3, 7, 15, 8, 9, 10, 12, 6, 0, 14, 13, 0, 1, 0, 1, 1, 1, 0, 1, 1, 0, 1, 0, 1, 1, 1, 0]
Fitness: 1367.876978 	[1, 4, 0, 2, 11, 5, 0, 13, 6, 0, 14, 3, 7, 8, 9, 10, 12, 15, 0, 1, 0, 1, 1, 1, 0, 1, 1, 0, 1, 1, 1, 0, 1, 0]
Fitness: 1365.097925 	[1, 4, 0, 5, 11, 2, 0, 3, 7, 15, 8, 9, 10, 12, 6, 0, 14, 13, 0, 1, 0, 1, 1, 1, 0, 1, 1, 0, 1, 0, 1, 1, 1, 0]
Fitness: 1367.876978 	[1, 4, 0, 2, 11, 5, 0, 13, 6, 0, 3, 9, 10, 15, 12, 8, 7, 14, 0, 1, 0, 1, 1, 1, 0, 1, 1, 0, 1, 1, 1, 0, 1, 0]
Fitness: 1365.097925 	[1, 4, 0, 3, 7, 15, 8, 9, 10, 12, 6, 0, 5, 11, 2, 0, 13, 14, 0, 1, 0, 1, 1, 1, 0, 1, 1, 0, 1, 0, 1, 1, 1, 0]
Fitness: 1367.876978 	[1, 4, 0, 2, 11, 5, 0, 13, 6, 0, 3, 9, 10, 15, 12, 8, 7, 14, 0, 1, 0, 1, 1, 1, 0, 1, 1, 0, 1, 1, 1, 0, 1, 0]
Fitness: 1367.876978 	[1, 4, 0, 2, 11, 5, 0, 13, 6, 0, 3, 9, 10, 15, 12, 8, 7, 14, 0, 1, 0, 1, 1, 1, 0, 1, 1, 0, 1, 1, 1, 0, 1, 0]
Fitness: 1367.876978 	[1, 4, 0, 3, 9, 10, 15, 12, 8, 7, 14, 0, 13, 6, 0, 2, 11, 5, 0, 1, 0, 1, 1, 1, 0, 1, 1, 0, 1, 1, 1, 0, 1, 0]
Fitness: 1367.876978 	[13, 6, 0, 2, 11, 5, 0, 1, 4, 0, 3, 9, 10, 15, 12, 8, 7, 14, 0, 1, 0, 1, 1, 1, 0, 1, 1, 0, 1, 1, 1, 0, 1, 0]
Fitness: 1365.097925 	[1, 4, 0, 2, 11, 5, 0, 3, 7, 15, 8, 9, 10, 12, 6, 0, 14, 13, 0, 1, 0, 1, 1, 1, 0, 1, 1, 0, 1, 0, 1, 1, 1, 0]
Fitness: 1367.876978 	[1, 4, 0, 13, 6, 0, 2, 11, 5, 0, 3, 9, 10, 15, 12, 8, 7, 14, 0, 1, 0, 1, 1, 1, 0, 1, 1, 0, 1, 1, 1, 0, 1, 0]
Fitness: 1367.876978 	[1, 4, 0, 2, 11, 5, 0, 13, 6, 0, 3, 9, 10, 15, 12, 8, 7, 14, 0, 1, 0, 1, 1, 1, 0, 1, 1, 0, 1, 1, 1, 0, 1, 0]
Fitness: 1367.876978 	[1, 4, 0, 2, 11, 5, 0, 13, 6, 0, 3, 9, 10, 15, 12, 8, 7, 14, 0, 1, 0, 1, 1, 1, 0, 1, 1, 0, 1, 1, 1, 0, 1, 0]
Fitness: 1367.876978 	[1, 4, 0, 2, 11, 5, 0, 13, 6, 0, 3, 9, 10, 15, 12, 8, 7, 14, 0, 1, 0, 1, 1, 1, 0, 1, 1, 0, 1, 1, 1, 0, 1, 0]
Fitness: 1365.097925 	[1, 4, 0, 13, 14, 0, 3, 7, 15, 8, 9, 10, 12, 6, 0, 5, 11, 2, 0, 1, 0, 1, 1, 1, 0, 1, 1, 0, 1, 1, 0, 1, 1, 0]
Fitness: 1367.876978 	[1, 4, 0, 2, 11, 5, 0, 13, 6, 0, 3, 9, 10, 15, 12, 8, 7, 14, 0, 1, 0, 1, 1, 1, 0, 1, 1, 0, 1, 1, 1, 0, 1, 0]
Fitness: 1365.097925 	[13, 6, 0, 1, 4, 0, 5, 11, 2, 0, 3, 9, 10, 15, 12, 8, 7, 14, 0, 1, 0, 1, 1, 1, 0, 1, 1, 1, 0, 1, 0, 1, 1, 0]
Fitness: 1367.876978 	[1, 4, 0, 2, 11, 5, 0, 13, 6, 0, 3, 9, 10, 15, 12, 8, 7, 14, 0, 1, 0, 1, 1, 1, 0, 1, 1, 0, 1, 1, 1, 0, 1, 0]
Fitness: 1367.876978 	[1, 4, 0, 2, 11, 5, 0, 13, 6, 0, 3, 9, 10, 15, 12, 8, 7, 14, 0, 1, 0, 1, 1, 1, 0, 1, 1, 0, 1, 1, 1, 0, 1, 0]
Fitness: 1367.876978 	[1, 4, 0, 3, 7, 8, 0, 2, 11, 5, 0, 13, 6, 9, 10, 12, 14, 15, 0, 1, 0, 1, 1, 1, 0, 1, 1, 0, 1, 1, 1, 0, 1, 0]
Fitness: 1367.876978 	[1, 4, 0, 2, 11, 5, 0, 13, 6, 0, 14, 3, 7, 8, 9, 10, 12, 15, 0, 1, 0, 1, 1, 1, 0, 1, 1, 0, 1, 1, 1, 0, 1, 0]
Fitness: 1367.876978 	[1, 4, 0, 2, 11, 5, 0, 13, 6, 0, 3, 9, 10, 15, 12, 8, 7, 14, 0, 1, 0, 1, 1, 1, 0, 1, 1, 0, 1, 1, 1, 0, 1, 0]
Fitness: 1367.876978 	[13, 6, 0, 2, 11, 5, 0, 1, 4, 0, 3, 9, 10, 15, 12, 8, 7, 14, 0, 1, 0, 1, 1, 1, 0, 1, 1, 0, 1, 1, 1, 0, 1, 0]
Fitness: 1365.097925 	[1, 4, 0, 5, 11, 2, 0, 3, 7, 15, 8, 9, 10, 12, 6, 0, 14, 13, 0, 1, 0, 1, 1, 1, 0, 1, 1, 0, 1, 0, 1, 1, 1, 0]
Fitness: 1367.876978 	[1, 4, 0, 2, 11, 5, 0, 13, 6, 0, 3, 9, 10, 15, 12, 8, 7, 14, 0, 1, 0, 1, 1, 1, 0, 1, 1, 0, 1, 1, 1, 0, 1, 0]
Fitness: 1365.097925 	[1, 4, 0, 14, 13, 0, 5, 11, 2, 0, 3, 9, 10, 15, 12, 8, 7, 6, 0, 1, 0, 1, 1, 1, 0, 1, 1, 0, 1, 0, 1, 1, 1, 0]
Fitness: 1367.876978 	[1, 4, 0, 2, 11, 5, 0, 13, 6, 0, 14, 3, 7, 8, 9, 10, 12, 15, 0, 1, 0, 1, 1, 1, 0, 1, 1, 0, 1, 1, 1, 0, 1, 0]
Fitness: 1367.876978 	[13, 6, 0, 2, 11, 5, 0, 1, 4, 0, 3, 9, 10, 15, 12, 8, 7, 14, 0, 1, 0, 1, 1, 1, 0, 1, 1, 0, 1, 1, 1, 0, 1, 0]
Fitness: 1367.876978 	[1, 4, 0, 2, 11, 5, 0, 13, 6, 0, 3, 9, 10, 15, 12, 8, 7, 14, 0, 1, 0, 1, 1, 1, 0, 1, 1, 0, 1, 1, 1, 0, 1, 0]
Fitness: 1367.876978 	[2, 11, 0, 13, 6, 0, 1, 4, 0, 3, 9, 10, 15, 12, 8, 7, 14, 5, 0, 1, 0, 1, 1, 1, 0, 1, 1, 0, 1, 1, 1, 0, 1, 0]
Fitness: 1367.876978 	[1, 4, 0, 2, 11, 5, 0, 13, 6, 0, 3, 9, 10, 15, 12, 8, 7, 14, 0, 1, 0, 1, 1, 1, 0, 1, 1, 0, 1, 1, 1, 0, 1, 0]
Fitness: 1365.097925 	[13, 14, 0, 2, 11, 5, 0, 3, 7, 15, 8, 9, 10, 12, 6, 0, 1, 4, 0, 1, 0, 1, 1, 1, 0, 1, 1, 0, 1, 0, 1, 1, 1, 0]
Fitness: 1367.876978 	[13, 1, 0, 4, 6, 0, 2, 11, 5, 0, 3, 9, 10, 15, 12, 8, 7, 14, 0, 1, 0, 1, 1, 1, 0, 1, 1, 0, 1, 1, 1, 0, 1, 0]
Fitness: 1367.876978 	[1, 4, 0, 2, 11, 5, 0, 13, 6, 0, 3, 9, 10, 15, 12, 8, 7, 14, 0, 1, 0, 1, 1, 1, 0, 1, 1, 0, 1, 1, 1, 0, 1, 0]
Fitness: 1367.876978 	[1, 4, 0, 2, 11, 5, 0, 13, 6, 0, 3, 9, 10, 15, 12, 8, 7, 14, 0, 1, 0, 1, 1, 1, 0, 1, 1, 0, 1, 1, 1, 0, 1, 0]
Fitness: 1367.876978 	[13, 6, 0, 2, 11, 5, 0, 1, 4, 0, 3, 9, 10, 15, 12, 8, 7, 14, 0, 1, 0, 1, 1, 1, 0, 1, 1, 0, 1, 1, 1, 0, 1, 0]
Fitness: 1367.876978 	[1, 4, 0, 2, 11, 5, 0, 13, 6, 0, 3, 9, 10, 15, 12, 8, 7, 14, 0, 1, 0, 1, 1, 1, 0, 1, 1, 0, 1, 1, 1, 0, 1, 0]
Fitness: 1365.097925 	[1, 4, 0, 5, 11, 2, 0, 3, 7, 15, 8, 9, 10, 12, 6, 0, 14, 13, 0, 1, 0, 1, 1, 1, 0, 1, 1, 0, 1, 0, 1, 1, 1, 0]
Fitness: 1367.876978 	[13, 6, 0, 5, 11, 2, 0, 1, 4, 0, 3, 9, 10, 15, 12, 8, 7, 14, 0, 1, 0, 1, 1, 1, 0, 1, 1, 0, 1, 1, 1, 0, 1, 0]
Fitness: 1367.876978 	[1, 4, 0, 2, 11, 5, 0, 13, 6, 0, 3, 9, 10, 15, 12, 8, 7, 14, 0, 1, 0, 1, 1, 1, 0, 1, 1, 0, 1, 1, 1, 0, 1, 0]
Fitness: 1365.097925 	[1, 4, 0, 5, 11, 2, 0, 3, 7, 15, 8, 9, 10, 12, 6, 0, 14, 13, 0, 1, 0, 1, 1, 1, 0, 1, 1, 0, 1, 0, 1, 1, 1, 0]
Fitness: 1367.876978 	[1, 4, 0, 13, 6, 0, 3, 7, 15, 8, 9, 10, 12, 2, 0, 14, 11, 5, 0, 1, 0, 1, 1, 1, 0, 1, 1, 0, 1, 1, 1, 0, 1, 0]
Fitness: 1367.876978 	[1, 4, 0, 2, 11, 5, 0, 13, 6, 0, 3, 9, 10, 15, 12, 8, 7, 14, 0, 1, 0, 1, 1, 1, 0, 1, 1, 0, 1, 1, 1, 0, 1, 0]
Fitness: 1367.876978 	[13, 6, 0, 2, 11, 5, 0, 1, 4, 0, 3, 9, 10, 15, 12, 8, 7, 14, 0, 1, 0, 1, 1, 1, 0, 1, 1, 0, 1, 1, 1, 0, 1, 0]
Fitness: 1367.876978 	[1, 3, 0, 4, 7, 8, 0, 2, 11, 5, 0, 13, 6, 9, 10, 12, 14, 15, 0, 1, 0, 1, 1, 1, 0, 1, 1, 0, 1, 1, 1, 0, 1, 0]
Fitness: 1367.876978 	[13, 6, 0, 2, 11, 5, 0, 1, 4, 0, 3, 9, 10, 15, 12, 8, 7, 14, 0, 1, 0, 1, 1, 1, 0, 1, 1, 0, 1, 1, 1, 0, 1, 0]
Fitness: 1367.876978 	[1, 4, 0, 2, 11, 5, 0, 13, 6, 0, 3, 9, 10, 15, 12, 8, 7, 14, 0, 1, 0, 1, 1, 1, 0, 1, 1, 0, 1, 1, 1, 0, 1, 0]
Fitness: 1367.876978 	[2, 5, 0, 3, 9, 10, 15, 12, 8, 7, 14, 0, 1, 4, 0, 6, 11, 13, 0, 1, 0, 1, 1, 1, 0, 1, 1, 0, 1, 1, 1, 0, 1, 0]
Fitness: 1367.876978 	[13, 6, 0, 2, 11, 5, 0, 1, 4, 0, 3, 9, 10, 15, 12, 8, 7, 14, 0, 1, 0, 1, 1, 1, 0, 1, 1, 0, 1, 1, 1, 0, 1, 0]
Fitness: 1367.876978 	[1, 4, 0, 2, 11, 5, 0, 13, 6, 0, 3, 9, 10, 15, 12, 8, 7, 14, 0, 1, 0, 1, 1, 1, 0, 1, 1, 0, 1, 1, 1, 0, 1, 0]
Fitness: 1367.876978 	[3, 7, 0, 2, 11, 5, 0, 1, 4, 0, 13, 6, 8, 9, 10, 12, 14, 15, 0, 1, 0, 1, 1, 1, 0, 1, 1, 0, 1, 1, 1, 0, 1, 0]
Fitness: 1365.097925 	[1, 4, 0, 2, 11, 5, 0, 3, 7, 15, 8, 10, 12, 6, 0, 14, 13, 9, 0, 1, 0, 1, 1, 1, 1, 1, 1, 0, 1, 0, 1, 0, 1, 0]
Fitness: 1367.876978 	[1, 4, 0, 2, 11, 0, 13, 6, 5, 0, 3, 9, 10, 15, 12, 8, 7, 14, 0, 1, 0, 1, 1, 1, 0, 1, 1, 0, 1, 1, 1, 1, 0, 0]
Fitness: 1367.876978 	[13, 6, 4, 0, 2, 11, 5, 0, 1, 0, 3, 9, 10, 15, 12, 8, 7, 14, 0, 1, 0, 1, 0, 1, 0, 1, 1, 0, 1, 1, 1, 1, 1, 0]
Fitness: 1367.876978 	[1, 4, 6, 0, 2, 11, 5, 0, 13, 0, 3, 9, 10, 15, 12, 8, 7, 14, 0, 1, 1, 1, 1, 1, 0, 1, 1, 0, 1, 0, 1, 0, 1, 0]
Fitness: 1365.097925 	[1, 0, 5, 11, 2, 0, 3, 7, 15, 8, 9, 10, 12, 6, 0, 14, 13, 4, 0, 1, 0, 1, 1, 1, 0, 1, 1, 0, 1, 1, 1, 1, 0, 0]
Fitness: 1367.876978 	[13, 6, 0, 2, 11, 5, 4, 0, 1, 0, 3, 9, 10, 15, 12, 8, 7, 14, 0, 1, 0, 1, 0, 1, 0, 1, 1, 1, 1, 1, 1, 0, 1, 0]
Fitness: 1367.876978 	[13, 6, 0, 2, 11, 5, 1, 0, 4, 0, 3, 9, 10, 15, 12, 8, 7, 14, 0, 1, 1, 0, 1, 1, 0, 1, 1, 0, 1, 1, 1, 0, 1, 0]
Fitness: 1367.876978 	[2, 3, 11, 0, 5, 14, 0, 13, 6, 0, 1, 4, 7, 8, 9, 10, 12, 15, 0, 1, 1, 1, 1, 1, 0, 1, 1, 0, 1, 1, 1, 0, 0, 0]
Fitness: 1367.876978 	[13, 6, 15, 0, 2, 11, 5, 0, 1, 4, 0, 3, 9, 10, 12, 8, 7, 14, 0, 1, 0, 1, 0, 1, 1, 1, 1, 0, 1, 1, 1, 0, 1, 0]
Fitness: 1367.876978 	[4, 0, 2, 11, 5, 1, 0, 13, 6, 0, 3, 9, 10, 15, 12, 8, 7, 14, 0, 1, 0, 1, 0, 1, 0, 1, 1, 1, 1, 1, 1, 0, 1, 0]
Fitness: 1367.876978 	[1, 4, 0, 2, 11, 5, 0, 13, 0, 14, 3, 7, 8, 9, 10, 12, 15, 6, 0, 1, 0, 1, 1, 1, 0, 1, 1, 0, 1, 1, 1, 1, 0, 0]
Fitness: 1365.097925 	[1, 4, 0, 13, 14, 0, 3, 7, 15, 8, 9, 10, 12, 6, 2, 0, 5, 11, 0, 1, 0, 1, 1, 1, 0, 1, 1, 1, 0, 0, 1, 1, 1, 0]
Fitness: 1367.876978 	[1, 4, 0, 3, 9, 10, 15, 12, 8, 7, 14, 0, 13, 6, 5, 0, 2, 11, 0, 1, 0, 1, 1, 1, 1, 1, 1, 0, 1, 0, 1, 0, 1, 0]
Fitness: 1367.876978 	[1, 4, 0, 2, 11, 0, 13, 6, 0, 3, 9, 10, 15, 12, 8, 7, 14, 5, 0, 1, 0, 1, 0, 1, 0, 1, 1, 0, 1, 1, 1, 1, 1, 0]
Fitness: 1367.876978 	[11, 0, 13, 6, 0, 1, 4, 0, 3, 9, 10, 15, 12, 8, 7, 14, 5, 2, 0, 1, 0, 0, 1, 1, 1, 1, 1, 0, 1, 1, 1, 0, 1, 0]
Fitness: 1367.876978 	[13, 6, 0, 5, 2, 0, 1, 4, 11, 0, 3, 9, 10, 15, 12, 8, 7, 14, 0, 1, 1, 0, 1, 1, 0, 1, 1, 0, 1, 1, 1, 0, 1, 0]
Fitness: 1367.876978 	[13, 6, 2, 0, 11, 5, 0, 1, 4, 0, 3, 9, 10, 15, 12, 8, 7, 14, 0, 1, 0, 1, 1, 0, 0, 1, 1, 1, 1, 1, 1, 0, 1, 0]
Fitness: 1367.876978 	[1, 4, 10, 0, 2, 11, 5, 0, 13, 6, 0, 3, 9, 15, 12, 8, 7, 14, 0, 1, 0, 1, 1, 1, 0, 1, 1, 0, 1, 1, 0, 1, 1, 0]
Fitness: 1365.097925 	[1, 0, 2, 11, 5, 0, 3, 7, 15, 8, 9, 10, 12, 6, 4, 0, 14, 13, 0, 1, 0, 1, 1, 1, 0, 1, 1, 1, 1, 0, 1, 0, 1, 0]
Fitness: 1367.876978 	[4, 0, 2, 11, 5, 0, 13, 6, 0, 3, 9, 10, 15, 12, 8, 7, 14, 1, 0, 0, 0, 1, 1, 1, 0, 1, 1, 0, 1, 1, 1, 1, 1, 0]
Fitness: 1365.097925 	[1, 4, 2, 0, 5, 11, 0, 3, 7, 15, 8, 9, 10, 12, 6, 0, 14, 13, 0, 1, 0, 1, 1, 1, 1, 1, 1, 0, 1, 0, 1, 1, 0, 0]
Fitness: 1367.876978 	[13, 1, 0, 4, 6, 5, 0, 2, 11, 0, 3, 9, 10, 15, 12, 8, 7, 14, 0, 1, 0, 1, 1, 1, 0, 1, 0, 0, 1, 1, 1, 1, 1, 0]
Fitness: 1367.876978 	[13, 6, 0, 2, 11, 5, 4, 0, 1, 0, 3, 9, 10, 15, 12, 8, 7, 14, 0, 1, 0, 1, 1, 1, 0, 1, 0, 1, 1, 1, 1, 0, 1, 0]
Fitness: 1367.876978 	[4, 0, 2, 11, 5, 1, 0, 13, 6, 0, 3, 9, 10, 15, 12, 8, 7, 14, 0, 1, 0, 1, 1, 1, 0, 1, 1, 0, 0, 1, 1, 1, 1, 0]
Fitness: 1365.097925 	[1, 0, 2, 11, 5, 0, 3, 7, 15, 8, 9, 10, 12, 6, 4, 0, 14, 13, 0, 1, 0, 1, 1, 1, 0, 1, 1, 0, 1, 1, 0, 1, 1, 0]
Fitness: 1367.876978 	[13, 0, 2, 11, 5, 0, 1, 4, 0, 3, 9, 10, 15, 12, 8, 7, 14, 6, 0, 1, 0, 1, 1, 1, 1, 1, 0, 0, 1, 1, 1, 0, 1, 0]
Fitness: 1367.876978 	[1, 4, 0, 2, 5, 0, 13, 6, 11, 0, 3, 9, 10, 15, 12, 8, 7, 14, 0, 0, 1, 1, 1, 1, 0, 1, 1, 0, 1, 1, 1, 0, 1, 0]
Fitness: 1365.097925 	[13, 14, 0, 2, 11, 5, 0, 3, 7, 15, 8, 9, 12, 6, 0, 1, 4, 10, 0, 0, 1, 1, 1, 1, 0, 1, 1, 0, 1, 0, 1, 1, 1, 0]
Fitness: 1367.876978 	[1, 4, 0, 2, 11, 5, 13, 0, 6, 0, 3, 9, 10, 15, 12, 8, 7, 14, 0, 0, 1, 1, 1, 1, 0, 1, 1, 0, 1, 1, 1, 0, 1, 0]
Fitness: 1367.876978 	[1, 4, 0, 2, 11, 5, 0, 13, 6, 14, 0, 3, 9, 10, 15, 12, 8, 7, 0, 1, 0, 1, 1, 0, 0, 1, 1, 0, 1, 1, 1, 1, 1, 0]
Fitness: 1365.097925 	[1, 4, 0, 5, 11, 2, 14, 0, 3, 7, 15, 8, 9, 10, 12, 6, 0, 13, 0, 0, 0, 1, 1, 1, 0, 1, 1, 1, 1, 0, 1, 1, 1, 0]
Fitness: 1365.097925 	[4, 0, 5, 11, 2, 0, 3, 7, 15, 8, 9, 10, 12, 6, 0, 14, 13, 1, 0, 1, 1, 1, 1, 1, 0, 0, 1, 0, 1, 0, 1, 1, 1, 0]
Fitness: 1367.876978 	[1, 4, 6, 0, 2, 11, 5, 0, 13, 0, 3, 9, 10, 15, 12, 8, 7, 14, 0, 1, 0, 1, 1, 1, 1, 1, 0, 0, 1, 1, 1, 0, 1, 0]
Fitness: 1367.876978 	[3, 7, 6, 0, 2, 11, 5, 0, 1, 4, 0, 13, 8, 9, 10, 12, 14, 15, 0, 1, 0, 1, 1, 0, 0, 1, 1, 0, 1, 1, 1, 1, 1, 0]
Fitness: 1365.097925 	[1, 0, 5, 11, 2, 4, 0, 3, 7, 15, 8, 9, 10, 12, 6, 0, 14, 13, 0, 1, 0, 1, 1, 1, 0, 1, 1, 0, 1, 1, 1, 0, 1, 0]
Fitness: 1367.876978 	[1, 4, 0, 2, 11, 5, 0, 13, 6, 10, 0, 3, 9, 15, 12, 8, 7, 14, 0, 1, 1, 1, 1, 1, 0, 1, 1, 0, 0, 1, 1, 0, 1, 0]
Fitness: 1367.876978 	[1, 4, 6, 0, 2, 11, 5, 0, 13, 0, 3, 9, 10, 15, 12, 8, 7, 14, 0, 1, 0, 1, 1, 1, 0, 0, 1, 0, 1, 1, 1, 1, 1, 0]
Fitness: 1365.097925 	[1, 4, 0, 11, 5, 0, 3, 7, 15, 8, 9, 10, 12, 6, 2, 0, 14, 13, 0, 1, 0, 1, 1, 1, 0, 1, 1, 0, 1, 1, 1, 0, 1, 0]
Fitness: 1367.876978 	[4, 0, 2, 11, 5, 1, 0, 13, 6, 0, 3, 9, 10, 15, 12, 8, 7, 14, 0, 1, 0, 1, 1, 1, 1, 1, 1, 0, 1, 1, 0, 0, 1, 0]
Fitness: 1367.876978 	[1, 4, 8, 0, 2, 11, 5, 0, 13, 6, 0, 3, 9, 10, 15, 12, 7, 14, 0, 0, 0, 1, 1, 1, 1, 1, 1, 0, 1, 1, 1, 0, 1, 0]
Fitness: 1367.876978 	[9, 10, 15, 12, 8, 7, 14, 0, 1, 4, 3, 0, 13, 6, 0, 2, 11, 5, 0, 1, 0, 1, 1, 1, 1, 1, 1, 0, 0, 1, 1, 0, 1, 0]
Fitness: 1367.876978 	[13, 6, 7, 0, 2, 11, 5, 0, 1, 4, 0, 3, 9, 10, 15, 12, 8, 14, 0, 1, 0, 1, 1, 1, 0, 1, 1, 0, 1, 1, 0, 1, 1, 0]
Fitness: 1365.097925 	[1, 4, 7, 0, 2, 11, 5, 0, 3, 15, 8, 9, 10, 12, 6, 0, 14, 13, 0, 1, 0, 1, 1, 1, 1, 1, 0, 0, 1, 0, 1, 1, 1, 0]
Fitness: 1367.876978 	[1, 4, 0, 2, 11, 0, 13, 6, 5, 0, 3, 9, 10, 15, 12, 8, 7, 14, 0, 1, 0, 0, 1, 1, 0, 1, 1, 0, 1, 1, 1, 1, 1, 0]
Fitness: 1365.097925 	[1, 4, 0, 5, 11, 2, 14, 0, 3, 7, 15, 8, 9, 10, 12, 6, 0, 13, 0, 1, 0, 1, 1, 1, 1, 1, 0, 0, 1, 0, 1, 1, 1, 0]
Fitness: 1367.876978 	[13, 6, 0, 2, 11, 5, 1, 0, 4, 0, 3, 9, 10, 15, 12, 8, 7, 14, 0, 1, 0, 1, 1, 1, 1, 1, 1, 0, 0, 1, 1, 0, 1, 0]
Fitness: 1367.876978 	[1, 4, 5, 0, 2, 11, 0, 13, 6, 0, 3, 9, 10, 15, 12, 8, 7, 14, 0, 0, 1, 1, 1, 1, 0, 1, 1, 0, 1, 1, 1, 0, 1, 0]
Fitness: 1365.097925 	[1, 4, 15, 0, 2, 11, 5, 0, 3, 7, 8, 9, 10, 12, 6, 0, 14, 13, 0, 1, 0, 1, 1, 1, 0, 1, 1, 1, 1, 0, 0, 1, 1, 0]
Fitness: 1365.097925 	[1, 0, 13, 14, 0, 3, 7, 15, 8, 9, 10, 12, 6, 4, 0, 5, 11, 2, 0, 0, 0, 1, 1, 1, 0, 1, 1, 1, 0, 1, 1, 1, 1, 0]
Fitness: 1365.097925 	[1, 4, 0, 11, 5, 0, 3, 7, 15, 8, 9, 10, 12, 6, 0, 14, 13, 2, 0, 1, 0, 1, 1, 1, 1, 1, 1, 0, 1, 0, 1, 0, 1, 0]
Fitness: 1365.097925 	[14, 13, 0, 5, 11, 2, 0, 3, 7, 15, 8, 9, 10, 12, 6, 0, 1, 4, 0, 1, 0, 1, 1, 1, 0, 1, 1, 0, 1, 0, 1, 1, 1, 0]
Fitness: 1367.876978 	[1, 4, 0, 13, 6, 0, 2, 11, 5, 0, 3, 9, 10, 15, 12, 8, 7, 14, 0, 1, 0, 1, 1, 1, 0, 1, 1, 0, 1, 1, 1, 0, 1, 0]
Fitness: 1367.876978 	[2, 11, 5, 0, 13, 6, 0, 1, 4, 0, 3, 9, 10, 15, 12, 8, 7, 14, 0, 1, 0, 1, 1, 1, 0, 1, 1, 0, 1, 1, 1, 0, 1, 0]
Fitness: 1367.876978 	[1, 4, 0, 2, 5, 0, 3, 9, 10, 15, 12, 8, 7, 14, 0, 13, 6, 11, 0, 0, 1, 1, 1, 1, 0, 1, 1, 0, 1, 1, 1, 0, 1, 0]
Fitness: 1367.876978 	[2, 11, 5, 0, 1, 4, 0, 13, 6, 0, 3, 9, 10, 15, 12, 8, 7, 14, 0, 1, 0, 1, 1, 1, 0, 1, 1, 0, 1, 1, 1, 0, 1, 0]
Fitness: 1367.876978 	[1, 4, 0, 14, 3, 7, 8, 9, 10, 12, 15, 0, 13, 6, 0, 2, 11, 5, 0, 1, 0, 1, 1, 1, 0, 1, 1, 0, 1, 1, 1, 0, 1, 0]
Fitness: 1365.097925 	[14, 13, 0, 2, 11, 5, 0, 3, 7, 15, 8, 9, 10, 12, 6, 0, 1, 4, 0, 1, 0, 1, 1, 1, 0, 1, 1, 0, 1, 0, 1, 1, 1, 0]
Fitness: 1365.097925 	[14, 13, 0, 5, 11, 2, 0, 3, 7, 15, 8, 9, 10, 12, 6, 0, 1, 4, 0, 1, 0, 1, 1, 1, 0, 1, 1, 0, 1, 0, 1, 1, 1, 0]
Fitness: 1367.876978 	[13, 6, 0, 2, 11, 5, 0, 1, 4, 0, 3, 9, 10, 15, 12, 8, 7, 14, 0, 1, 0, 1, 1, 1, 0, 1, 1, 0, 1, 1, 1, 0, 1, 0]
Fitness: 1367.876978 	[4, 6, 0, 13, 1, 0, 2, 11, 5, 0, 3, 9, 10, 15, 12, 8, 7, 14, 0, 1, 0, 1, 1, 1, 0, 1, 1, 0, 1, 1, 1, 0, 1, 0]
Fitness: 1367.876978 	[13, 6, 0, 2, 11, 5, 0, 1, 4, 0, 3, 9, 10, 15, 12, 8, 7, 14, 0, 1, 0, 1, 1, 1, 0, 1, 1, 0, 1, 1, 1, 0, 1, 0]
Fitness: 1367.876978 	[3, 7, 6, 0, 13, 8, 9, 10, 12, 14, 15, 0, 1, 4, 0, 2, 11, 5, 0, 1, 0, 1, 1, 0, 0, 1, 1, 0, 1, 1, 1, 1, 1, 0]
Fitness: 1367.876978 	[2, 11, 0, 5, 13, 6, 0, 3, 9, 10, 15, 12, 8, 7, 14, 0, 1, 4, 0, 1, 0, 1, 1, 1, 0, 1, 1, 0, 1, 1, 1, 0, 1, 0]
Fitness: 1367.876978 	[1, 4, 0, 3, 9, 10, 15, 12, 8, 7, 14, 0, 13, 6, 0, 2, 11, 5, 0, 1, 0, 1, 1, 1, 0, 1, 1, 0, 1, 1, 1, 0, 1, 0]
Fitness: 1365.097925 	[1, 4, 0, 3, 7, 15, 8, 9, 10, 12, 6, 0, 5, 11, 2, 14, 0, 13, 0, 1, 0, 1, 1, 1, 1, 1, 0, 0, 1, 0, 1, 1, 1, 0]
Fitness: 1367.876978 	[1, 4, 0, 2, 11, 5, 0, 3, 9, 10, 15, 12, 8, 7, 14, 0, 13, 6, 0, 1, 0, 1, 1, 1, 0, 1, 1, 0, 1, 1, 1, 0, 1, 0]
Fitness: 1367.876978 	[3, 9, 10, 15, 12, 8, 7, 14, 0, 2, 11, 5, 0, 1, 4, 0, 13, 6, 0, 1, 0, 1, 1, 1, 0, 1, 1, 0, 1, 1, 1, 0, 1, 0]
Fitness: 1365.097925 	[1, 4, 0, 14, 13, 0, 3, 7, 15, 8, 9, 10, 12, 6, 0, 2, 11, 5, 0, 1, 0, 1, 1, 1, 0, 1, 1, 0, 1, 0, 1, 1, 1, 0]
Fitness: 1367.876978 	[1, 3, 0, 2, 11, 5, 0, 4, 7, 8, 0, 13, 6, 9, 10, 12, 14, 15, 0, 1, 0, 1, 1, 1, 0, 1, 1, 0, 1, 1, 1, 0, 1, 0]
Fitness: 1367.876978 	[1, 4, 0, 13, 6, 0, 2, 11, 5, 0, 3, 9, 10, 15, 12, 8, 7, 14, 0, 1, 0, 1, 1, 1, 0, 1, 1, 0, 1, 1, 1, 0, 1, 0]
Fitness: 1367.876978 	[3, 9, 10, 15, 12, 8, 7, 14, 0, 2, 11, 5, 0, 1, 4, 0, 13, 6, 0, 1, 0, 1, 1, 1, 0, 1, 1, 0, 1, 1, 1, 0, 1, 0]
Fitness: 1365.097925 	[4, 0, 5, 11, 2, 0, 14, 13, 1, 0, 3, 7, 15, 8, 9, 10, 12, 6, 0, 1, 1, 1, 1, 1, 0, 0, 1, 0, 1, 0, 1, 1, 1, 0]
Fitness: 1367.876978 	[13, 6, 0, 3, 9, 10, 15, 12, 8, 7, 14, 0, 1, 4, 0, 2, 11, 5, 0, 1, 0, 1, 1, 1, 0, 1, 1, 0, 1, 1, 1, 0, 1, 0]
Fitness: 1367.876978 	[2, 11, 5, 0, 1, 4, 0, 13, 6, 0, 3, 9, 10, 15, 12, 8, 7, 14, 0, 1, 0, 1, 1, 1, 0, 1, 1, 0, 1, 1, 1, 0, 1, 0]
Fitness: 1367.876978 	[13, 6, 0, 2, 11, 5, 4, 0, 3, 9, 10, 15, 12, 8, 7, 14, 0, 1, 0, 1, 0, 1, 0, 1, 0, 1, 1, 1, 1, 1, 1, 0, 1, 0]
Fitness: 1367.876978 	[4, 0, 2, 11, 5, 1, 0, 13, 6, 0, 3, 9, 10, 15, 12, 8, 7, 14, 0, 1, 0, 1, 1, 1, 1, 1, 1, 0, 0, 1, 1, 0, 1, 0]
Fitness: 1367.876978 	[3, 9, 10, 15, 12, 8, 7, 14, 0, 2, 11, 5, 0, 13, 0, 1, 4, 6, 0, 1, 0, 1, 1, 1, 0, 0, 1, 0, 1, 1, 1, 1, 1, 0]
Fitness: 1367.876978 	[1, 4, 0, 3, 9, 10, 15, 12, 8, 7, 14, 0, 13, 6, 0, 2, 11, 5, 0, 1, 0, 1, 1, 1, 0, 1, 1, 0, 1, 1, 1, 0, 1, 0]
Fitness: 1367.876978 	[3, 7, 0, 1, 4, 0, 2, 11, 5, 0, 13, 6, 8, 9, 10, 12, 14, 15, 0, 1, 0, 1, 1, 1, 0, 1, 1, 0, 1, 1, 1, 0, 1, 0]
Fitness: 1365.097925 	[3, 7, 15, 8, 9, 10, 12, 6, 0, 2, 11, 5, 0, 1, 4, 0, 14, 13, 0, 1, 0, 1, 1, 1, 0, 1, 1, 0, 1, 0, 1, 1, 1, 0]
Fitness: 1367.876978 	[2, 11, 5, 0, 13, 6, 0, 1, 4, 0, 3, 9, 10, 15, 12, 8, 7, 14, 0, 1, 0, 1, 1, 1, 0, 1, 1, 0, 1, 1, 1, 0, 1, 0]
Fitness: 1367.876978 	[2, 11, 5, 0, 1, 4, 0, 13, 6, 0, 3, 9, 10, 15, 12, 8, 7, 14, 0, 1, 0, 1, 1, 1, 0, 1, 1, 0, 1, 1, 1, 0, 1, 0]
Fitness: 1365.097925 	[1, 4, 0, 13, 0, 3, 7, 15, 8, 9, 10, 12, 6, 0, 5, 11, 2, 14, 0, 0, 0, 1, 1, 1, 0, 1, 1, 1, 1, 0, 1, 1, 1, 0]
Fitness: 1367.876978 	[1, 4, 0, 3, 9, 10, 15, 12, 8, 7, 14, 0, 13, 6, 0, 2, 11, 5, 0, 1, 0, 1, 1, 1, 0, 1, 1, 0, 1, 1, 1, 0, 1, 0]
Fitness: 1367.876978 	[1, 4, 0, 2, 11, 5, 0, 13, 6, 0, 3, 9, 10, 15, 12, 8, 7, 14, 0, 1, 0, 1, 1, 1, 0, 1, 1, 0, 1, 1, 1, 0, 1, 0]
Fitness: 1367.876978 	[3, 9, 10, 15, 12, 8, 7, 14, 0, 13, 6, 0, 1, 4, 0, 2, 11, 5, 0, 1, 0, 1, 1, 1, 0, 1, 1, 0, 1, 1, 1, 0, 1, 0]
Fitness: 1367.876978 	[1, 4, 6, 0, 2, 11, 5, 0, 3, 9, 10, 15, 12, 8, 7, 14, 0, 13, 0, 1, 1, 1, 1, 1, 0, 1, 1, 0, 1, 0, 1, 0, 1, 0]
Fitness: 1367.876978 	[1, 4, 0, 2, 11, 5, 0, 13, 6, 0, 3, 9, 10, 15, 12, 8, 7, 14, 0, 1, 0, 1, 1, 1, 0, 1, 1, 0, 1, 1, 1, 0, 1, 0]
Fitness: 1367.876978 	[1, 4, 0, 3, 9, 10, 15, 12, 8, 7, 14, 0, 13, 6, 0, 2, 11, 5, 0, 1, 0, 1, 1, 1, 0, 1, 1, 0, 1, 1, 1, 0, 1, 0]
Fitness: 1365.097925 	[1, 4, 7, 0, 14, 13, 0, 3, 15, 8, 9, 10, 12, 6, 0, 2, 11, 5, 0, 1, 0, 1, 1, 1, 1, 1, 0, 0, 1, 0, 1, 1, 1, 0]
Fitness: 1367.876978 	[2, 11, 5, 0, 1, 4, 0, 13, 6, 0, 3, 9, 10, 15, 12, 8, 7, 14, 0, 1, 0, 1, 1, 1, 0, 1, 1, 0, 1, 1, 1, 0, 1, 0]
Fitness: 1365.097925 	[1, 0, 3, 7, 15, 8, 9, 10, 12, 6, 4, 0, 2, 11, 5, 0, 14, 13, 0, 1, 0, 1, 1, 1, 0, 1, 1, 0, 1, 1, 0, 1, 1, 0]
Fitness: 1367.876978 	[1, 4, 7, 8, 9, 10, 11, 12, 15, 0, 5, 14, 0, 13, 6, 0, 2, 3, 0, 1, 0, 1, 1, 1, 0, 1, 1, 0, 1, 1, 1, 0, 1, 0]
Fitness: 1365.097925 	[13, 14, 0, 1, 4, 0, 3, 7, 15, 8, 9, 10, 12, 6, 0, 5, 11, 2, 0, 1, 0, 1, 1, 1, 0, 1, 1, 1, 0, 1, 0, 1, 1, 0]
Fitness: 1365.097925 	[1, 0, 14, 13, 0, 3, 7, 15, 8, 9, 10, 12, 6, 0, 5, 11, 2, 4, 0, 1, 0, 1, 1, 1, 0, 1, 1, 0, 1, 1, 1, 0, 1, 0]
Fitness: 1367.876978 	[2, 11, 5, 0, 13, 6, 0, 1, 4, 0, 3, 9, 10, 15, 12, 8, 7, 14, 0, 1, 0, 1, 1, 1, 0, 1, 1, 0, 1, 1, 1, 0, 1, 0]
Fitness: 1365.097925 	[1, 0, 2, 11, 5, 0, 14, 13, 0, 3, 7, 15, 8, 9, 10, 12, 6, 4, 0, 1, 0, 1, 1, 1, 0, 1, 1, 1, 1, 0, 1, 0, 1, 0]
Fitness: 1367.876978 	[3, 9, 10, 15, 12, 8, 7, 14, 0, 2, 11, 5, 0, 1, 4, 0, 13, 6, 0, 1, 0, 1, 1, 1, 0, 1, 1, 0, 1, 1, 1, 0, 1, 0]
Fitness: 1365.097925 	[2, 11, 5, 0, 1, 4, 0, 3, 7, 15, 8, 9, 10, 12, 6, 0, 14, 13, 0, 1, 0, 1, 1, 1, 0, 1, 1, 0, 1, 1, 1, 0, 1, 0]
Fitness: 1365.097925 	[5, 11, 2, 0, 1, 4, 0, 3, 7, 15, 8, 9, 10, 12, 6, 0, 14, 13, 0, 1, 0, 1, 1, 1, 0, 1, 1, 0, 1, 0, 1, 1, 1, 0]
Time: 0.41886