Fitness: 1224.388568 	[4, 0, 6, 14, 13, 0, 11, 9, 10, 5, 12, 8, 0, 1, 2, 3, 7, 15, 0, 1, 0, 1, 1, 1, 0, 1, 1, 1, 1, 0, 1, 0, 1, 0]
Fitness: 1224.388568 	[4, 0, 6, 14, 13, 0, 11, 9, 10, 5, 12, 8, 0, 1, 2, 3, 7, 15, 0, 1, 0, 1, 1, 1, 0, 1, 1, 1, 1, 0, 1, 0, 1, 0]
Fitness: 1203.073280 	[2, 7, 10, 9, 0, 11, 13, 1, 0, 5, 6, 0, 15, 3, 4, 8, 12, 14, 0, 1, 0, 1, 0, 1, 1, 0, 1, 1, 1, 1, 0, 1, 1, 0]
Fitness: 1201.004275 	[3, 1, 6, 0, 9, 4, 0, 5, 11, 14, 0, 7, 8, 2, 10, 12, 13, 15, 0, 0, 1, 1, 1, 1, 0, 1, 1, 0, 1, 1, 0, 1, 1, 0]
Fitness: 1200.317426 	[9, 4, 0, 5, 11, 14, 0, 10, 12, 7, 2, 13, 3, 8, 0, 15, 1, 6, 0, 0, 1, 1, 1, 1, 0, 1, 1, 0, 1, 1, 0, 1, 1, 0]
Fitness: 1200.317426 	[9, 4, 0, 15, 1, 6, 0, 5, 11, 14, 0, 10, 12, 7, 2, 13, 3, 8, 0, 0, 1, 1, 1, 1, 0, 1, 1, 0, 1, 1, 0, 1, 1, 0]
Fitness: 1200.317426 	[9, 4, 0, 15, 1, 6, 0, 5, 11, 14, 0, 10, 12, 7, 2, 13, 3, 8, 0, 0, 1, 1, 1, 1, 0, 1, 1, 0, 1, 1, 0, 1, 1, 0]
Fitness: 1200.317426 	[9, 4, 0, 10, 12, 7, 2, 13, 3, 8, 0, 5, 11, 14, 0, 15, 1, 6, 0, 0, 1, 1, 1, 1, 0, 1, 1, 0, 1, 1, 0, 1, 1, 0]
Fitness: 1200.317426 	[9, 4, 0, 10, 12, 7, 2, 13, 3, 8, 0, 5, 11, 14, 0, 15, 1, 6, 0, 0, 1, 1, 1, 1, 0, 1, 1, 0, 1, 1, 0, 1, 1, 0]
Fitness: 1200.317426 	[9, 4, 0, 10, 12, 7, 2, 13, 3, 8, 0, 5, 11, 14, 0, 15, 1, 6, 0, 0, 1, 1, 1, 1, 0, 1, 1, 0, 1, 1, 0, 1, 1, 0]
Fitness: 1200.317426 	[9, 4, 0, 10, 12, 7, 2, 13, 3, 8, 0, 5, 11, 14, 0, 15, 1, 6, 0, 0, 1, 1, 1, 1, 0, 1, 1, 0, 1, 1, 0, 1, 1, 0]
Fitness: 1186.316120 	[5, 11, 14, 0, 15, 1, 6, 0, 9, 4, 0, 10, 12, 7, 2, 13, 3, 8, 0, 0, 1, 1, 1, 1, 0, 1, 1, 0, 1, 1, 0, 1, 1, 0]
Fitness: 1184.415765 	[14, 9, 11, 0, 7, 8, 2, 10, 12, 13, 15, 0, 3, 1, 6, 0, 5, 4, 0, 0, 1, 1, 1, 1, 0, 1, 1, 0, 1, 1, 0, 1, 1, 0]
Fitness: 1181.252562 	[9, 10, 4, 6, 0, 7, 8, 2, 12, 13, 15, 0, 3, 1, 0, 5, 14, 11, 0, 1, 0, 1, 0, 1, 0, 1, 1, 1, 1, 1, 0, 1, 1, 0]
Fitness: 1180.532948 	[3, 1, 6, 0, 13, 2, 0, 4, 9, 0, 8, 11, 12, 14, 15, 7, 10, 5, 0, 1, 0, 1, 1, 0, 1, 1, 1, 1, 0, 1, 1, 1, 0, 0]
Fitness: 1172.097819 	[3, 10, 15, 7, 0, 11, 13, 1, 0, 5, 6, 0, 12, 9, 4, 2, 8, 14, 0, 1, 0, 1, 0, 1, 1, 0, 1, 1, 1, 1, 0, 1, 1, 0]
Fitness: 1172.097819 	[3, 10, 15, 7, 0, 11, 13, 1, 0, 5, 6, 0, 12, 9, 4, 2, 8, 14, 0, 1, 0, 1, 0, 1, 1, 0, 1, 1, 1, 1, 0, 1, 1, 0]
Fitness: 1170.470112 	[15, 1, 6, 0, 10, 3, 7, 8, 11, 12, 13, 0, 2, 5, 14, 0, 9, 4, 0, 0, 1, 1, 1, 1, 0, 1, 1, 0, 1, 1, 0, 1, 1, 0]
Fitness: 1170.470112 	[15, 1, 6, 0, 9, 4, 0, 2, 5, 14, 0, 10, 3, 7, 8, 11, 12, 13, 0, 0, 1, 1, 1, 1, 0, 1, 1, 0, 1, 1, 0, 1, 1, 0]
Fitness: 1148.922274 	[9, 10, 4, 6, 0, 7, 8, 2, 12, 13, 15, 0, 5, 14, 11, 0, 3, 1, 0, 1, 0, 1, 0, 1, 0, 1, 1, 1, 1, 1, 0, 1, 1, 0]
Fitness: 1148.922274 	[9, 10, 4, 6, 0, 7, 8, 2, 12, 13, 15, 0, 5, 14, 11, 0, 3, 1, 0, 1, 0, 1, 0, 1, 0, 1, 1, 1, 1, 1, 0, 1, 1, 0]
Fitness: 1141.443445 	[4, 9, 14, 0, 12, 6, 13, 1, 0, 3, 0, 7, 5, 2, 8, 10, 11, 15, 0, 1, 0, 1, 1, 1, 0, 1, 1, 0, 1, 1, 0, 1, 1, 0]
Fitness: 1141.443445 	[4, 9, 14, 0, 12, 6, 13, 1, 0, 7, 5, 2, 8, 10, 11, 15, 0, 3, 0, 1, 0, 1, 1, 1, 0, 1, 1, 0, 1, 1, 0, 1, 1, 0]
Fitness: 1136.348573 	[5, 9, 1, 0, 14, 12, 13, 4, 0, 7, 15, 10, 11, 6, 0, 3, 8, 2, 0, 1, 0, 1, 1, 1, 1, 0, 1, 0, 1, 1, 0, 1, 1, 0]
Fitness: 1129.895531 	[15, 6, 11, 10, 0, 13, 8, 1, 14, 0, 2, 3, 9, 7, 12, 5, 0, 4, 0, 1, 0, 1, 1, 1, 0, 1, 0, 1, 0, 1, 1, 1, 1, 0]
Fitness: 1125.826350 	[4, 0, 11, 0, 9, 1, 3, 2, 0, 12, 15, 6, 5, 13, 8, 10, 7, 14, 0, 1, 0, 1, 1, 1, 1, 0, 1, 0, 1, 1, 1, 0, 1, 0]
Fitness: 1125.826350 	[4, 0, 11, 0, 9, 1, 3, 2, 0, 12, 15, 6, 5, 13, 8, 10, 7, 14, 0, 1, 0, 1, 1, 1, 1, 0, 1, 0, 1, 1, 1, 0, 1, 0]
Fitness: 1120.300480 	[14, 0, 15, 6, 11, 10, 13, 8, 1, 0, 2, 3, 9, 7, 12, 5, 0, 4, 0, 1, 0, 1, 1, 0, 1, 1, 0, 1, 0, 1, 1, 1, 1, 0]
Fitness: 1110.180995 	[4, 0, 2, 5, 9, 11, 0, 13, 6, 12, 7, 14, 0, 3, 15, 1, 10, 8, 0, 1, 0, 1, 1, 1, 1, 0, 1, 1, 1, 0, 1, 1, 0, 0]
Fitness: 1110.180995 	[4, 0, 2, 5, 9, 11, 0, 13, 6, 12, 7, 14, 0, 3, 15, 1, 10, 8, 0, 1, 0, 1, 1, 1, 1, 0, 1, 1, 1, 0, 1, 1, 0, 0]
Fitness: 1108.573033 	[8, 11, 12, 14, 15, 7, 0, 6, 1, 2, 5, 0, 4, 9, 10, 0, 13, 3, 0, 1, 1, 0, 1, 0, 1, 1, 0, 1, 0, 1, 1, 1, 1, 0]
Fitness: 1106.884947 	[3, 6, 7, 10, 14, 5, 0, 11, 9, 4, 0, 15, 12, 13, 8, 2, 0, 1, 0, 0, 1, 0, 1, 1, 1, 1, 1, 0, 1, 1, 0, 1, 1, 0]
Fitness: 1106.071377 	[9, 4, 0, 3, 1, 6, 0, 5, 11, 14, 10, 0, 7, 8, 2, 12, 13, 15, 0, 0, 1, 1, 0, 1, 1, 0, 1, 1, 1, 1, 0, 1, 1, 0]
Fitness: 1106.071377 	[3, 1, 6, 0, 9, 4, 0, 5, 11, 14, 10, 0, 7, 8, 2, 12, 13, 15, 0, 0, 1, 1, 0, 1, 1, 0, 1, 1, 1, 1, 0, 1, 1, 0]
Fitness: 1106.071377 	[3, 1, 6, 0, 9, 4, 0, 5, 11, 14, 10, 0, 7, 8, 2, 12, 13, 15, 0, 0, 1, 1, 0, 1, 1, 0, 1, 1, 1, 1, 0, 1, 1, 0]
Fitness: 1102.299142 	[10, 2, 13, 3, 12, 0, 14, 9, 0, 11, 6, 1, 0, 15, 8, 5, 4, 7, 0, 0, 1, 1, 1, 0, 1, 1, 1, 0, 1, 1, 0, 1, 1, 0]
Fitness: 1100.801959 	[4, 0, 2, 5, 9, 11, 0, 3, 15, 1, 10, 8, 0, 13, 6, 12, 7, 14, 0, 1, 0, 1, 1, 1, 1, 0, 1, 1, 1, 0, 1, 1, 0, 0]
Fitness: 1097.699920 	[14, 9, 0, 15, 8, 5, 4, 7, 0, 11, 6, 1, 0, 10, 2, 13, 3, 12, 0, 0, 1, 1, 1, 0, 1, 1, 1, 0, 1, 1, 0, 1, 1, 0]
Fitness: 1095.992112 	[4, 14, 15, 10, 0, 9, 13, 1, 0, 11, 3, 8, 5, 12, 6, 7, 0, 2, 0, 0, 1, 1, 0, 1, 1, 1, 0, 1, 0, 1, 1, 1, 1, 0]
Fitness: 1095.992112 	[4, 14, 15, 10, 0, 9, 13, 1, 0, 11, 3, 8, 5, 12, 6, 7, 0, 2, 0, 0, 1, 1, 0, 1, 1, 1, 0, 1, 0, 1, 1, 1, 1, 0]
Fitness: 1095.992112 	[4, 14, 15, 10, 0, 9, 13, 1, 0, 11, 3, 8, 5, 12, 6, 7, 0, 2, 0, 0, 1, 1, 0, 1, 1, 1, 0, 1, 0, 1, 1, 1, 1, 0]
Fitness: 1089.119961 	[2, 5, 11, 0, 9, 4, 0, 13, 6, 12, 7, 14, 0, 3, 15, 1, 10, 8, 0, 1, 0, 1, 1, 1, 1, 0, 1, 1, 1, 0, 1, 1, 0, 0]
Fitness: 1074.508401 	[15, 8, 5, 4, 7, 0, 11, 6, 1, 0, 2, 0, 3, 9, 10, 12, 13, 14, 0, 0, 1, 1, 1, 0, 1, 1, 1, 0, 1, 1, 0, 1, 1, 0]
Fitness: 1074.265574 	[2, 5, 9, 11, 0, 4, 0, 3, 15, 1, 10, 8, 0, 13, 6, 12, 7, 14, 0, 1, 0, 1, 1, 1, 1, 0, 1, 1, 1, 0, 1, 1, 0, 0]
Fitness: 1069.547839 	[11, 13, 1, 0, 3, 10, 15, 7, 0, 5, 6, 0, 12, 9, 4, 2, 8, 14, 0, 1, 0, 1, 0, 1, 1, 0, 1, 1, 1, 1, 0, 1, 1, 0]
Fitness: 1069.514486 	[10, 2, 13, 3, 12, 0, 15, 8, 5, 4, 7, 0, 11, 6, 1, 0, 14, 9, 0, 0, 1, 1, 1, 0, 1, 1, 1, 0, 1, 1, 0, 1, 1, 0]
Fitness: 1069.514486 	[10, 2, 13, 3, 12, 0, 15, 8, 5, 4, 7, 0, 11, 6, 1, 0, 14, 9, 0, 0, 1, 1, 1, 0, 1, 1, 1, 0, 1, 1, 0, 1, 1, 0]
Fitness: 1069.514486 	[10, 2, 13, 3, 12, 0, 15, 8, 5, 4, 7, 0, 11, 6, 1, 0, 14, 9, 0, 0, 1, 1, 1, 0, 1, 1, 1, 0, 1, 1, 0, 1, 1, 0]
Fitness: 1059.737669 	[1, 0, 9, 4, 6, 7, 10, 12, 13, 14, 0, 2, 5, 11, 0, 3, 15, 8, 0, 1, 0, 1, 1, 1, 1, 0, 1, 1, 0, 1, 1, 1, 0, 0]
Fitness: 1056.100211 	[1, 3, 4, 0, 9, 10, 7, 5, 6, 0, 11, 14, 0, 15, 12, 13, 2, 8, 0, 1, 1, 0, 1, 1, 1, 1, 1, 0, 1, 0, 1, 0, 1, 0]
Fitness: 1051.381594 	[2, 5, 11, 0, 3, 15, 1, 10, 8, 4, 0, 13, 6, 12, 7, 14, 0, 9, 0, 1, 0, 1, 1, 1, 1, 0, 1, 1, 1, 0, 1, 0, 1, 0]
Fitness: 1050.132326 	[9, 4, 0, 3, 5, 11, 15, 0, 10, 1, 2, 8, 0, 13, 6, 12, 7, 14, 0, 1, 0, 1, 1, 1, 1, 0, 1, 1, 1, 0, 1, 1, 0, 0]
Fitness: 1049.968597 	[5, 0, 9, 11, 1, 6, 2, 10, 0, 14, 3, 7, 8, 13, 12, 0, 4, 15, 0, 0, 1, 1, 1, 1, 1, 0, 1, 1, 0, 1, 1, 0, 1, 0]
Fitness: 1049.110917 	[8, 11, 12, 14, 15, 7, 0, 6, 1, 2, 5, 0, 4, 9, 0, 13, 3, 10, 0, 1, 0, 1, 1, 0, 1, 1, 1, 1, 0, 1, 1, 1, 0, 0]
Fitness: 1046.897176 	[9, 10, 4, 6, 1, 0, 7, 8, 2, 12, 13, 15, 0, 5, 14, 11, 0, 3, 0, 1, 0, 1, 0, 1, 1, 1, 0, 1, 1, 1, 0, 1, 1, 0]
Fitness: 1045.185225 	[9, 13, 1, 0, 4, 14, 15, 10, 0, 11, 3, 8, 5, 12, 6, 7, 0, 2, 0, 0, 1, 1, 0, 1, 1, 1, 0, 1, 0, 1, 1, 1, 1, 0]
Fitness: 1042.231555 	[5, 0, 9, 11, 1, 6, 2, 10, 0, 4, 15, 0, 14, 3, 7, 8, 13, 12, 0, 0, 1, 1, 0, 1, 1, 1, 1, 0, 1, 1, 1, 0, 1, 0]
Fitness: 1041.889280 	[1, 13, 5, 3, 10, 0, 14, 9, 15, 12, 0, 2, 11, 0, 7, 4, 8, 6, 0, 0, 1, 1, 1, 0, 1, 1, 0, 1, 1, 0, 1, 1, 1, 0]
Fitness: 1039.527580 	[12, 6, 13, 1, 0, 15, 7, 5, 8, 11, 2, 0, 4, 9, 14, 0, 10, 3, 0, 1, 0, 1, 1, 1, 0, 1, 1, 0, 1, 1, 0, 1, 1, 0]
Fitness: 1039.527580 	[12, 6, 13, 1, 0, 15, 7, 5, 8, 11, 2, 0, 4, 9, 14, 0, 10, 3, 0, 1, 0, 1, 1, 1, 0, 1, 1, 0, 1, 1, 0, 1, 1, 0]
Fitness: 1039.527580 	[12, 6, 13, 1, 0, 15, 7, 5, 8, 11, 2, 0, 4, 9, 14, 0, 10, 3, 0, 1, 0, 1, 1, 1, 0, 1, 1, 0, 1, 1, 0, 1, 1, 0]
Fitness: 1039.527580 	[12, 6, 13, 1, 0, 4, 9, 14, 0, 15, 7, 5, 8, 11, 2, 0, 10, 3, 0, 1, 0, 1, 1, 1, 0, 1, 1, 0, 1, 1, 0, 1, 1, 0]
Fitness: 1039.049822 	[4, 15, 0, 14, 1, 11, 0, 5, 0, 12, 6, 10, 2, 3, 7, 8, 9, 13, 0, 0, 1, 1, 0, 1, 1, 1, 1, 1, 0, 1, 1, 0, 1, 0]
Fitness: 1038.617898 	[1, 0, 11, 9, 4, 0, 15, 12, 13, 8, 2, 0, 3, 6, 7, 10, 14, 5, 0, 0, 1, 0, 1, 1, 1, 1, 1, 0, 1, 1, 0, 1, 1, 0]
Fitness: 1037.757929 	[1, 0, 3, 15, 8, 0, 2, 5, 11, 0, 9, 4, 6, 7, 10, 12, 13, 14, 0, 1, 0, 1, 1, 1, 1, 0, 1, 1, 0, 1, 1, 1, 0, 0]
Fitness: 1037.757929 	[1, 0, 3, 15, 8, 0, 2, 5, 11, 0, 9, 4, 6, 7, 10, 12, 13, 14, 0, 1, 0, 1, 1, 1, 1, 0, 1, 1, 0, 1, 1, 1, 0, 0]
Fitness: 1036.402367 	[11, 0, 4, 0, 9, 1, 3, 2, 0, 12, 15, 6, 5, 13, 8, 10, 7, 14, 0, 1, 0, 1, 1, 1, 1, 0, 1, 0, 1, 1, 1, 0, 1, 0]
Fitness: 1031.593099 	[12, 15, 6, 5, 13, 8, 10, 7, 14, 0, 9, 1, 3, 2, 0, 4, 0, 11, 0, 1, 0, 1, 1, 1, 0, 1, 0, 1, 1, 1, 1, 0, 1, 0]
Fitness: 1024.209850 	[2, 5, 11, 0, 3, 15, 1, 10, 8, 0, 9, 4, 0, 13, 6, 12, 7, 14, 0, 1, 0, 1, 1, 1, 1, 0, 1, 1, 1, 0, 1, 1, 0, 0]
Fitness: 1023.714573 	[9, 10, 4, 0, 5, 14, 11, 0, 7, 8, 2, 12, 13, 15, 0, 3, 1, 6, 0, 0, 1, 1, 0, 1, 1, 0, 1, 1, 1, 1, 0, 1, 1, 0]
Fitness: 1018.823776 	[11, 4, 5, 10, 14, 0, 9, 0, 3, 1, 6, 0, 7, 8, 2, 12, 13, 15, 0, 0, 1, 1, 0, 1, 0, 1, 1, 1, 1, 1, 0, 1, 1, 0]
Fitness: 1016.053513 	[14, 1, 11, 0, 4, 15, 0, 5, 0, 12, 6, 10, 2, 3, 7, 8, 9, 13, 0, 0, 1, 1, 0, 1, 1, 1, 1, 1, 0, 1, 1, 0, 1, 0]
Fitness: 1010.879095 	[9, 4, 0, 3, 15, 1, 10, 8, 0, 11, 6, 2, 0, 12, 13, 5, 14, 7, 0, 1, 0, 1, 1, 1, 1, 0, 1, 1, 1, 0, 1, 1, 0, 0]
Fitness: 1010.609586 	[9, 0, 15, 1, 6, 0, 5, 11, 14, 0, 10, 12, 7, 2, 13, 3, 8, 4, 0, 0, 1, 1, 0, 1, 0, 1, 1, 1, 1, 1, 0, 1, 1, 0]
Fitness: 1004.981864 	[10, 14, 9, 6, 0, 1, 13, 7, 8, 12, 0, 2, 15, 3, 11, 4, 0, 5, 0, 1, 0, 0, 1, 1, 1, 0, 1, 1, 1, 0, 1, 1, 1, 0]
Fitness: 1004.981864 	[10, 14, 9, 6, 0, 1, 13, 7, 8, 12, 0, 5, 0, 2, 15, 3, 11, 4, 0, 1, 0, 0, 1, 1, 1, 0, 1, 1, 1, 0, 1, 1, 1, 0]
Fitness: 1004.981864 	[10, 14, 9, 6, 0, 1, 13, 7, 8, 12, 0, 5, 0, 2, 15, 3, 11, 4, 0, 1, 0, 0, 1, 1, 1, 0, 1, 1, 1, 0, 1, 1, 1, 0]
Fitness: 1004.981864 	[10, 14, 9, 6, 0, 1, 13, 7, 8, 12, 0, 5, 0, 2, 15, 3, 11, 4, 0, 1, 0, 0, 1, 1, 1, 0, 1, 1, 1, 0, 1, 1, 1, 0]
Fitness: 1002.824682 	[15, 6, 11, 10, 0, 4, 0, 2, 3, 9, 7, 12, 5, 0, 13, 8, 1, 14, 0, 1, 0, 1, 1, 1, 0, 1, 0, 1, 0, 1, 1, 1, 1, 0]
Fitness: 1001.449114 	[6, 2, 12, 1, 0, 11, 0, 4, 0, 8, 5, 15, 3, 10, 7, 9, 13, 14, 0, 1, 0, 1, 1, 1, 1, 0, 1, 0, 1, 1, 1, 0, 1, 0]
Fitness: 1001.240853 	[13, 7, 10, 9, 0, 2, 0, 6, 5, 8, 12, 3, 4, 14, 0, 15, 1, 11, 0, 1, 0, 1, 0, 1, 1, 0, 1, 1, 1, 1, 0, 1, 1, 0]
Fitness: 1001.240853 	[13, 7, 10, 9, 0, 2, 0, 6, 5, 8, 12, 3, 4, 14, 0, 15, 1, 11, 0, 1, 0, 1, 0, 1, 1, 0, 1, 1, 1, 1, 0, 1, 1, 0]
Fitness: 994.432550 	[1, 0, 11, 9, 4, 0, 15, 12, 13, 8, 2, 0, 3, 6, 7, 10, 14, 5, 0, 0, 1, 0, 1, 1, 1, 1, 1, 0, 1, 0, 1, 1, 1, 0]
Fitness: 994.432550 	[15, 12, 13, 8, 2, 0, 11, 9, 4, 0, 1, 0, 3, 6, 7, 10, 14, 5, 0, 0, 1, 0, 1, 1, 1, 1, 1, 0, 1, 0, 1, 1, 1, 0]
Fitness: 993.891661 	[13, 0, 9, 0, 5, 6, 4, 15, 2, 12, 7, 0, 10, 14, 11, 8, 1, 3, 0, 1, 0, 1, 1, 1, 0, 1, 1, 1, 1, 0, 1, 1, 0, 0]
Fitness: 993.891661 	[13, 0, 9, 0, 5, 6, 4, 15, 2, 12, 7, 0, 10, 14, 11, 8, 1, 3, 0, 1, 0, 1, 1, 1, 0, 1, 1, 1, 1, 0, 1, 1, 0, 0]
Fitness: 993.891661 	[13, 0, 9, 0, 5, 6, 4, 15, 2, 12, 7, 0, 10, 14, 11, 8, 1, 3, 0, 1, 0, 1, 1, 1, 0, 1, 1, 1, 1, 0, 1, 1, 0, 0]
Fitness: 991.880980 	[4, 14, 15, 10, 0, 9, 13, 1, 0, 11, 3, 8, 5, 12, 6, 7, 0, 2, 0, 0, 1, 1, 0, 1, 1, 1, 0, 1, 1, 1, 1, 0, 1, 0]
Fitness: 989.520338 	[3, 4, 6, 0, 9, 10, 7, 5, 0, 11, 14, 1, 0, 15, 12, 13, 2, 8, 0, 1, 1, 0, 1, 1, 1, 0, 1, 0, 1, 0, 1, 1, 1, 0]
Fitness: 988.420753 	[14, 1, 11, 8, 0, 3, 5, 9, 12, 6, 10, 15, 0, 13, 0, 7, 4, 2, 0, 0, 1, 0, 1, 1, 1, 1, 0, 1, 1, 0, 1, 1, 1, 0]
Fitness: 987.385037 	[12, 13, 1, 0, 15, 7, 5, 8, 11, 2, 6, 0, 4, 9, 14, 0, 10, 3, 0, 1, 0, 1, 1, 1, 1, 0, 1, 0, 1, 1, 0, 1, 1, 0]
Fitness: 987.385037 	[12, 13, 1, 0, 15, 7, 5, 8, 11, 2, 6, 0, 4, 9, 14, 0, 10, 3, 0, 1, 0, 1, 1, 1, 1, 0, 1, 0, 1, 1, 0, 1, 1, 0]
Fitness: 987.258842 	[8, 11, 12, 14, 15, 7, 0, 6, 1, 2, 5, 0, 4, 9, 0, 13, 3, 10, 0, 1, 1, 0, 1, 0, 1, 1, 1, 1, 0, 1, 1, 1, 0, 0]
Fitness: 983.043536 	[14, 1, 11, 0, 3, 5, 9, 8, 12, 6, 10, 0, 13, 15, 0, 7, 4, 2, 0, 1, 1, 0, 1, 1, 1, 1, 0, 1, 1, 0, 1, 0, 1, 0]
Fitness: 980.844783 	[5, 0, 9, 11, 1, 6, 2, 10, 0, 4, 15, 0, 14, 3, 7, 8, 13, 12, 0, 0, 1, 1, 0, 1, 1, 1, 1, 1, 0, 1, 1, 0, 1, 0]
Fitness: 980.844783 	[5, 0, 9, 11, 1, 6, 2, 10, 0, 4, 15, 0, 14, 3, 7, 8, 13, 12, 0, 0, 1, 1, 0, 1, 1, 1, 1, 1, 0, 1, 1, 0, 1, 0]
Fitness: 980.844783 	[5, 0, 9, 11, 1, 6, 2, 10, 0, 4, 15, 0, 14, 3, 7, 8, 13, 12, 0, 0, 1, 1, 0, 1, 1, 1, 1, 1, 0, 1, 1, 0, 1, 0]
Fitness: 979.297433 	[3, 1, 6, 0, 9, 4, 0, 5, 11, 14, 10, 0, 7, 8, 2, 12, 13, 15, 0, 0, 1, 1, 0, 1, 0, 1, 1, 1, 1, 1, 0, 1, 1, 0]
Fitness: 977.282644 	[4, 0, 3, 15, 1, 10, 8, 0, 13, 6, 12, 7, 14, 0, 2, 5, 9, 11, 0, 1, 0, 1, 1, 1, 1, 0, 1, 1, 1, 0, 1, 1, 0, 0]
Fitness: 975.178856 	[1, 13, 8, 12, 0, 10, 14, 9, 6, 7, 0, 2, 15, 3, 11, 4, 0, 5, 0, 1, 1, 0, 1, 1, 1, 0, 0, 1, 1, 0, 1, 1, 1, 0]
Fitness: 1037.757929 	[2, 5, 8, 11, 0, 1, 0, 9, 4, 6, 7, 10, 12, 13, 14, 0, 3, 15, 0, 1, 0, 1, 1, 1, 1, 0, 1, 1, 0, 1, 1, 1, 0, 0]
Fitness: 1039.049822 	[4, 15, 0, 14, 1, 11, 0, 5, 0, 12, 6, 10, 2, 3, 7, 8, 9, 13, 0, 0, 1, 1, 0, 1, 1, 1, 1, 1, 0, 1, 1, 0, 1, 0]
Fitness: 979.297433 	[3, 1, 6, 0, 9, 4, 0, 5, 11, 14, 10, 0, 7, 8, 2, 12, 13, 15, 0, 0, 1, 1, 0, 1, 0, 1, 1, 1, 1, 1, 0, 1, 1, 0]
Fitness: 1039.049822 	[3, 2, 6, 0, 9, 5, 0, 14, 1, 11, 0, 4, 15, 7, 8, 10, 12, 13, 0, 0, 1, 1, 0, 1, 1, 1, 1, 1, 0, 1, 1, 0, 1, 0]
Fitness: 1110.180995 	[4, 0, 2, 5, 9, 11, 0, 13, 6, 12, 7, 14, 0, 3, 15, 1, 10, 8, 0, 1, 0, 1, 1, 1, 1, 0, 1, 1, 1, 1, 0, 1, 0, 0]
Fitness: 1106.071377 	[3, 1, 6, 0, 9, 4, 0, 5, 11, 14, 10, 0, 7, 8, 2, 12, 13, 15, 0, 0, 1, 1, 0, 1, 1, 0, 1, 1, 1, 1, 0, 1, 1, 0]
Fitness: 1110.180995 	[9, 11, 4, 0, 3, 15, 1, 10, 8, 0, 13, 6, 12, 7, 14, 0, 5, 2, 0, 1, 0, 1, 1, 1, 1, 0, 1, 1, 1, 0, 1, 1, 0, 0]
Fitness: 1039.527580 	[12, 6, 13, 1, 0, 15, 7, 5, 8, 11, 2, 0, 4, 9, 14, 0, 10, 3, 0, 1, 0, 1, 1, 1, 0, 1, 1, 0, 1, 1, 0, 1, 1, 0]
Fitness: 1039.527580 	[12, 6, 13, 1, 0, 15, 7, 5, 8, 11, 2, 0, 4, 9, 14, 0, 10, 3, 0, 1, 0, 1, 1, 1, 0, 1, 1, 0, 1, 1, 0, 1, 1, 0]
Fitness: 1039.527580 	[12, 6, 13, 1, 0, 10, 3, 0, 4, 9, 14, 0, 15, 7, 5, 8, 11, 2, 0, 1, 0, 1, 1, 1, 0, 1, 1, 0, 1, 1, 0, 1, 1, 0]
Fitness: 1024.209850 	[2, 6, 11, 12, 0, 13, 5, 7, 14, 0, 3, 15, 1, 10, 8, 0, 9, 4, 0, 1, 0, 1, 1, 1, 1, 0, 1, 1, 1, 0, 1, 1, 0, 0]
Fitness: 1045.185225 	[9, 13, 1, 0, 4, 14, 15, 10, 0, 11, 3, 8, 5, 12, 6, 7, 0, 2, 0, 0, 1, 1, 0, 1, 1, 0, 1, 0, 1, 1, 1, 1, 1, 0]
Fitness: 987.385037 	[12, 13, 1, 0, 15, 7, 5, 8, 11, 2, 6, 0, 4, 9, 14, 0, 10, 3, 0, 1, 0, 1, 1, 1, 1, 0, 1, 0, 1, 1, 0, 1, 1, 0]
Fitness: 1045.185225 	[2, 0, 9, 13, 1, 0, 4, 5, 14, 0, 10, 3, 6, 7, 8, 11, 12, 15, 0, 0, 1, 1, 0, 1, 1, 1, 0, 1, 0, 1, 1, 1, 1, 0]
Fitness: 1095.992112 	[4, 14, 15, 10, 0, 9, 13, 1, 0, 11, 3, 8, 5, 12, 6, 7, 0, 2, 0, 0, 1, 1, 0, 1, 1, 0, 1, 1, 1, 1, 0, 1, 1, 0]
Fitness: 1106.071377 	[9, 4, 0, 3, 1, 6, 0, 5, 11, 14, 10, 0, 7, 8, 2, 12, 13, 15, 0, 0, 1, 1, 0, 1, 1, 0, 1, 1, 1, 1, 0, 1, 1, 0]
Fitness: 1095.992112 	[2, 0, 4, 14, 15, 10, 0, 5, 11, 1, 3, 0, 7, 8, 6, 12, 13, 9, 0, 0, 1, 1, 0, 1, 1, 1, 0, 1, 0, 1, 1, 1, 1, 0]
Fitness: 1102.299142 	[1, 11, 6, 0, 9, 14, 0, 15, 8, 5, 4, 7, 0, 10, 2, 13, 3, 12, 0, 0, 1, 1, 1, 0, 1, 1, 1, 0, 1, 1, 0, 1, 1, 0]
Fitness: 1039.527580 	[12, 6, 13, 1, 0, 4, 9, 14, 0, 15, 7, 5, 8, 11, 2, 0, 10, 3, 0, 1, 0, 1, 0, 1, 1, 0, 1, 1, 1, 1, 0, 1, 1, 0]
Fitness: 1001.240853 	[13, 7, 10, 9, 0, 2, 0, 6, 5, 8, 12, 3, 4, 14, 0, 15, 1, 11, 0, 1, 0, 1, 0, 1, 1, 0, 1, 1, 1, 1, 0, 1, 1, 0]
Fitness: 1039.527580 	[10, 3, 0, 4, 9, 14, 0, 6, 5, 8, 12, 2, 13, 7, 0, 15, 1, 11, 0, 1, 0, 1, 1, 1, 0, 1, 1, 0, 1, 1, 0, 1, 1, 0]
Fitness: 1172.097819 	[4, 14, 5, 6, 0, 3, 10, 15, 7, 0, 11, 13, 1, 0, 2, 8, 9, 12, 0, 1, 0, 1, 0, 1, 1, 0, 1, 1, 1, 1, 0, 1, 1, 0]
Fitness: 1180.532948 	[3, 1, 6, 0, 13, 2, 0, 4, 9, 0, 8, 11, 12, 14, 15, 7, 10, 5, 0, 1, 0, 1, 1, 1, 1, 1, 1, 0, 1, 1, 0, 1, 0, 0]
Fitness: 1106.884947 	[3, 6, 7, 10, 14, 5, 0, 11, 9, 4, 0, 15, 12, 13, 8, 2, 0, 1, 0, 0, 1, 0, 1, 1, 1, 1, 1, 0, 1, 1, 0, 1, 1, 0]
Fitness: 1180.532948 	[3, 6, 7, 10, 14, 5, 0, 11, 8, 1, 0, 4, 9, 0, 13, 2, 12, 15, 0, 1, 0, 1, 1, 0, 1, 1, 1, 1, 0, 1, 1, 1, 0, 0]
Fitness: 980.844783 	[5, 0, 9, 11, 1, 6, 2, 10, 0, 4, 15, 0, 14, 3, 7, 8, 13, 12, 0, 0, 1, 1, 1, 0, 1, 1, 1, 1, 0, 1, 1, 0, 1, 0]
Fitness: 1069.514486 	[10, 2, 13, 3, 12, 0, 15, 8, 5, 4, 7, 0, 11, 6, 1, 0, 14, 9, 0, 0, 1, 1, 1, 0, 1, 1, 1, 0, 1, 1, 0, 1, 1, 0]
Fitness: 980.844783 	[10, 2, 1, 11, 6, 0, 15, 9, 4, 0, 5, 0, 14, 3, 7, 8, 13, 12, 0, 0, 1, 1, 0, 1, 1, 1, 1, 1, 0, 1, 1, 0, 1, 0]
Fitness: 1023.714573 	[9, 10, 4, 0, 5, 14, 11, 0, 7, 8, 2, 12, 13, 15, 0, 3, 1, 6, 0, 0, 0, 1, 1, 1, 1, 0, 1, 1, 1, 1, 0, 1, 1, 0]
Fitness: 993.891661 	[13, 0, 9, 0, 5, 6, 4, 15, 2, 12, 7, 0, 10, 14, 11, 8, 1, 3, 0, 1, 0, 1, 1, 1, 0, 1, 1, 1, 1, 0, 1, 1, 0, 0]
Fitness: 1023.714573 	[13, 0, 9, 10, 4, 0, 3, 1, 6, 0, 2, 14, 11, 8, 5, 7, 12, 15, 0, 0, 1, 1, 0, 1, 1, 0, 1, 1, 1, 1, 0, 1, 1, 0]
Fitness: 983.043536 	[14, 1, 11, 0, 3, 5, 9, 8, 12, 6, 10, 0, 13, 15, 0, 7, 4, 2, 0, 1, 1, 0, 1, 0, 1, 1, 1, 0, 1, 1, 1, 0, 1, 0]
Fitness: 1074.508401 	[15, 8, 5, 4, 7, 0, 11, 6, 1, 0, 2, 0, 3, 9, 10, 12, 13, 14, 0, 0, 1, 1, 1, 0, 1, 1, 1, 0, 1, 1, 0, 1, 1, 0]
Fitness: 983.043536 	[3, 8, 5, 9, 10, 0, 11, 6, 1, 0, 13, 15, 0, 7, 4, 2, 12, 14, 0, 1, 1, 0, 1, 1, 1, 1, 0, 1, 1, 0, 1, 0, 1, 0]
Fitness: 1108.573033 	[8, 11, 12, 14, 15, 7, 0, 6, 1, 2, 5, 0, 4, 9, 10, 0, 13, 3, 0, 1, 1, 0, 1, 0, 1, 1, 0, 1, 0, 1, 1, 1, 1, 0]
Fitness: 987.258842 	[8, 11, 12, 14, 15, 7, 0, 6, 1, 2, 5, 0, 4, 9, 0, 13, 3, 10, 0, 1, 1, 0, 1, 0, 1, 1, 1, 1, 0, 1, 1, 1, 0, 0]
Fitness: 1108.573033 	[9, 10, 4, 0, 6, 1, 2, 5, 0, 8, 11, 12, 14, 15, 7, 0, 13, 3, 0, 1, 1, 0, 1, 0, 1, 1, 0, 1, 0, 1, 1, 1, 1, 0]
Fitness: 987.385037 	[4, 9, 14, 0, 12, 13, 1, 0, 3, 15, 2, 10, 8, 0, 11, 6, 5, 7, 0, 1, 0, 1, 1, 1, 1, 0, 1, 0, 1, 1, 0, 1, 1, 0]
Fitness: 1148.922274 	[9, 10, 4, 6, 0, 7, 8, 2, 12, 13, 15, 0, 5, 14, 11, 0, 3, 1, 0, 1, 0, 1, 0, 1, 0, 1, 1, 1, 1, 1, 0, 1, 1, 0]
Fitness: 980.844783 	[5, 0, 9, 11, 1, 6, 2, 10, 0, 4, 15, 0, 14, 3, 7, 8, 13, 12, 0, 0, 1, 1, 0, 1, 1, 1, 1, 1, 0, 1, 1, 0, 1, 0]
Fitness: 1148.922274 	[3, 1, 0, 7, 8, 2, 12, 13, 15, 0, 4, 5, 0, 14, 6, 9, 10, 11, 0, 1, 0, 1, 0, 1, 0, 1, 1, 1, 1, 1, 0, 1, 1, 0]
Fitness: 1046.897176 	[9, 10, 4, 6, 1, 0, 7, 8, 2, 12, 13, 15, 0, 5, 14, 11, 0, 3, 0, 1, 0, 1, 0, 1, 1, 1, 1, 0, 1, 1, 0, 1, 1, 0]
Fitness: 1042.231555 	[5, 0, 9, 11, 1, 6, 2, 10, 0, 4, 15, 0, 14, 3, 7, 8, 13, 12, 0, 0, 1, 1, 0, 1, 1, 1, 1, 0, 1, 1, 1, 0, 1, 0]
Fitness: 1046.897176 	[3, 0, 9, 10, 4, 6, 1, 0, 2, 15, 0, 14, 11, 7, 8, 13, 12, 5, 0, 1, 0, 1, 0, 1, 1, 1, 0, 1, 1, 1, 0, 1, 1, 0]
Fitness: 1186.316120 	[5, 11, 14, 0, 15, 1, 6, 0, 9, 4, 0, 10, 12, 7, 2, 13, 3, 8, 0, 0, 1, 1, 1, 1, 0, 1, 1, 0, 1, 1, 0, 1, 1, 0]
Fitness: 1001.449114 	[6, 2, 12, 1, 0, 11, 0, 4, 0, 8, 5, 15, 3, 10, 7, 9, 13, 14, 0, 1, 0, 1, 1, 1, 1, 0, 1, 0, 1, 1, 1, 0, 1, 0]
Fitness: 1186.316120 	[6, 9, 4, 1, 0, 15, 0, 10, 12, 7, 2, 13, 3, 8, 0, 5, 11, 14, 0, 0, 1, 1, 1, 1, 0, 1, 1, 0, 1, 1, 0, 1, 1, 0]
Fitness: 975.178856 	[1, 13, 8, 12, 0, 10, 14, 9, 6, 7, 0, 2, 15, 3, 11, 4, 0, 5, 0, 1, 0, 1, 1, 1, 1, 0, 0, 1, 1, 0, 1, 1, 1, 0]
Fitness: 1050.132326 	[9, 4, 0, 3, 5, 11, 15, 0, 10, 1, 2, 8, 0, 13, 6, 12, 7, 14, 0, 1, 0, 1, 1, 1, 1, 0, 1, 1, 1, 0, 1, 1, 0, 0]
Fitness: 975.178856 	[5, 0, 10, 14, 9, 6, 7, 0, 11, 1, 2, 8, 0, 13, 3, 12, 4, 15, 0, 1, 1, 0, 1, 1, 1, 0, 0, 1, 1, 0, 1, 1, 1, 0]
Fitness: 1200.317426 	[9, 4, 0, 10, 12, 7, 2, 13, 3, 8, 0, 5, 11, 14, 0, 15, 1, 6, 0, 0, 1, 1, 1, 1, 0, 1, 1, 0, 1, 1, 0, 1, 1, 0]
Fitness: 1200.317426 	[9, 4, 0, 15, 1, 6, 0, 5, 11, 14, 0, 10, 12, 7, 2, 13, 3, 8, 0, 0, 1, 1, 1, 1, 0, 1, 1, 0, 1, 1, 0, 1, 1, 0]
Fitness: 1200.317426 	[9, 4, 0, 10, 12, 7, 2, 13, 3, 8, 0, 5, 11, 14, 0, 1, 6, 15, 0, 0, 1, 1, 1, 1, 0, 1, 1, 0, 1, 1, 0, 1, 1, 0]
Fitness: 1172.097819 	[3, 10, 15, 7, 0, 11, 13, 1, 0, 5, 6, 0, 12, 9, 4, 2, 8, 14, 0, 1, 0, 1, 0, 1, 1, 0, 1, 1, 1, 0, 1, 1, 1, 0]
Fitness: 1004.981864 	[10, 14, 9, 6, 0, 1, 13, 7, 8, 12, 0, 5, 0, 2, 15, 3, 11, 4, 0, 1, 0, 0, 1, 1, 1, 0, 1, 1, 1, 0, 1, 1, 1, 0]
Fitness: 1172.097819 	[2, 14, 9, 11, 0, 1, 13, 4, 8, 12, 0, 5, 6, 0, 3, 10, 15, 7, 0, 1, 0, 1, 0, 1, 1, 0, 1, 1, 1, 1, 0, 1, 1, 0]
Fitness: 1224.388568 	[4, 0, 6, 14, 13, 0, 11, 9, 10, 5, 12, 8, 0, 1, 2, 3, 7, 15, 0, 1, 0, 1, 1, 1, 1, 1, 1, 0, 1, 0, 1, 0, 1, 0]
Fitness: 1038.617898 	[1, 0, 11, 9, 4, 0, 15, 12, 13, 8, 2, 0, 3, 6, 7, 10, 14, 5, 0, 0, 1, 0, 1, 1, 1, 1, 1, 0, 1, 1, 0, 1, 1, 0]
Fitness: 1224.388568 	[1, 0, 11, 9, 10, 5, 12, 8, 0, 4, 0, 3, 6, 7, 2, 14, 13, 15, 0, 1, 0, 1, 1, 1, 0, 1, 1, 1, 1, 0, 1, 0, 1, 0]
Fitness: 1125.826350 	[4, 0, 11, 0, 9, 1, 3, 2, 0, 12, 15, 6, 5, 13, 8, 10, 7, 14, 0, 1, 0, 1, 1, 1, 1, 1, 0, 1, 0, 1, 1, 0, 1, 0]
Fitness: 1002.824682 	[15, 6, 11, 10, 0, 4, 0, 2, 3, 9, 7, 12, 5, 0, 13, 8, 1, 14, 0, 1, 0, 1, 1, 1, 0, 1, 0, 1, 0, 1, 1, 1, 1, 0]
Fitness: 1125.826350 	[11, 0, 4, 0, 9, 1, 3, 2, 0, 12, 15, 6, 5, 13, 8, 10, 7, 14, 0, 1, 0, 1, 1, 1, 1, 0, 1, 0, 1, 1, 1, 0, 1, 0]
Fitness: 1200.317426 	[9, 4, 0, 15, 1, 6, 0, 5, 11, 14, 0, 10, 12, 7, 2, 13, 3, 8, 0, 0, 1, 1, 1, 1, 0, 1, 1, 0, 1, 1, 0, 1, 1, 0]
Fitness: 1184.415765 	[14, 9, 11, 0, 7, 8, 2, 10, 12, 13, 15, 0, 3, 1, 6, 0, 5, 4, 0, 0, 1, 1, 1, 1, 0, 1, 1, 0, 1, 1, 0, 1, 1, 0]
Fitness: 1200.317426 	[5, 11, 14, 0, 15, 1, 6, 0, 3, 2, 7, 0, 8, 4, 9, 10, 12, 13, 0, 0, 1, 1, 1, 1, 0, 1, 1, 0, 1, 1, 0, 1, 1, 0]
Fitness: 989.520338 	[3, 6, 0, 9, 10, 7, 5, 0, 11, 14, 1, 4, 0, 15, 12, 13, 2, 8, 0, 1, 1, 1, 1, 1, 1, 0, 0, 0, 1, 0, 1, 1, 1, 0]
Fitness: 1001.449114 	[6, 2, 12, 0, 11, 1, 0, 4, 0, 8, 5, 15, 3, 10, 7, 9, 13, 14, 0, 1, 0, 1, 1, 1, 1, 1, 1, 0, 0, 1, 1, 0, 1, 0]
Fitness: 980.844783 	[5, 4, 0, 9, 11, 1, 6, 2, 10, 0, 15, 0, 14, 3, 7, 8, 13, 12, 0, 0, 1, 1, 0, 1, 0, 1, 1, 1, 0, 1, 1, 1, 1, 0]
Fitness: 1001.240853 	[13, 7, 10, 9, 8, 0, 2, 0, 6, 5, 12, 3, 4, 14, 0, 15, 1, 11, 0, 1, 0, 1, 0, 1, 1, 1, 1, 1, 1, 1, 0, 1, 0, 0]
Fitness: 983.043536 	[3, 8, 5, 9, 10, 0, 11, 6, 1, 15, 0, 13, 0, 7, 4, 2, 12, 14, 0, 1, 1, 1, 1, 1, 1, 1, 0, 1, 0, 0, 1, 0, 1, 0]
Fitness: 975.178856 	[5, 1, 0, 10, 14, 9, 6, 7, 0, 11, 2, 8, 0, 13, 3, 12, 4, 15, 0, 1, 1, 0, 1, 1, 1, 1, 0, 1, 1, 0, 0, 1, 1, 0]
Fitness: 1095.992112 	[2, 0, 4, 15, 10, 0, 5, 11, 1, 3, 14, 0, 7, 8, 6, 12, 13, 9, 0, 0, 1, 1, 0, 1, 1, 0, 1, 1, 0, 1, 1, 1, 1, 0]
Fitness: 1181.252562 	[9, 10, 4, 6, 0, 7, 8, 2, 12, 13, 15, 5, 0, 3, 1, 0, 14, 11, 0, 1, 0, 1, 0, 1, 1, 1, 1, 0, 1, 1, 0, 1, 1, 0]
Fitness: 987.385037 	[13, 1, 0, 15, 7, 5, 8, 11, 2, 6, 0, 4, 9, 14, 0, 10, 3, 12, 0, 1, 1, 1, 1, 1, 0, 0, 1, 0, 1, 1, 0, 1, 1, 0]
Fitness: 1004.981864 	[10, 14, 9, 6, 0, 1, 13, 7, 8, 12, 11, 0, 5, 0, 2, 15, 3, 4, 0, 1, 0, 0, 1, 1, 1, 1, 1, 1, 0, 0, 1, 1, 1, 0]
Fitness: 1106.071377 	[9, 4, 14, 0, 3, 1, 6, 0, 5, 11, 10, 0, 7, 8, 2, 12, 13, 15, 0, 1, 1, 1, 0, 1, 1, 0, 0, 1, 1, 1, 0, 1, 1, 0]
Fitness: 987.385037 	[9, 14, 0, 12, 13, 1, 0, 3, 15, 2, 10, 8, 0, 11, 6, 5, 7, 4, 0, 1, 0, 1, 1, 1, 1, 0, 1, 0, 0, 1, 1, 1, 1, 0]
Fitness: 987.258842 	[11, 12, 14, 15, 7, 0, 6, 1, 2, 5, 0, 4, 9, 8, 0, 13, 3, 10, 0, 1, 0, 0, 1, 0, 1, 1, 1, 1, 1, 1, 1, 1, 0, 0]
Fitness: 1224.388568 	[11, 9, 10, 0, 6, 14, 13, 0, 5, 12, 8, 0, 1, 2, 3, 7, 15, 4, 0, 1, 0, 1, 1, 1, 0, 1, 1, 1, 1, 0, 0, 1, 1, 0]
Fitness: 1004.981864 	[10, 14, 9, 6, 0, 1, 13, 7, 8, 12, 0, 2, 15, 3, 0, 11, 4, 5, 0, 1, 0, 0, 1, 0, 1, 1, 1, 1, 1, 0, 1, 1, 1, 0]
Fitness: 1050.132326 	[9, 4, 0, 3, 5, 11, 15, 12, 0, 10, 1, 2, 8, 0, 13, 6, 7, 14, 0, 1, 0, 1, 1, 1, 1, 0, 1, 1, 0, 0, 1, 1, 1, 0]
Fitness: 1106.071377 	[1, 6, 0, 9, 4, 0, 5, 11, 14, 10, 3, 0, 7, 8, 2, 12, 13, 15, 0, 1, 0, 1, 0, 1, 1, 0, 1, 1, 1, 1, 0, 1, 1, 0]
Fitness: 1001.240853 	[13, 7, 10, 9, 12, 0, 2, 0, 6, 5, 8, 3, 4, 14, 0, 15, 1, 11, 0, 1, 0, 1, 1, 1, 1, 0, 1, 1, 1, 1, 0, 0, 1, 0]
Fitness: 975.178856 	[1, 13, 12, 0, 10, 14, 9, 6, 7, 0, 2, 15, 3, 11, 4, 8, 0, 5, 0, 1, 1, 0, 1, 1, 0, 0, 0, 1, 1, 1, 1, 1, 1, 0]
Fitness: 1038.617898 	[3, 6, 7, 0, 11, 9, 4, 1, 0, 15, 12, 13, 8, 2, 0, 10, 14, 5, 0, 0, 1, 1, 1, 1, 1, 0, 1, 0, 1, 1, 0, 1, 1, 0]
Fitness: 1045.185225 	[9, 13, 1, 0, 4, 15, 10, 0, 11, 3, 8, 5, 12, 6, 7, 14, 0, 2, 0, 0, 1, 1, 1, 1, 1, 0, 0, 0, 1, 1, 1, 1, 1, 0]
Fitness: 1023.714573 	[13, 2, 0, 9, 10, 4, 0, 3, 1, 6, 0, 14, 11, 8, 5, 7, 12, 15, 0, 0, 0, 1, 1, 1, 1, 0, 1, 1, 1, 1, 0, 1, 1, 0]
Fitness: 1102.299142 	[10, 2, 13, 3, 12, 9, 0, 14, 0, 11, 6, 1, 0, 15, 8, 5, 4, 7, 0, 0, 1, 1, 0, 0, 1, 1, 1, 0, 1, 1, 1, 1, 1, 0]
Fitness: 1039.527580 	[12, 6, 13, 1, 0, 4, 14, 0, 15, 7, 5, 8, 11, 2, 9, 0, 10, 3, 0, 1, 0, 1, 1, 1, 1, 0, 1, 1, 0, 1, 0, 1, 1, 0]
Fitness: 1010.609586 	[9, 15, 0, 1, 6, 0, 5, 11, 14, 0, 10, 12, 7, 2, 13, 3, 8, 4, 0, 0, 1, 1, 0, 1, 0, 1, 1, 1, 1, 0, 1, 1, 1, 0]
Fitness: 1106.884947 	[3, 6, 7, 10, 14, 5, 11, 0, 9, 4, 0, 15, 12, 13, 8, 2, 0, 1, 0, 1, 1, 0, 1, 1, 1, 1, 1, 0, 1, 0, 0, 1, 1, 0]
Fitness: 1186.316120 	[5, 11, 14, 0, 15, 1, 6, 0, 4, 0, 10, 12, 7, 2, 13, 3, 8, 9, 0, 0, 1, 1, 1, 1, 1, 1, 0, 0, 1, 1, 0, 1, 1, 0]
Fitness: 1004.981864 	[10, 14, 9, 6, 0, 1, 13, 7, 12, 0, 5, 8, 0, 2, 15, 3, 11, 4, 0, 1, 0, 0, 1, 1, 1, 1, 1, 1, 0, 0, 1, 1, 1, 0]
Fitness: 987.385037 	[12, 13, 0, 15, 7, 5, 8, 11, 2, 6, 0, 4, 9, 14, 1, 0, 10, 3, 0, 1, 1, 1, 1, 1, 1, 0, 1, 0, 0, 1, 0, 1, 1, 0]
Fitness: 1120.300480 	[14, 0, 15, 6, 11, 10, 13, 8, 1, 3, 0, 2, 9, 7, 12, 5, 0, 4, 0, 1, 0, 0, 1, 0, 1, 1, 1, 1, 0, 1, 1, 1, 1, 0]
Fitness: 1069.514486 	[10, 2, 13, 3, 0, 15, 8, 5, 4, 7, 0, 11, 6, 1, 12, 0, 14, 9, 0, 0, 1, 1, 1, 0, 1, 0, 1, 0, 1, 1, 1, 1, 1, 0]
Fitness: 1148.922274 	[3, 1, 0, 7, 8, 2, 12, 13, 15, 0, 4, 5, 14, 0, 6, 9, 10, 11, 0, 1, 1, 1, 0, 1, 0, 1, 1, 1, 1, 1, 0, 1, 0, 0]
Fitness: 1010.879095 	[4, 0, 3, 15, 1, 10, 8, 9, 0, 11, 6, 2, 0, 12, 13, 5, 14, 7, 0, 1, 0, 1, 1, 1, 0, 1, 1, 1, 1, 0, 1, 1, 0, 0]
Fitness: 1129.895531 	[15, 6, 11, 10, 7, 0, 13, 8, 1, 14, 0, 2, 3, 9, 12, 5, 0, 4, 0, 1, 1, 1, 1, 1, 0, 1, 0, 1, 0, 1, 1, 0, 1, 0]
Fitness: 1141.443445 	[4, 9, 14, 0, 12, 6, 13, 1, 11, 0, 7, 5, 2, 8, 10, 15, 0, 3, 0, 1, 0, 1, 1, 1, 0, 1, 1, 0, 1, 1, 1, 0, 1, 0]
Fitness: 1200.317426 	[9, 4, 0, 10, 12, 7, 13, 3, 8, 0, 5, 11, 14, 2, 0, 15, 1, 6, 0, 1, 1, 1, 0, 1, 0, 1, 1, 0, 1, 1, 0, 1, 1, 0]
Fitness: 983.043536 	[14, 1, 11, 0, 3, 5, 9, 8, 6, 10, 0, 13, 15, 12, 0, 7, 4, 2, 0, 1, 1, 0, 1, 0, 1, 1, 1, 1, 1, 1, 1, 0, 0, 0]
Fitness: 1110.180995 	[9, 11, 4, 0, 3, 15, 1, 10, 8, 6, 0, 13, 12, 7, 14, 0, 5, 2, 0, 1, 0, 0, 1, 1, 1, 1, 1, 1, 1, 0, 1, 1, 0, 0]
Fitness: 1039.527580 	[12, 6, 1, 0, 15, 7, 5, 8, 11, 2, 13, 0, 4, 9, 14, 0, 10, 3, 0, 1, 1, 1, 1, 1, 0, 1, 0, 0, 1, 1, 0, 1, 1, 0]
Fitness: 1039.527580 	[12, 6, 1, 0, 15, 7, 5, 8, 11, 2, 0, 4, 9, 14, 0, 10, 3, 13, 0, 1, 0, 1, 1, 1, 0, 1, 0, 1, 1, 1, 0, 1, 1, 0]
Fitness: 1180.532948 	[1, 6, 0, 13, 2, 3, 0, 4, 9, 0, 8, 11, 12, 14, 15, 7, 10, 5, 0, 0, 0, 1, 1, 1, 1, 1, 1, 0, 1, 1, 0, 1, 1, 0]
Fitness: 1037.757929 	[1, 5, 0, 3, 15, 8, 0, 2, 11, 0, 9, 4, 6, 7, 10, 12, 13, 14, 0, 1, 0, 0, 1, 1, 1, 1, 1, 1, 0, 1, 1, 1, 0, 0]
Fitness: 1046.897176 	[3, 9, 0, 10, 4, 6, 1, 0, 2, 15, 0, 14, 11, 7, 8, 13, 12, 5, 0, 1, 0, 1, 0, 1, 1, 1, 0, 1, 1, 1, 1, 0, 1, 0]
Fitness: 1186.316120 	[5, 11, 14, 6, 0, 15, 1, 0, 9, 4, 0, 10, 12, 7, 2, 13, 3, 8, 0, 1, 1, 1, 1, 1, 0, 1, 0, 0, 1, 1, 0, 1, 1, 0]
Fitness: 1004.981864 	[10, 14, 9, 6, 0, 1, 13, 7, 8, 12, 0, 2, 15, 3, 0, 11, 4, 5, 0, 1, 0, 0, 1, 1, 1, 1, 1, 1, 1, 0, 0, 1, 1, 0]
Fitness: 980.844783 	[5, 6, 0, 9, 11, 1, 2, 10, 0, 4, 15, 0, 14, 3, 7, 8, 13, 12, 0, 0, 1, 0, 0, 1, 1, 1, 1, 1, 1, 1, 1, 0, 1, 0]
Fitness: 1108.573033 	[8, 12, 14, 15, 7, 0, 6, 1, 2, 5, 0, 4, 9, 10, 0, 13, 3, 11, 0, 1, 1, 1, 1, 0, 1, 0, 0, 1, 0, 1, 1, 1, 1, 0]
Fitness: 1046.897176 	[9, 10, 4, 6, 1, 0, 7, 8, 2, 12, 13, 15, 11, 0, 5, 14, 0, 3, 0, 1, 0, 0, 0, 1, 1, 1, 0, 1, 1, 1, 1, 1, 1, 0]
Fitness: 988.420753 	[1, 11, 8, 0, 3, 5, 9, 12, 6, 10, 15, 0, 13, 14, 0, 7, 4, 2, 0, 0, 1, 1, 1, 1, 1, 1, 0, 1, 1, 0, 0, 1, 1, 0]
Fitness: 1095.992112 	[4, 14, 15, 10, 7, 0, 9, 13, 1, 0, 11, 3, 8, 5, 12, 6, 0, 2, 0, 0, 1, 1, 1, 1, 1, 0, 0, 1, 1, 1, 0, 1, 1, 0]
Fitness: 1001.240853 	[2, 0, 13, 7, 10, 9, 0, 6, 5, 8, 12, 3, 4, 14, 0, 15, 1, 11, 0, 1, 0, 1, 0, 1, 1, 0, 1, 1, 1, 1, 0, 1, 1, 0]
Fitness: 983.043536 	[14, 1, 11, 0, 13, 15, 0, 3, 5, 9, 8, 12, 6, 10, 0, 7, 4, 2, 0, 1, 1, 0, 1, 0, 1, 1, 1, 0, 1, 1, 1, 0, 1, 0]
Fitness: 1056.100211 	[1, 3, 4, 0, 9, 10, 7, 5, 6, 0, 15, 12, 13, 2, 8, 0, 11, 14, 0, 1, 1, 0, 1, 1, 1, 1, 1, 0, 1, 0, 1, 0, 1, 0]
Fitness: 1200.317426 	[9, 4, 0, 15, 1, 6, 0, 10, 12, 7, 2, 13, 3, 8, 0, 5, 11, 14, 0, 0, 1, 1, 1, 1, 0, 1, 1, 0, 1, 1, 0, 1, 1, 0]
Fitness: 1074.508401 	[15, 8, 5, 4, 7, 0, 3, 9, 10, 12, 13, 14, 0, 2, 0, 11, 6, 1, 0, 0, 1, 1, 1, 0, 1, 1, 1, 0, 1, 1, 0, 1, 1, 0]
Fitness: 1141.443445 	[7, 5, 2, 8, 10, 11, 15, 0, 12, 6, 13, 1, 0, 4, 9, 14, 0, 3, 0, 1, 0, 1, 1, 1, 0, 1, 1, 0, 1, 1, 0, 1, 1, 0]
Fitness: 980.844783 	[4, 15, 0, 9, 11, 1, 6, 2, 10, 0, 5, 0, 14, 3, 7, 8, 13, 12, 0, 0, 1, 1, 1, 0, 1, 1, 1, 1, 0, 1, 1, 0, 1, 0]
Fitness: 1004.981864 	[1, 13, 7, 8, 12, 0, 10, 14, 9, 6, 0, 2, 15, 3, 0, 11, 4, 5, 0, 1, 0, 0, 1, 0, 1, 1, 1, 1, 1, 0, 1, 1, 1, 0]
Fitness: 987.385037 	[4, 9, 14, 0, 15, 7, 5, 8, 11, 2, 6, 0, 12, 13, 1, 0, 10, 3, 0, 1, 0, 1, 1, 1, 1, 0, 1, 0, 1, 1, 0, 1, 1, 0]
Fitness: 1180.532948 	[3, 1, 6, 0, 8, 11, 12, 14, 15, 7, 10, 5, 0, 4, 9, 0, 13, 2, 0, 1, 0, 1, 1, 1, 1, 1, 1, 0, 1, 1, 0, 1, 0, 0]
Fitness: 1023.714573 	[3, 1, 6, 0, 9, 10, 4, 0, 13, 0, 2, 14, 11, 8, 5, 7, 12, 15, 0, 0, 1, 1, 0, 1, 1, 0, 1, 1, 1, 1, 0, 1, 1, 0]
Fitness: 1200.317426 	[5, 11, 14, 0, 15, 1, 6, 0, 9, 4, 0, 10, 12, 7, 2, 13, 3, 8, 0, 0, 1, 1, 1, 1, 0, 1, 1, 0, 1, 1, 0, 1, 1, 0]
Fitness: 1059.737669 	[3, 15, 8, 0, 9, 4, 6, 7, 10, 12, 13, 14, 0, 2, 5, 11, 0, 1, 0, 1, 0, 1, 1, 1, 1, 0, 1, 1, 0, 1, 1, 1, 0, 0]
Fitness: 1102.299142 	[14, 9, 0, 10, 2, 13, 3, 12, 0, 11, 6, 1, 0, 15, 8, 5, 4, 7, 0, 0, 1, 1, 1, 0, 1, 1, 1, 0, 1, 1, 0, 1, 1, 0]
Fitness: 1023.714573 	[7, 8, 2, 12, 13, 15, 0, 5, 14, 11, 0, 9, 10, 4, 0, 3, 1, 6, 0, 0, 1, 1, 0, 1, 1, 0, 1, 1, 1, 1, 0, 1, 1, 0]
Fitness: 1069.514486 	[11, 6, 1, 0, 15, 8, 5, 4, 7, 0, 10, 2, 13, 3, 12, 0, 14, 9, 0, 0, 1, 1, 1, 0, 1, 1, 1, 0, 1, 1, 0, 1, 1, 0]
Fitness: 1108.573033 	[8, 11, 12, 14, 15, 7, 0, 13, 3, 0, 4, 9, 10, 0, 6, 1, 2, 5, 0, 1, 1, 0, 1, 0, 1, 1, 0, 1, 0, 1, 1, 1, 1, 0]
Fitness: 1004.981864 	[10, 14, 9, 6, 0, 5, 0, 1, 13, 7, 8, 12, 11, 0, 2, 15, 3, 4, 0, 1, 0, 0, 1, 1, 1, 1, 1, 1, 0, 0, 1, 1, 1, 0]
Fitness: 1074.265574 	[4, 0, 2, 5, 9, 11, 0, 3, 15, 1, 10, 8, 0, 13, 6, 12, 7, 14, 0, 1, 0, 1, 1, 1, 1, 0, 1, 1, 1, 0, 1, 1, 0, 0]
Fitness: 1039.049822 	[3, 2, 6, 0, 4, 15, 7, 8, 10, 12, 13, 0, 14, 1, 11, 0, 9, 5, 0, 0, 1, 1, 0, 1, 1, 1, 1, 1, 0, 1, 1, 0, 1, 0]
Fitness: 1224.388568 	[4, 0, 1, 2, 3, 7, 15, 0, 11, 9, 10, 5, 12, 8, 0, 6, 14, 13, 0, 1, 0, 1, 1, 1, 1, 1, 1, 0, 1, 0, 1, 0, 1, 0]
Fitness: 1038.617898 	[10, 14, 5, 0, 11, 9, 4, 1, 0, 15, 12, 13, 8, 2, 0, 3, 6, 7, 0, 0, 1, 1, 1, 1, 1, 0, 1, 0, 1, 1, 0, 1, 1, 0]
Fitness: 1002.824682 	[15, 6, 11, 10, 0, 4, 0, 13, 8, 1, 14, 0, 2, 3, 9, 7, 12, 5, 0, 1, 0, 1, 1, 1, 0, 1, 0, 1, 0, 1, 1, 1, 1, 0]
Fitness: 987.385037 	[12, 13, 0, 4, 9, 14, 1, 0, 15, 7, 5, 8, 11, 2, 6, 0, 10, 3, 0, 1, 1, 1, 1, 1, 1, 0, 1, 0, 0, 1, 0, 1, 1, 0]
Fitness: 1036.402367 	[12, 15, 6, 5, 13, 8, 10, 7, 14, 0, 4, 0, 9, 1, 3, 2, 0, 11, 0, 1, 0, 1, 1, 1, 1, 0, 1, 0, 1, 1, 1, 0, 1, 0]
Fitness: 987.385037 	[12, 13, 1, 0, 4, 9, 14, 0, 15, 7, 5, 8, 11, 2, 6, 0, 10, 3, 0, 1, 0, 1, 1, 1, 1, 0, 1, 0, 1, 1, 0, 1, 1, 0]
Fitness: 983.043536 	[11, 6, 1, 15, 0, 3, 8, 5, 9, 10, 0, 13, 0, 7, 4, 2, 12, 14, 0, 1, 1, 1, 1, 1, 1, 1, 0, 1, 0, 0, 1, 0, 1, 0]
Fitness: 1095.992112 	[2, 0, 9, 13, 1, 0, 11, 3, 8, 5, 12, 6, 7, 0, 4, 14, 15, 10, 0, 0, 1, 1, 0, 1, 1, 1, 0, 1, 0, 1, 1, 1, 1, 0]
Fitness: 1201.004275 	[3, 1, 6, 0, 5, 11, 14, 0, 9, 4, 0, 7, 8, 2, 10, 12, 13, 15, 0, 0, 1, 1, 1, 1, 0, 1, 1, 0, 1, 1, 0, 1, 1, 0]
Fitness: 1148.922274 	[3, 1, 0, 6, 9, 10, 11, 0, 4, 5, 14, 0, 7, 8, 2, 12, 13, 15, 0, 1, 1, 1, 0, 1, 0, 1, 1, 1, 1, 1, 0, 1, 0, 0]
Fitness: 1046.897176 	[14, 11, 7, 8, 13, 12, 5, 0, 9, 10, 4, 6, 1, 0, 2, 15, 0, 3, 0, 1, 0, 1, 0, 1, 1, 1, 0, 1, 1, 1, 0, 1, 1, 0]
Fitness: 1106.884947 	[3, 6, 7, 10, 14, 5, 0, 15, 12, 13, 8, 2, 0, 11, 9, 4, 0, 1, 0, 0, 1, 0, 1, 1, 1, 1, 1, 0, 1, 1, 0, 1, 1, 0]
Fitness: 983.043536 	[3, 5, 9, 8, 6, 10, 0, 14, 1, 11, 0, 13, 15, 12, 0, 7, 4, 2, 0, 1, 1, 0, 1, 0, 1, 1, 1, 1, 1, 1, 1, 0, 0, 0]
Fitness: 1010.879095 	[9, 4, 0, 3, 15, 1, 10, 8, 0, 12, 13, 5, 14, 7, 0, 11, 6, 2, 0, 1, 0, 1, 1, 1, 1, 0, 1, 1, 1, 0, 1, 1, 0, 0]
Fitness: 1110.180995 	[2, 5, 9, 11, 0, 4, 0, 13, 6, 12, 7, 14, 0, 3, 15, 1, 10, 8, 0, 1, 0, 1, 1, 1, 1, 0, 1, 1, 1, 0, 1, 1, 0, 0]
Fitness: 1224.388568 	[1, 0, 4, 0, 11, 9, 10, 5, 12, 8, 0, 3, 6, 7, 2, 14, 13, 15, 0, 1, 0, 1, 1, 1, 0, 1, 1, 1, 1, 0, 1, 0, 1, 0]
Fitness: 975.178856 	[2, 15, 3, 11, 4, 0, 10, 14, 9, 6, 7, 0, 1, 13, 8, 12, 0, 5, 0, 1, 1, 0, 1, 1, 1, 0, 0, 1, 1, 0, 1, 1, 1, 0]
Fitness: 1180.532948 	[3, 1, 6, 0, 13, 2, 0, 8, 11, 12, 14, 15, 7, 10, 5, 0, 4, 9, 0, 1, 0, 1, 1, 0, 1, 1, 1, 1, 0, 1, 1, 1, 0, 0]
Fitness: 980.844783 	[9, 11, 1, 6, 2, 10, 0, 5, 4, 0, 15, 0, 14, 3, 7, 8, 13, 12, 0, 0, 1, 1, 0, 1, 0, 1, 1, 1, 0, 1, 1, 1, 1, 0]
Fitness: 1069.514486 	[10, 2, 13, 3, 12, 0, 14, 9, 0, 11, 6, 1, 0, 15, 8, 5, 4, 7, 0, 0, 1, 1, 1, 0, 1, 1, 1, 0, 1, 1, 0, 1, 1, 0]
Fitness: 1200.317426 	[15, 1, 6, 0, 9, 4, 0, 5, 11, 14, 0, 10, 12, 7, 2, 13, 3, 8, 0, 0, 1, 1, 1, 1, 0, 1, 1, 0, 1, 1, 0, 1, 1, 0]
Fitness: 1039.527580 	[12, 6, 13, 1, 0, 4, 9, 14, 0, 15, 7, 5, 8, 11, 2, 0, 10, 3, 0, 1, 0, 1, 1, 1, 0, 1, 1, 0, 1, 1, 0, 1, 1, 0]
Fitness: 1203.073280 	[5, 6, 0, 11, 13, 1, 0, 2, 7, 10, 9, 0, 15, 3, 4, 8, 12, 14, 0, 1, 0, 1, 0, 1, 1, 0, 1, 1, 1, 1, 0, 1, 1, 0]
Fitness: 1031.593099 	[11, 0, 9, 1, 3, 2, 0, 4, 0, 12, 15, 6, 5, 13, 8, 10, 7, 14, 0, 1, 0, 1, 1, 1, 0, 1, 0, 1, 1, 1, 1, 0, 1, 0]
Fitness: 993.891661 	[13, 0, 10, 14, 11, 8, 1, 3, 0, 5, 6, 4, 15, 2, 12, 7, 0, 9, 0, 1, 0, 1, 1, 1, 0, 1, 1, 1, 1, 0, 1, 1, 0, 0]
Fitness: 1010.609586 	[15, 1, 6, 0, 9, 0, 5, 11, 14, 0, 10, 12, 7, 2, 13, 3, 8, 4, 0, 0, 1, 1, 0, 1, 0, 1, 1, 1, 1, 1, 0, 1, 1, 0]
Fitness: 1069.514486 	[10, 2, 13, 3, 12, 0, 11, 6, 1, 0, 15, 8, 5, 4, 7, 0, 14, 9, 0, 0, 1, 1, 1, 0, 1, 1, 1, 0, 1, 1, 0, 1, 1, 0]
Fitness: 1186.316120 	[15, 1, 6, 0, 5, 11, 14, 0, 9, 4, 0, 10, 12, 7, 2, 13, 3, 8, 0, 0, 1, 1, 1, 1, 0, 1, 1, 0, 1, 1, 0, 1, 1, 0]
Fitness: 1045.185225 	[4, 14, 15, 10, 0, 9, 13, 1, 0, 11, 3, 8, 5, 12, 6, 7, 0, 2, 0, 0, 1, 1, 0, 1, 1, 0, 1, 0, 1, 1, 1, 1, 1, 0]
Fitness: 1148.922274 	[9, 10, 4, 6, 0, 7, 8, 2, 12, 13, 15, 0, 3, 1, 0, 5, 14, 11, 0, 1, 0, 1, 0, 1, 0, 1, 1, 1, 1, 1, 0, 1, 1, 0]
Time: 0.46139