Fitness: 1399.172565 	[11, 5, 6, 0, 2, 3, 4, 0, 7, 8, 9, 10, 12, 14, 15, 0, 1, 13, 0, 1, 0, 1, 1, 1, 1, 1, 0, 1, 1, 1, 1, 1, 0, 1, 1, 0, 1, 1, 1, 1, 1, 1, 1, 0]
Fitness: 1399.172565 	[11, 5, 6, 0, 2, 3, 4, 0, 7, 8, 9, 10, 12, 14, 15, 0, 1, 13, 0, 1, 0, 1, 1, 1, 1, 1, 0, 1, 1, 1, 1, 1, 0, 1, 1, 0, 1, 1, 1, 1, 1, 1, 1, 0]
Fitness: 1399.172565 	[2, 3, 4, 0, 11, 5, 6, 0, 7, 8, 9, 10, 12, 14, 15, 0, 1, 13, 0, 1, 0, 1, 1, 1, 1, 1, 0, 1, 1, 1, 1, 1, 0, 1, 1, 0, 1, 1, 1, 1, 1, 1, 1, 0]
Fitness: 1399.172565 	[2, 3, 4, 0, 11, 5, 6, 0, 7, 8, 9, 10, 12, 14, 15, 0, 1, 13, 0, 1, 0, 1, 1, 1, 1, 1, 0, 1, 1, 1, 1, 1, 0, 1, 1, 0, 1, 1, 1, 1, 1, 1, 1, 0]
Fitness: 1399.172565 	[2, 3, 4, 0, 11, 5, 6, 0, 7, 8, 9, 10, 12, 14, 15, 0, 1, 13, 0, 1, 0, 1, 1, 1, 1, 1, 0, 1, 1, 1, 1, 1, 0, 1, 1, 0, 1, 1, 1, 1, 1, 1, 1, 0]
Fitness: 1399.172565 	[2, 3, 4, 0, 11, 5, 6, 0, 7, 8, 9, 10, 12, 14, 15, 0, 1, 13, 0, 1, 0, 1, 1, 1, 1, 1, 0, 1, 1, 1, 1, 1, 0, 1, 1, 0, 1, 1, 1, 1, 1, 1, 1, 0]
Fitness: 1399.172565 	[2, 3, 4, 0, 11, 5, 6, 0, 7, 8, 9, 10, 12, 14, 15, 0, 1, 13, 0, 1, 0, 1, 1, 1, 1, 1, 0, 1, 1, 1, 1, 1, 0, 1, 1, 0, 1, 1, 1, 1, 1, 1, 1, 0]
Fitness: 1399.172565 	[2, 3, 4, 0, 11, 5, 6, 0, 7, 8, 9, 10, 12, 14, 15, 0, 1, 13, 0, 1, 0, 1, 1, 1, 1, 1, 0, 1, 1, 1, 1, 1, 0, 1, 1, 0, 1, 1, 1, 1, 1, 1, 1, 0]
Fitness: 1399.172565 	[2, 3, 4, 0, 11, 5, 6, 0, 7, 8, 9, 10, 12, 14, 15, 0, 1, 13, 0, 1, 0, 1, 1, 1, 1, 1, 0, 1, 1, 1, 1, 1, 0, 1, 1, 0, 1, 1, 1, 1, 1, 1, 1, 0]
Fitness: 1399.172565 	[2, 3, 4, 0, 11, 5, 6, 0, 7, 8, 9, 10, 12, 14, 15, 0, 1, 13, 0, 1, 0, 1, 1, 1, 1, 1, 0, 1, 1, 1, 1, 1, 0, 1, 1, 0, 1, 1, 1, 1, 1, 1, 1, 0]
Fitness: 1399.172565 	[2, 3, 4, 0, 11, 5, 6, 0, 7, 8, 9, 10, 12, 14, 15, 0, 1, 13, 0, 1, 0, 1, 1, 1, 1, 1, 0, 1, 1, 1, 1, 1, 0, 1, 1, 0, 1, 1, 1, 1, 1, 1, 1, 0]
Fitness: 1399.172565 	[2, 3, 4, 0, 11, 5, 6, 0, 7, 8, 9, 10, 12, 14, 15, 0, 1, 13, 0, 1, 0, 1, 1, 1, 1, 1, 0, 1, 1, 1, 1, 1, 0, 1, 1, 0, 1, 1, 1, 1, 1, 1, 1, 0]
Fitness: 1399.172565 	[2, 3, 4, 0, 11, 5, 6, 0, 7, 8, 9, 10, 12, 14, 15, 0, 1, 13, 0, 1, 0, 1, 1, 1, 1, 1, 0, 1, 1, 1, 1, 1, 0, 1, 1, 0, 1, 1, 1, 1, 1, 1, 1, 0]
Fitness: 1399.172565 	[2, 3, 4, 0, 11, 5, 6, 0, 7, 8, 9, 10, 12, 14, 15, 0, 1, 13, 0, 1, 0, 1, 1, 1, 1, 1, 0, 1, 1, 1, 1, 1, 0, 1, 1, 0, 1, 1, 1, 1, 1, 1, 1, 0]
Fitness: 1399.172565 	[2, 3, 4, 0, 11, 5, 6, 0, 7, 8, 9, 10, 12, 14, 15, 0, 1, 13, 0, 1, 0, 1, 1, 1, 1, 1, 0, 1, 1, 1, 1, 1, 0, 1, 1, 0, 1, 1, 1, 1, 1, 1, 1, 0]
Fitness: 1399.172565 	[2, 3, 4, 0, 11, 5, 6, 0, 7, 8, 9, 10, 12, 14, 15, 0, 1, 13, 0, 1, 0, 1, 1, 1, 1, 1, 0, 1, 1, 1, 1, 1, 0, 1, 1, 0, 1, 1, 1, 1, 1, 1, 1, 0]
Fitness: 1399.172565 	[2, 3, 4, 0, 11, 5, 6, 0, 7, 8, 9, 10, 12, 14, 15, 0, 1, 13, 0, 1, 0, 1, 1, 1, 1, 1, 0, 1, 1, 1, 1, 1, 0, 1, 1, 0, 1, 1, 1, 1, 1, 1, 1, 0]
Fitness: 1399.172565 	[2, 3, 4, 0, 11, 5, 6, 0, 7, 8, 9, 10, 12, 14, 15, 0, 1, 13, 0, 1, 0, 1, 1, 1, 1, 1, 0, 1, 1, 1, 1, 1, 0, 1, 1, 0, 1, 1, 1, 1, 1, 1, 1, 0]
Fitness: 1399.172565 	[2, 3, 4, 0, 11, 5, 6, 0, 7, 8, 9, 10, 12, 14, 15, 0, 1, 13, 0, 1, 0, 1, 1, 1, 1, 1, 0, 1, 1, 1, 1, 1, 0, 1, 1, 0, 1, 1, 1, 1, 1, 1, 1, 0]
Fitness: 1399.172565 	[2, 3, 4, 0, 11, 5, 6, 0, 7, 8, 9, 10, 12, 14, 15, 0, 1, 13, 0, 1, 0, 1, 1, 1, 1, 1, 0, 1, 1, 1, 1, 1, 0, 1, 1, 0, 1, 1, 1, 1, 1, 1, 1, 0]
Fitness: 1399.172565 	[2, 3, 4, 0, 11, 5, 6, 0, 7, 8, 9, 10, 12, 14, 15, 0, 1, 13, 0, 1, 0, 1, 1, 1, 1, 1, 0, 1, 1, 1, 1, 1, 0, 1, 1, 0, 1, 1, 1, 1, 1, 1, 1, 0]
Fitness: 1399.172565 	[2, 3, 4, 0, 11, 5, 6, 0, 7, 8, 9, 10, 12, 14, 15, 0, 1, 13, 0, 1, 0, 1, 1, 1, 1, 1, 0, 1, 1, 1, 1, 1, 0, 1, 1, 0, 1, 1, 1, 1, 1, 1, 1, 0]
Fitness: 1399.172565 	[2, 3, 4, 0, 11, 5, 6, 0, 7, 8, 9, 10, 12, 14, 15, 0, 1, 13, 0, 1, 0, 1, 1, 1, 1, 1, 0, 1, 1, 1, 1, 1, 0, 1, 1, 0, 1, 1, 1, 1, 1, 1, 1, 0]
Fitness: 1399.172565 	[2, 3, 4, 0, 11, 5, 6, 0, 7, 8, 9, 10, 12, 14, 15, 0, 1, 13, 0, 1, 0, 1, 1, 1, 1, 1, 0, 1, 1, 1, 1, 1, 0, 1, 1, 0, 1, 1, 1, 1, 1, 1, 1, 0]
Fitness: 1399.172565 	[2, 3, 4, 0, 11, 5, 6, 0, 7, 8, 9, 10, 12, 14, 15, 0, 1, 13, 0, 1, 0, 1, 1, 1, 1, 1, 0, 1, 1, 1, 1, 1, 0, 1, 1, 0, 1, 1, 1, 1, 1, 1, 1, 0]
Fitness: 1399.172565 	[2, 3, 4, 0, 11, 5, 6, 0, 7, 8, 9, 10, 12, 14, 15, 0, 1, 13, 0, 1, 0, 1, 1, 1, 1, 1, 0, 1, 1, 1, 1, 1, 0, 1, 1, 0, 1, 1, 1, 1, 1, 1, 1, 0]
Fitness: 1399.172565 	[2, 3, 4, 0, 11, 5, 6, 0, 7, 8, 9, 10, 12, 14, 15, 0, 1, 13, 0, 1, 0, 1, 1, 1, 1, 1, 0, 1, 1, 1, 1, 1, 0, 1, 1, 0, 1, 1, 1, 1, 1, 1, 1, 0]
Fitness: 1399.172565 	[2, 3, 4, 0, 11, 5, 6, 0, 7, 8, 9, 10, 12, 14, 15, 0, 1, 13, 0, 1, 0, 1, 1, 1, 1, 1, 0, 1, 1, 1, 1, 1, 0, 1, 1, 0, 1, 1, 1, 1, 1, 1, 1, 0]
Fitness: 1399.172565 	[2, 3, 4, 0, 11, 5, 6, 0, 7, 8, 9, 10, 12, 14, 15, 0, 1, 13, 0, 1, 0, 1, 1, 1, 1, 1, 0, 1, 1, 1, 1, 1, 0, 1, 1, 0, 1, 1, 1, 1, 1, 1, 1, 0]
Fitness: 1399.172565 	[2, 3, 4, 0, 11, 5, 6, 0, 7, 8, 9, 10, 12, 14, 15, 0, 1, 13, 0, 1, 0, 1, 1, 1, 1, 1, 0, 1, 1, 1, 1, 1, 0, 1, 1, 0, 1, 1, 1, 1, 1, 1, 1, 0]
Fitness: 1399.172565 	[2, 3, 4, 0, 11, 5, 6, 0, 7, 8, 9, 10, 12, 14, 15, 0, 1, 13, 0, 1, 0, 1, 1, 1, 1, 1, 0, 1, 1, 1, 1, 1, 0, 1, 1, 0, 1, 1, 1, 1, 1, 1, 1, 0]
Fitness: 1399.172565 	[2, 3, 4, 0, 11, 5, 6, 0, 7, 8, 9, 10, 12, 14, 15, 0, 1, 13, 0, 1, 0, 1, 1, 1, 1, 1, 0, 1, 1, 1, 1, 1, 0, 1, 1, 0, 1, 1, 1, 1, 1, 1, 1, 0]
Fitness: 1399.172565 	[2, 3, 4, 0, 11, 5, 6, 0, 7, 8, 9, 10, 12, 14, 15, 0, 1, 13, 0, 1, 0, 1, 1, 1, 1, 1, 0, 1, 1, 1, 1, 1, 0, 1, 1, 0, 1, 1, 1, 1, 1, 1, 1, 0]
Fitness: 1399.172565 	[2, 3, 4, 0, 11, 5, 6, 0, 7, 8, 9, 10, 12, 14, 15, 0, 1, 13, 0, 1, 0, 1, 1, 1, 1, 1, 0, 1, 1, 1, 1, 1, 0, 1, 1, 0, 1, 1, 1, 1, 1, 1, 1, 0]
Fitness: 1399.172565 	[2, 3, 4, 0, 11, 5, 6, 0, 7, 8, 9, 10, 12, 14, 15, 0, 1, 13, 0, 1, 0, 1, 1, 1, 1, 1, 0, 1, 1, 1, 1, 1, 0, 1, 1, 0, 1, 1, 1, 1, 1, 1, 1, 0]
Fitness: 1399.172565 	[2, 3, 4, 0, 11, 5, 6, 0, 7, 8, 9, 10, 12, 14, 15, 0, 1, 13, 0, 1, 0, 1, 1, 1, 1, 1, 0, 1, 1, 1, 1, 1, 0, 1, 1, 0, 1, 1, 1, 1, 1, 1, 1, 0]
Fitness: 1399.172565 	[2, 3, 4, 0, 11, 5, 6, 0, 7, 8, 9, 10, 12, 14, 15, 0, 1, 13, 0, 1, 0, 1, 1, 1, 1, 1, 0, 1, 1, 1, 1, 1, 0, 1, 1, 0, 1, 1, 1, 1, 1, 1, 1, 0]
Fitness: 1399.172565 	[2, 3, 4, 0, 11, 5, 6, 0, 7, 8, 9, 10, 12, 14, 15, 0, 1, 13, 0, 1, 0, 1, 1, 1, 1, 1, 0, 1, 1, 1, 1, 1, 0, 1, 1, 0, 1, 1, 1, 1, 1, 1, 1, 0]
Fitness: 1398.936683 	[9, 3, 4, 0, 11, 5, 6, 0, 2, 7, 12, 8, 10, 15, 14, 0, 1, 13, 0, 1, 0, 1, 1, 1, 1, 1, 0, 1, 1, 1, 1, 1, 0, 1, 1, 0, 1, 1, 1, 1, 1, 1, 1, 0]
Fitness: 1398.936683 	[9, 3, 4, 0, 11, 5, 6, 0, 2, 7, 12, 8, 10, 15, 14, 0, 1, 13, 0, 1, 0, 1, 1, 1, 1, 1, 0, 1, 1, 1, 1, 1, 0, 1, 1, 0, 1, 1, 1, 1, 1, 1, 1, 0]
Fitness: 1398.936683 	[9, 3, 4, 0, 11, 5, 6, 0, 2, 7, 12, 8, 10, 15, 14, 0, 1, 13, 0, 1, 0, 1, 1, 1, 1, 1, 0, 1, 1, 1, 1, 1, 0, 1, 1, 0, 1, 1, 1, 1, 1, 1, 1, 0]
Fitness: 1398.936683 	[9, 3, 4, 0, 11, 5, 6, 0, 2, 7, 12, 8, 10, 15, 14, 0, 1, 13, 0, 1, 0, 1, 1, 1, 1, 1, 0, 1, 1, 1, 1, 1, 0, 1, 1, 0, 1, 1, 1, 1, 1, 1, 1, 0]
Fitness: 1398.936683 	[9, 3, 4, 0, 11, 5, 6, 0, 2, 7, 12, 8, 10, 15, 14, 0, 1, 13, 0, 1, 0, 1, 1, 1, 1, 1, 0, 1, 1, 1, 1, 1, 0, 1, 1, 0, 1, 1, 1, 1, 1, 1, 1, 0]
Fitness: 1398.936683 	[9, 3, 4, 0, 11, 5, 6, 0, 2, 7, 12, 8, 10, 15, 14, 0, 1, 13, 0, 1, 0, 1, 1, 1, 1, 1, 0, 1, 1, 1, 1, 1, 0, 1, 1, 0, 1, 1, 1, 1, 1, 1, 1, 0]
Fitness: 1398.936683 	[9, 3, 4, 0, 11, 5, 6, 0, 2, 7, 12, 8, 10, 15, 14, 0, 1, 13, 0, 1, 0, 1, 1, 1, 1, 1, 0, 1, 1, 1, 1, 1, 0, 1, 1, 0, 1, 1, 1, 1, 1, 1, 1, 0]
Fitness: 1398.936683 	[9, 3, 4, 0, 11, 5, 6, 0, 2, 7, 12, 8, 10, 15, 14, 0, 1, 13, 0, 1, 0, 1, 1, 1, 1, 1, 0, 1, 1, 1, 1, 1, 0, 1, 1, 0, 1, 1, 1, 1, 1, 1, 1, 0]
Fitness: 1398.936683 	[9, 3, 4, 0, 11, 5, 6, 0, 2, 7, 12, 8, 10, 15, 14, 0, 1, 13, 0, 1, 0, 1, 1, 1, 1, 1, 0, 1, 1, 1, 1, 1, 0, 1, 1, 0, 1, 1, 1, 1, 1, 1, 1, 0]
Fitness: 1398.936683 	[9, 3, 4, 0, 11, 5, 6, 0, 2, 7, 12, 8, 10, 15, 14, 0, 1, 13, 0, 1, 0, 1, 1, 1, 1, 1, 0, 1, 1, 1, 1, 1, 0, 1, 1, 0, 1, 1, 1, 1, 1, 1, 1, 0]
Fitness: 1398.936683 	[9, 3, 4, 0, 11, 5, 6, 0, 2, 7, 12, 8, 10, 15, 14, 0, 1, 13, 0, 1, 0, 1, 1, 1, 1, 1, 0, 1, 1, 1, 1, 1, 0, 1, 1, 0, 1, 1, 1, 1, 1, 1, 1, 0]
Fitness: 1398.936683 	[9, 3, 4, 0, 11, 5, 6, 0, 2, 7, 12, 8, 10, 15, 14, 0, 1, 13, 0, 1, 0, 1, 1, 1, 1, 1, 0, 1, 1, 1, 1, 1, 0, 1, 1, 0, 1, 1, 1, 1, 1, 1, 1, 0]
Fitness: 1398.936683 	[9, 3, 4, 0, 11, 5, 6, 0, 2, 7, 12, 8, 10, 15, 14, 0, 1, 13, 0, 1, 0, 1, 1, 1, 1, 1, 0, 1, 1, 1, 1, 1, 0, 1, 1, 0, 1, 1, 1, 1, 1, 1, 1, 0]
Fitness: 1398.936683 	[9, 3, 4, 0, 11, 5, 6, 0, 2, 7, 12, 8, 10, 15, 14, 0, 1, 13, 0, 1, 0, 1, 1, 1, 1, 1, 0, 1, 1, 1, 1, 1, 0, 1, 1, 0, 1, 1, 1, 1, 1, 1, 1, 0]
Fitness: 1398.936683 	[9, 3, 4, 0, 11, 5, 6, 0, 2, 7, 12, 8, 10, 15, 14, 0, 1, 13, 0, 1, 0, 1, 1, 1, 1, 1, 0, 1, 1, 1, 1, 1, 0, 1, 1, 0, 1, 1, 1, 1, 1, 1, 1, 0]
Fitness: 1398.936683 	[9, 3, 4, 0, 11, 5, 6, 0, 2, 7, 12, 8, 10, 15, 14, 0, 1, 13, 0, 1, 0, 1, 1, 1, 1, 1, 0, 1, 1, 1, 1, 1, 0, 1, 1, 0, 1, 1, 1, 1, 1, 1, 1, 0]
Fitness: 1398.936683 	[9, 3, 4, 0, 11, 5, 6, 0, 2, 7, 12, 8, 10, 15, 14, 0, 1, 13, 0, 1, 0, 1, 1, 1, 1, 1, 0, 1, 1, 1, 1, 1, 0, 1, 1, 0, 1, 1, 1, 1, 1, 1, 1, 0]
Fitness: 1398.936683 	[9, 3, 4, 0, 11, 5, 6, 0, 2, 7, 12, 8, 10, 15, 14, 0, 1, 13, 0, 1, 0, 1, 1, 1, 1, 1, 0, 1, 1, 1, 1, 1, 0, 1, 1, 0, 1, 1, 1, 1, 1, 1, 1, 0]
Fitness: 1398.936683 	[9, 3, 4, 0, 11, 5, 6, 0, 2, 7, 12, 8, 10, 15, 14, 0, 1, 13, 0, 1, 0, 1, 1, 1, 1, 1, 0, 1, 1, 1, 1, 1, 0, 1, 1, 0, 1, 1, 1, 1, 1, 1, 1, 0]
Fitness: 1398.936683 	[9, 3, 4, 0, 11, 5, 6, 0, 2, 7, 12, 8, 10, 15, 14, 0, 1, 13, 0, 1, 0, 1, 1, 1, 1, 1, 0, 1, 1, 1, 1, 1, 0, 1, 1, 0, 1, 1, 1, 1, 1, 1, 1, 0]
Fitness: 1398.936683 	[9, 3, 4, 0, 11, 5, 6, 0, 2, 7, 12, 8, 10, 15, 14, 0, 1, 13, 0, 1, 0, 1, 1, 1, 1, 1, 0, 1, 1, 1, 1, 1, 0, 1, 1, 0, 1, 1, 1, 1, 1, 1, 1, 0]
Fitness: 1398.936683 	[9, 3, 4, 0, 11, 5, 6, 0, 2, 7, 12, 8, 10, 15, 14, 0, 1, 13, 0, 1, 0, 1, 1, 1, 1, 1, 0, 1, 1, 1, 1, 1, 0, 1, 1, 0, 1, 1, 1, 1, 1, 1, 1, 0]
Fitness: 1398.936683 	[9, 3, 4, 0, 11, 5, 6, 0, 2, 7, 12, 8, 10, 15, 14, 0, 1, 13, 0, 1, 0, 1, 1, 1, 1, 1, 0, 1, 1, 1, 1, 1, 0, 1, 1, 0, 1, 1, 1, 1, 1, 1, 1, 0]
Fitness: 1398.936683 	[9, 3, 4, 0, 11, 5, 6, 0, 2, 7, 12, 8, 10, 15, 14, 0, 1, 13, 0, 1, 0, 1, 1, 1, 1, 1, 0, 1, 1, 1, 1, 1, 0, 1, 1, 0, 1, 1, 1, 1, 1, 1, 1, 0]
Fitness: 1398.936683 	[9, 3, 4, 0, 11, 5, 6, 0, 2, 7, 12, 8, 10, 15, 14, 0, 1, 13, 0, 1, 0, 1, 1, 1, 1, 1, 0, 1, 1, 1, 1, 1, 0, 1, 1, 0, 1, 1, 1, 1, 1, 1, 1, 0]
Fitness: 1398.936683 	[9, 3, 4, 0, 11, 5, 6, 0, 2, 7, 12, 8, 10, 15, 14, 0, 1, 13, 0, 1, 0, 1, 1, 1, 1, 1, 0, 1, 1, 1, 1, 1, 0, 1, 1, 0, 1, 1, 1, 1, 1, 1, 1, 0]
Fitness: 1398.936683 	[9, 3, 4, 0, 11, 5, 6, 0, 2, 7, 12, 8, 10, 15, 14, 0, 1, 13, 0, 1, 0, 1, 1, 1, 1, 1, 0, 1, 1, 1, 1, 1, 0, 1, 1, 0, 1, 1, 1, 1, 1, 1, 1, 0]
Fitness: 1398.936683 	[9, 3, 4, 0, 11, 5, 6, 0, 2, 7, 12, 8, 10, 15, 14, 0, 1, 13, 0, 1, 0, 1, 1, 1, 1, 1, 0, 1, 1, 1, 1, 1, 0, 1, 1, 0, 1, 1, 1, 1, 1, 1, 1, 0]
Fitness: 1398.936683 	[9, 3, 4, 0, 11, 5, 6, 0, 2, 7, 12, 8, 10, 15, 14, 0, 1, 13, 0, 1, 0, 1, 1, 1, 1, 1, 0, 1, 1, 1, 1, 1, 0, 1, 1, 0, 1, 1, 1, 1, 1, 1, 1, 0]
Fitness: 1398.936683 	[9, 3, 4, 0, 11, 5, 6, 0, 2, 7, 12, 8, 10, 15, 14, 0, 1, 13, 0, 1, 0, 1, 1, 1, 1, 1, 0, 1, 1, 1, 1, 1, 0, 1, 1, 0, 1, 1, 1, 1, 1, 1, 1, 0]
Fitness: 1398.936683 	[9, 3, 4, 0, 11, 5, 6, 0, 2, 7, 12, 8, 10, 15, 14, 0, 1, 13, 0, 1, 0, 1, 1, 1, 1, 1, 0, 1, 1, 1, 1, 1, 0, 1, 1, 0, 1, 1, 1, 1, 1, 1, 1, 0]
Fitness: 1398.936683 	[9, 3, 4, 0, 11, 5, 6, 0, 2, 7, 12, 8, 10, 15, 14, 0, 1, 13, 0, 1, 0, 1, 1, 1, 1, 1, 0, 1, 1, 1, 1, 1, 0, 1, 1, 0, 1, 1, 1, 1, 1, 1, 1, 0]
Fitness: 1398.936683 	[9, 3, 4, 0, 11, 5, 6, 0, 2, 7, 12, 8, 10, 15, 14, 0, 1, 13, 0, 1, 0, 1, 1, 1, 1, 1, 0, 1, 1, 1, 1, 1, 0, 1, 1, 0, 1, 1, 1, 1, 1, 1, 1, 0]
Fitness: 1398.936683 	[9, 3, 4, 0, 11, 5, 6, 0, 2, 7, 12, 8, 10, 15, 14, 0, 1, 13, 0, 1, 0, 1, 1, 1, 1, 1, 0, 1, 1, 1, 1, 1, 0, 1, 1, 0, 1, 1, 1, 1, 1, 1, 1, 0]
Fitness: 1398.936683 	[9, 3, 4, 0, 11, 5, 6, 0, 2, 7, 12, 8, 10, 15, 14, 0, 1, 13, 0, 1, 0, 1, 1, 1, 1, 1, 0, 1, 1, 1, 1, 1, 0, 1, 1, 0, 1, 1, 1, 1, 1, 1, 1, 0]
Fitness: 1398.936683 	[9, 3, 4, 0, 11, 5, 6, 0, 2, 7, 12, 8, 10, 15, 14, 0, 1, 13, 0, 1, 0, 1, 1, 1, 1, 1, 0, 1, 1, 1, 1, 1, 0, 1, 1, 0, 1, 1, 1, 1, 1, 1, 1, 0]
Fitness: 1398.936683 	[9, 3, 4, 0, 11, 5, 6, 0, 2, 7, 12, 8, 10, 15, 14, 0, 1, 13, 0, 1, 0, 1, 1, 1, 1, 1, 0, 1, 1, 1, 1, 1, 0, 1, 1, 0, 1, 1, 1, 1, 1, 1, 1, 0]
Fitness: 1398.936683 	[9, 3, 4, 0, 11, 5, 6, 0, 2, 7, 12, 8, 10, 15, 14, 0, 1, 13, 0, 1, 0, 1, 1, 1, 1, 1, 0, 1, 1, 1, 1, 1, 0, 1, 1, 0, 1, 1, 1, 1, 1, 1, 1, 0]
Fitness: 1398.936683 	[9, 3, 4, 0, 11, 5, 6, 0, 2, 7, 12, 8, 10, 15, 14, 0, 1, 13, 0, 1, 0, 1, 1, 1, 1, 1, 0, 1, 1, 1, 1, 1, 0, 1, 1, 0, 1, 1, 1, 1, 1, 1, 1, 0]
Fitness: 1398.936683 	[9, 3, 4, 0, 11, 5, 6, 0, 2, 7, 12, 8, 10, 15, 14, 0, 1, 13, 0, 1, 0, 1, 1, 1, 1, 1, 0, 1, 1, 1, 1, 1, 0, 1, 1, 0, 1, 1, 1, 1, 1, 1, 1, 0]
Fitness: 1398.936683 	[9, 3, 4, 0, 11, 5, 6, 0, 2, 7, 12, 8, 10, 15, 14, 0, 1, 13, 0, 1, 0, 1, 1, 1, 1, 1, 0, 1, 1, 1, 1, 1, 0, 1, 1, 0, 1, 1, 1, 1, 1, 1, 1, 0]
Fitness: 1398.936683 	[9, 3, 4, 0, 11, 5, 6, 0, 2, 7, 12, 8, 10, 15, 14, 0, 1, 13, 0, 1, 0, 1, 1, 1, 1, 1, 0, 1, 1, 1, 1, 1, 0, 1, 1, 0, 1, 1, 1, 1, 1, 1, 1, 0]
Fitness: 1398.936683 	[9, 3, 4, 0, 11, 5, 6, 0, 2, 7, 12, 8, 10, 15, 14, 0, 1, 13, 0, 1, 0, 1, 1, 1, 1, 1, 0, 1, 1, 1, 1, 1, 0, 1, 1, 0, 1, 1, 1, 1, 1, 1, 1, 0]
Fitness: 1398.936683 	[9, 3, 4, 0, 11, 5, 6, 0, 2, 7, 12, 8, 10, 15, 14, 0, 1, 13, 0, 1, 0, 1, 1, 1, 1, 1, 0, 1, 1, 1, 1, 1, 0, 1, 1, 0, 1, 1, 1, 1, 1, 1, 1, 0]
Fitness: 1398.936683 	[9, 3, 4, 0, 11, 5, 6, 0, 2, 7, 12, 8, 10, 15, 14, 0, 1, 13, 0, 1, 0, 1, 1, 1, 1, 1, 0, 1, 1, 1, 1, 1, 0, 1, 1, 0, 1, 1, 1, 1, 1, 1, 1, 0]
Fitness: 1398.936683 	[9, 3, 4, 0, 11, 5, 6, 0, 2, 7, 12, 8, 10, 15, 14, 0, 1, 13, 0, 1, 0, 1, 1, 1, 1, 1, 0, 1, 1, 1, 1, 1, 0, 1, 1, 0, 1, 1, 1, 1, 1, 1, 1, 0]
Fitness: 1398.936683 	[9, 3, 4, 0, 11, 5, 6, 0, 2, 7, 12, 8, 10, 15, 14, 0, 1, 13, 0, 1, 0, 1, 1, 1, 1, 1, 0, 1, 1, 1, 1, 1, 0, 1, 1, 0, 1, 1, 1, 1, 1, 1, 1, 0]
Fitness: 1398.936683 	[9, 3, 4, 0, 11, 5, 6, 0, 2, 7, 12, 8, 10, 15, 14, 0, 1, 13, 0, 1, 0, 1, 1, 1, 1, 1, 0, 1, 1, 1, 1, 1, 0, 1, 1, 0, 1, 1, 1, 1, 1, 1, 1, 0]
Fitness: 1398.936683 	[9, 3, 4, 0, 11, 5, 6, 0, 2, 7, 12, 8, 10, 15, 14, 0, 1, 13, 0, 1, 0, 1, 1, 1, 1, 1, 0, 1, 1, 1, 1, 1, 0, 1, 1, 0, 1, 1, 1, 1, 1, 1, 1, 0]
Fitness: 1398.936683 	[9, 3, 4, 0, 11, 5, 6, 0, 2, 7, 12, 8, 10, 15, 14, 0, 1, 13, 0, 1, 0, 1, 1, 1, 1, 1, 0, 1, 1, 1, 1, 1, 0, 1, 1, 0, 1, 1, 1, 1, 1, 1, 1, 0]
Fitness: 1398.936683 	[9, 3, 4, 0, 11, 5, 6, 0, 2, 7, 12, 8, 10, 15, 14, 0, 1, 13, 0, 1, 0, 1, 1, 1, 1, 1, 0, 1, 1, 1, 1, 1, 0, 1, 1, 0, 1, 1, 1, 1, 1, 1, 1, 0]
Fitness: 1398.936683 	[9, 3, 4, 0, 11, 5, 6, 0, 2, 7, 12, 8, 10, 15, 14, 0, 1, 13, 0, 1, 0, 1, 1, 1, 1, 1, 0, 1, 1, 1, 1, 1, 0, 1, 1, 0, 1, 1, 1, 1, 1, 1, 1, 0]
Fitness: 1398.936683 	[9, 3, 4, 0, 11, 5, 6, 0, 2, 7, 12, 8, 10, 15, 14, 0, 1, 13, 0, 1, 0, 1, 1, 1, 1, 1, 0, 1, 1, 1, 1, 1, 0, 1, 1, 0, 1, 1, 1, 1, 1, 1, 1, 0]
Fitness: 1398.936683 	[9, 3, 4, 0, 11, 5, 6, 0, 2, 7, 12, 8, 10, 15, 14, 0, 1, 13, 0, 1, 0, 1, 1, 1, 1, 1, 0, 1, 1, 1, 1, 1, 0, 1, 1, 0, 1, 1, 1, 1, 1, 1, 1, 0]
Fitness: 1398.936683 	[9, 3, 4, 0, 11, 5, 6, 0, 2, 7, 12, 8, 10, 15, 14, 0, 1, 13, 0, 1, 0, 1, 1, 1, 1, 1, 0, 1, 1, 1, 1, 1, 0, 1, 1, 0, 1, 1, 1, 1, 1, 1, 1, 0]
Fitness: 1398.936683 	[9, 3, 4, 0, 11, 5, 6, 0, 2, 7, 12, 8, 10, 15, 14, 0, 1, 13, 0, 1, 0, 1, 1, 1, 1, 1, 0, 1, 1, 1, 1, 1, 0, 1, 1, 0, 1, 1, 1, 1, 1, 1, 1, 0]
Fitness: 1398.936683 	[9, 3, 4, 0, 11, 5, 6, 0, 2, 7, 12, 8, 10, 15, 14, 0, 1, 13, 0, 1, 0, 1, 1, 1, 1, 1, 0, 1, 1, 1, 1, 1, 0, 1, 1, 0, 1, 1, 1, 1, 1, 1, 1, 0]
Fitness: 1398.936683 	[9, 3, 4, 0, 11, 5, 6, 0, 2, 7, 12, 8, 10, 15, 14, 0, 1, 13, 0, 1, 0, 1, 1, 1, 1, 1, 0, 1, 1, 1, 1, 1, 0, 1, 1, 0, 1, 1, 1, 1, 1, 1, 1, 0]
Fitness: 1398.936683 	[9, 3, 4, 0, 11, 5, 6, 0, 2, 7, 12, 8, 10, 15, 14, 0, 1, 13, 0, 1, 0, 1, 1, 1, 1, 1, 0, 1, 1, 1, 1, 1, 0, 1, 1, 0, 1, 1, 1, 1, 1, 1, 1, 0]
Fitness: 1398.936683 	[9, 3, 4, 0, 11, 5, 6, 0, 2, 7, 12, 8, 10, 15, 14, 0, 1, 13, 0, 1, 0, 1, 1, 1, 1, 1, 0, 1, 1, 1, 1, 1, 0, 1, 1, 0, 1, 1, 1, 1, 1, 1, 1, 0]
Fitness: 1398.936683 	[9, 3, 4, 0, 11, 5, 6, 0, 2, 7, 12, 8, 10, 15, 14, 0, 1, 13, 0, 1, 0, 1, 1, 1, 1, 1, 0, 1, 1, 1, 1, 1, 0, 1, 1, 0, 1, 1, 1, 1, 1, 1, 1, 0]
Fitness: 1398.936683 	[9, 3, 4, 0, 11, 5, 6, 0, 2, 7, 12, 8, 10, 15, 14, 0, 1, 13, 0, 1, 0, 1, 1, 1, 1, 1, 0, 1, 1, 1, 1, 1, 0, 1, 1, 0, 1, 1, 1, 1, 1, 1, 1, 0]
Fitness: 1398.936683 	[9, 3, 4, 0, 11, 5, 6, 0, 2, 7, 12, 8, 10, 15, 14, 0, 1, 13, 0, 1, 0, 1, 1, 1, 1, 1, 0, 1, 1, 1, 1, 1, 0, 1, 1, 0, 1, 1, 1, 1, 1, 1, 1, 0]
Fitness: 1399.172565 	[2, 3, 4, 0, 11, 5, 6, 0, 7, 8, 9, 10, 12, 14, 15, 0, 1, 13, 0, 1, 0, 1, 1, 1, 1, 1, 0, 1, 1, 1, 1, 1, 0, 1, 1, 0, 1, 1, 1, 1, 1, 1, 1, 0]
Fitness: 1398.936683 	[2, 3, 4, 0, 7, 8, 9, 0, 11, 5, 6, 0, 1, 13, 10, 12, 14, 15, 0, 1, 0, 1, 1, 1, 1, 1, 0, 1, 1, 1, 1, 1, 0, 1, 1, 0, 1, 1, 1, 1, 1, 1, 1, 0]
Fitness: 1398.936683 	[9, 3, 4, 0, 11, 5, 6, 0, 2, 7, 12, 8, 10, 15, 14, 0, 1, 13, 0, 1, 0, 1, 1, 1, 1, 1, 0, 1, 1, 1, 1, 1, 0, 1, 1, 0, 1, 1, 1, 1, 1, 1, 1, 0]
Fitness: 1399.172565 	[2, 3, 4, 0, 11, 5, 6, 0, 7, 8, 9, 10, 12, 14, 15, 0, 1, 13, 0, 1, 0, 1, 1, 1, 1, 1, 0, 1, 1, 1, 1, 1, 0, 1, 1, 0, 1, 1, 1, 1, 1, 1, 1, 0]
Fitness: 1398.936683 	[2, 7, 8, 0, 9, 3, 4, 0, 11, 5, 6, 0, 1, 13, 10, 12, 14, 15, 0, 1, 0, 1, 1, 1, 1, 1, 0, 1, 1, 1, 1, 1, 0, 1, 1, 0, 1, 1, 1, 1, 1, 1, 1, 0]
Fitness: 1398.936683 	[9, 3, 4, 0, 11, 5, 6, 0, 2, 7, 12, 8, 10, 15, 14, 0, 1, 13, 0, 1, 0, 1, 1, 1, 1, 1, 0, 1, 1, 1, 1, 1, 0, 1, 1, 0, 1, 1, 1, 1, 1, 1, 1, 0]
Fitness: 1398.936683 	[9, 3, 4, 0, 11, 5, 6, 0, 2, 7, 12, 8, 10, 15, 14, 0, 1, 13, 0, 1, 0, 1, 1, 1, 1, 1, 0, 1, 1, 1, 1, 1, 0, 1, 1, 0, 1, 1, 1, 1, 1, 1, 1, 0]
Fitness: 1398.936683 	[2, 7, 8, 0, 11, 5, 6, 0, 9, 3, 4, 0, 1, 13, 10, 12, 14, 15, 0, 1, 0, 1, 1, 1, 1, 1, 0, 1, 1, 1, 1, 1, 0, 1, 1, 0, 1, 1, 1, 1, 1, 1, 1, 0]
Fitness: 1398.936683 	[9, 3, 4, 0, 11, 5, 6, 0, 2, 7, 12, 8, 10, 15, 14, 0, 1, 13, 0, 1, 0, 1, 1, 1, 1, 1, 0, 1, 1, 1, 1, 1, 0, 1, 1, 0, 1, 1, 1, 1, 1, 1, 1, 0]
Fitness: 1398.936683 	[9, 3, 4, 0, 11, 5, 6, 0, 2, 7, 12, 8, 10, 15, 14, 0, 1, 13, 0, 1, 0, 1, 1, 1, 1, 1, 0, 1, 1, 1, 1, 1, 0, 1, 1, 0, 1, 1, 1, 1, 1, 1, 1, 0]
Fitness: 1398.936683 	[9, 3, 4, 0, 2, 7, 8, 0, 11, 5, 6, 0, 1, 13, 10, 12, 14, 15, 0, 1, 0, 1, 1, 1, 1, 1, 0, 1, 1, 1, 1, 1, 0, 1, 1, 0, 1, 1, 1, 1, 1, 1, 1, 0]
Fitness: 1398.936683 	[9, 3, 4, 0, 11, 5, 6, 0, 2, 7, 12, 8, 10, 15, 14, 0, 1, 13, 0, 1, 0, 1, 1, 1, 1, 1, 0, 1, 1, 1, 1, 1, 0, 1, 1, 0, 1, 1, 1, 1, 1, 1, 1, 0]
Fitness: 1398.936683 	[9, 3, 4, 0, 11, 5, 6, 0, 2, 7, 12, 8, 10, 15, 14, 0, 1, 13, 0, 1, 0, 1, 1, 1, 1, 1, 0, 1, 1, 1, 1, 1, 0, 1, 1, 0, 1, 1, 1, 1, 1, 1, 1, 0]
Fitness: 1398.936683 	[9, 3, 4, 0, 1, 13, 0, 11, 5, 6, 0, 2, 7, 8, 10, 12, 14, 15, 0, 1, 0, 1, 1, 1, 1, 1, 0, 1, 1, 1, 1, 1, 0, 1, 1, 0, 1, 1, 1, 1, 1, 1, 1, 0]
Fitness: 1399.172565 	[2, 3, 4, 0, 11, 5, 6, 0, 7, 8, 9, 10, 12, 14, 15, 0, 1, 13, 0, 1, 0, 1, 1, 1, 1, 1, 0, 1, 1, 1, 1, 1, 0, 1, 1, 0, 1, 1, 1, 1, 1, 1, 1, 0]
Fitness: 1398.936683 	[9, 3, 4, 0, 11, 5, 6, 0, 2, 7, 12, 8, 10, 15, 14, 0, 1, 13, 0, 1, 0, 1, 1, 1, 1, 1, 0, 1, 1, 1, 1, 1, 0, 1, 1, 0, 1, 1, 1, 1, 1, 1, 1, 0]
Fitness: 1399.172565 	[9, 3, 4, 0, 2, 7, 8, 0, 1, 13, 0, 11, 5, 6, 10, 12, 14, 15, 0, 1, 0, 1, 1, 1, 1, 1, 0, 1, 1, 1, 1, 1, 0, 1, 1, 0, 1, 1, 1, 1, 1, 1, 1, 0]
Fitness: 1398.936683 	[9, 3, 4, 0, 11, 5, 6, 0, 2, 7, 12, 8, 10, 15, 14, 0, 1, 13, 0, 1, 0, 1, 1, 1, 1, 1, 0, 1, 1, 1, 1, 1, 0, 1, 1, 0, 1, 1, 1, 1, 1, 1, 1, 0]
Fitness: 1399.172565 	[2, 3, 4, 0, 11, 5, 6, 0, 7, 8, 9, 10, 12, 14, 15, 0, 1, 13, 0, 1, 0, 1, 1, 1, 1, 1, 0, 1, 1, 1, 1, 1, 0, 1, 1, 0, 1, 1, 1, 1, 1, 1, 1, 0]
Fitness: 1398.936683 	[2, 5, 6, 0, 9, 3, 4, 0, 1, 13, 0, 7, 8, 10, 11, 12, 14, 15, 0, 1, 0, 1, 1, 1, 1, 1, 0, 1, 1, 1, 1, 1, 0, 1, 1, 0, 1, 1, 1, 1, 1, 1, 1, 0]
Fitness: 1398.936683 	[9, 3, 4, 0, 11, 5, 6, 0, 2, 7, 12, 8, 10, 15, 14, 0, 1, 13, 0, 1, 0, 1, 1, 1, 1, 1, 0, 1, 1, 1, 1, 1, 0, 1, 1, 0, 1, 1, 1, 1, 1, 1, 1, 0]
Fitness: 1399.172565 	[2, 3, 4, 0, 11, 5, 6, 0, 7, 8, 9, 10, 12, 14, 15, 0, 1, 13, 0, 1, 0, 1, 1, 1, 1, 1, 0, 1, 1, 1, 1, 1, 0, 1, 1, 0, 1, 1, 1, 1, 1, 1, 1, 0]
Fitness: 1398.936683 	[9, 3, 4, 0, 11, 5, 6, 0, 2, 7, 12, 8, 10, 15, 14, 0, 1, 13, 0, 1, 0, 1, 1, 1, 1, 1, 0, 1, 1, 1, 1, 1, 0, 1, 1, 0, 1, 1, 1, 1, 1, 1, 1, 0]
Fitness: 1399.172565 	[2, 3, 4, 0, 11, 5, 6, 0, 7, 8, 9, 10, 12, 14, 15, 0, 1, 13, 0, 1, 0, 1, 1, 1, 1, 1, 0, 1, 1, 1, 1, 1, 0, 1, 1, 0, 1, 1, 1, 1, 1, 1, 1, 0]
Fitness: 1399.172565 	[2, 3, 4, 0, 11, 5, 6, 0, 7, 8, 9, 10, 12, 14, 15, 0, 1, 13, 0, 1, 0, 1, 1, 1, 1, 1, 0, 1, 1, 1, 1, 1, 0, 1, 1, 0, 1, 1, 1, 1, 1, 1, 1, 0]
Fitness: 1399.172565 	[2, 3, 4, 0, 11, 5, 6, 0, 7, 8, 9, 10, 12, 14, 15, 0, 1, 13, 0, 1, 0, 1, 1, 1, 1, 1, 0, 1, 1, 1, 1, 1, 0, 1, 1, 0, 1, 1, 1, 1, 1, 1, 1, 0]
Fitness: 1399.172565 	[2, 3, 4, 0, 11, 5, 6, 0, 7, 8, 9, 10, 12, 14, 15, 0, 1, 13, 0, 1, 0, 1, 1, 1, 1, 1, 0, 1, 1, 1, 1, 1, 0, 1, 1, 0, 1, 1, 1, 1, 1, 1, 1, 0]
Fitness: 1398.936683 	[9, 3, 4, 0, 11, 5, 6, 0, 2, 7, 12, 8, 10, 15, 14, 0, 1, 13, 0, 1, 0, 1, 1, 1, 1, 1, 0, 1, 1, 1, 1, 1, 0, 1, 1, 0, 1, 1, 1, 1, 1, 1, 1, 0]
Fitness: 1399.172565 	[9, 7, 8, 0, 11, 5, 6, 0, 1, 13, 0, 2, 3, 4, 10, 12, 14, 15, 0, 1, 0, 1, 1, 1, 1, 1, 0, 1, 1, 1, 1, 1, 0, 1, 1, 0, 1, 1, 1, 1, 1, 1, 1, 0]
Fitness: 1398.936683 	[9, 3, 4, 0, 11, 5, 6, 0, 2, 7, 12, 8, 10, 15, 14, 0, 1, 13, 0, 1, 0, 1, 1, 1, 1, 1, 0, 1, 1, 1, 1, 1, 0, 1, 1, 0, 1, 1, 1, 1, 1, 1, 1, 0]
Fitness: 1398.936683 	[9, 3, 4, 0, 11, 5, 6, 0, 2, 7, 12, 8, 10, 15, 14, 0, 1, 13, 0, 1, 0, 1, 1, 1, 1, 1, 0, 1, 1, 1, 1, 1, 0, 1, 1, 0, 1, 1, 1, 1, 1, 1, 1, 0]
Fitness: 1398.936683 	[11, 5, 6, 0, 9, 3, 4, 0, 2, 7, 12, 8, 10, 15, 14, 0, 1, 13, 0, 1, 0, 1, 1, 1, 1, 1, 0, 1, 1, 1, 1, 1, 0, 1, 1, 0, 1, 1, 1, 1, 1, 1, 1, 0]
Fitness: 1398.936683 	[9, 3, 4, 0, 11, 5, 6, 0, 2, 7, 12, 8, 10, 15, 14, 0, 1, 13, 0, 1, 0, 1, 1, 1, 1, 1, 0, 1, 1, 1, 1, 1, 0, 1, 1, 0, 1, 1, 1, 1, 1, 1, 1, 0]
Fitness: 1398.936683 	[9, 3, 4, 0, 11, 5, 6, 0, 2, 7, 12, 8, 10, 15, 14, 0, 1, 13, 0, 1, 0, 1, 1, 1, 1, 1, 0, 1, 1, 1, 1, 1, 0, 1, 1, 0, 1, 1, 1, 1, 1, 1, 1, 0]
Fitness: 1398.936683 	[9, 3, 4, 0, 11, 5, 6, 0, 1, 13, 0, 2, 7, 12, 8, 10, 15, 14, 0, 1, 0, 1, 1, 1, 1, 1, 0, 1, 1, 1, 1, 1, 0, 1, 1, 0, 1, 1, 1, 1, 1, 1, 1, 0]
Fitness: 1398.936683 	[9, 3, 4, 0, 11, 5, 6, 0, 2, 7, 12, 8, 10, 15, 14, 0, 1, 13, 0, 1, 0, 1, 1, 1, 1, 1, 0, 1, 1, 1, 1, 1, 0, 1, 1, 0, 1, 1, 1, 1, 1, 1, 1, 0]
Fitness: 1399.172565 	[2, 3, 4, 0, 11, 5, 6, 0, 7, 8, 9, 10, 12, 14, 15, 0, 1, 13, 0, 1, 0, 1, 1, 1, 1, 1, 0, 1, 1, 1, 1, 1, 0, 1, 1, 0, 1, 1, 1, 1, 1, 1, 1, 0]
Fitness: 1398.936683 	[11, 5, 6, 0, 9, 3, 4, 0, 7, 8, 2, 10, 12, 14, 15, 0, 1, 13, 0, 1, 0, 1, 1, 1, 1, 1, 0, 1, 1, 1, 1, 1, 0, 1, 1, 0, 1, 1, 1, 1, 1, 1, 1, 0]
Fitness: 1399.172565 	[2, 3, 4, 0, 11, 5, 6, 0, 7, 8, 9, 10, 12, 14, 15, 0, 1, 13, 0, 1, 0, 1, 1, 1, 1, 1, 0, 1, 1, 1, 1, 1, 0, 1, 1, 0, 1, 1, 1, 1, 1, 1, 1, 0]
Fitness: 1399.172565 	[2, 3, 4, 0, 11, 5, 6, 0, 7, 8, 9, 10, 12, 14, 15, 0, 1, 13, 0, 1, 0, 1, 1, 1, 1, 1, 0, 1, 1, 1, 1, 1, 0, 1, 1, 0, 1, 1, 1, 1, 1, 1, 1, 0]
Fitness: 1399.172565 	[2, 3, 4, 0, 1, 13, 0, 11, 5, 6, 0, 7, 8, 9, 10, 12, 14, 15, 0, 1, 0, 1, 1, 1, 1, 1, 0, 1, 1, 1, 1, 1, 0, 1, 1, 0, 1, 1, 1, 1, 1, 1, 1, 0]
Fitness: 1398.936683 	[9, 3, 4, 0, 11, 5, 6, 0, 2, 7, 12, 8, 10, 15, 14, 0, 1, 13, 0, 1, 0, 1, 1, 1, 1, 1, 0, 1, 1, 1, 1, 1, 0, 1, 1, 0, 1, 1, 1, 1, 1, 1, 1, 0]
Fitness: 1399.172565 	[2, 3, 4, 0, 11, 5, 6, 0, 7, 8, 9, 10, 12, 14, 15, 0, 1, 13, 0, 1, 0, 1, 1, 1, 1, 1, 0, 1, 1, 1, 1, 1, 0, 1, 1, 0, 1, 1, 1, 1, 1, 1, 1, 0]
Fitness: 1398.936683 	[2, 3, 4, 0, 7, 8, 9, 0, 1, 13, 0, 11, 5, 6, 10, 12, 14, 15, 0, 1, 0, 1, 1, 1, 1, 1, 0, 1, 1, 1, 1, 1, 0, 1, 1, 0, 1, 1, 1, 1, 1, 1, 1, 0]
Fitness: 1399.172565 	[2, 3, 4, 0, 11, 5, 6, 0, 7, 8, 9, 10, 12, 14, 15, 0, 1, 13, 0, 1, 0, 1, 1, 1, 1, 1, 0, 1, 1, 1, 1, 1, 0, 1, 1, 0, 1, 1, 1, 1, 1, 1, 1, 0]
Fitness: 1399.172565 	[2, 3, 4, 0, 11, 5, 6, 0, 7, 8, 9, 10, 12, 14, 15, 0, 1, 13, 0, 1, 0, 1, 1, 1, 1, 1, 0, 1, 1, 1, 1, 1, 0, 1, 1, 0, 1, 1, 1, 1, 1, 1, 1, 0]
Fitness: 1399.172565 	[7, 8, 9, 0, 1, 13, 0, 2, 3, 4, 5, 6, 11, 0, 10, 12, 14, 15, 0, 1, 0, 1, 1, 1, 1, 1, 0, 1, 1, 1, 1, 1, 0, 1, 1, 0, 1, 1, 1, 1, 1, 1, 1, 0]
Fitness: 1398.936683 	[9, 3, 4, 0, 11, 5, 6, 0, 2, 7, 12, 8, 10, 15, 14, 0, 1, 13, 0, 1, 0, 1, 1, 1, 1, 1, 0, 1, 1, 1, 1, 1, 0, 1, 1, 0, 1, 1, 1, 1, 1, 1, 1, 0]
Fitness: 1399.172565 	[2, 3, 4, 0, 11, 5, 6, 0, 7, 8, 9, 10, 12, 14, 15, 0, 1, 13, 0, 1, 0, 1, 1, 1, 1, 1, 0, 1, 1, 1, 1, 1, 0, 1, 1, 0, 1, 1, 1, 1, 1, 1, 1, 0]
Fitness: 1398.936683 	[2, 3, 4, 0, 1, 13, 0, 11, 5, 6, 0, 7, 8, 9, 10, 12, 14, 15, 0, 1, 0, 1, 1, 1, 1, 1, 0, 1, 1, 1, 1, 1, 0, 1, 1, 0, 1, 1, 1, 1, 1, 1, 1, 0]
Fitness: 1398.936683 	[9, 3, 4, 0, 11, 5, 6, 0, 2, 7, 12, 8, 10, 15, 14, 0, 1, 13, 0, 1, 0, 1, 1, 1, 1, 1, 0, 1, 1, 1, 1, 1, 0, 1, 1, 0, 1, 1, 1, 1, 1, 1, 1, 0]
Fitness: 1398.936683 	[9, 3, 4, 0, 11, 5, 6, 0, 2, 7, 12, 8, 10, 15, 14, 0, 1, 13, 0, 1, 0, 1, 1, 1, 1, 1, 0, 1, 1, 1, 1, 1, 0, 1, 1, 0, 1, 1, 1, 1, 1, 1, 1, 0]
Fitness: 1398.936683 	[1, 13, 0, 9, 3, 4, 0, 2, 7, 12, 8, 10, 15, 14, 0, 11, 5, 6, 0, 1, 0, 1, 1, 1, 1, 1, 0, 1, 1, 1, 1, 1, 0, 1, 1, 0, 1, 1, 1, 1, 1, 1, 1, 0]
Fitness: 1398.936683 	[9, 3, 4, 0, 11, 5, 6, 0, 2, 7, 12, 8, 10, 15, 14, 0, 1, 13, 0, 1, 0, 1, 1, 1, 1, 1, 0, 1, 1, 1, 1, 1, 0, 1, 1, 0, 1, 1, 1, 1, 1, 1, 1, 0]
Fitness: 1399.172565 	[2, 3, 4, 0, 11, 5, 6, 0, 7, 8, 9, 10, 12, 14, 15, 0, 1, 13, 0, 1, 0, 1, 1, 1, 1, 1, 0, 1, 1, 1, 1, 1, 0, 1, 1, 0, 1, 1, 1, 1, 1, 1, 1, 0]
Fitness: 1398.936683 	[2, 1, 7, 0, 8, 10, 12, 0, 9, 3, 4, 0, 11, 5, 6, 13, 14, 15, 0, 1, 0, 1, 1, 1, 1, 1, 0, 1, 1, 1, 1, 1, 0, 1, 1, 0, 1, 1, 1, 1, 1, 1, 1, 0]
Fitness: 1398.936683 	[9, 3, 4, 0, 11, 5, 6, 0, 2, 7, 12, 8, 10, 15, 14, 0, 1, 13, 0, 1, 0, 1, 1, 1, 1, 1, 0, 1, 1, 1, 1, 1, 0, 1, 1, 0, 1, 1, 1, 1, 1, 1, 1, 0]
Fitness: 1398.936683 	[9, 3, 4, 0, 11, 5, 6, 0, 2, 7, 12, 8, 10, 15, 14, 0, 1, 13, 0, 1, 0, 1, 1, 1, 1, 1, 0, 1, 1, 1, 1, 1, 0, 1, 1, 0, 1, 1, 1, 1, 1, 1, 1, 0]
Fitness: 1398.936683 	[2, 7, 8, 0, 11, 5, 6, 0, 9, 3, 4, 0, 1, 13, 10, 12, 14, 15, 0, 1, 0, 1, 1, 1, 1, 1, 0, 1, 1, 1, 1, 1, 0, 1, 1, 0, 1, 1, 1, 1, 1, 1, 1, 0]
Fitness: 1399.172565 	[2, 3, 4, 0, 11, 5, 6, 0, 7, 8, 9, 10, 12, 14, 15, 0, 1, 13, 0, 1, 0, 1, 1, 1, 1, 1, 0, 1, 1, 1, 1, 1, 0, 1, 1, 0, 1, 1, 1, 1, 1, 1, 1, 0]
Fitness: 1398.936683 	[9, 3, 4, 0, 11, 5, 6, 0, 2, 7, 12, 8, 10, 15, 14, 0, 1, 13, 0, 1, 0, 1, 1, 1, 1, 1, 0, 1, 1, 1, 1, 1, 0, 1, 1, 0, 1, 1, 1, 1, 1, 1, 1, 0]
Fitness: 1399.172565 	[7, 8, 9, 0, 1, 13, 0, 2, 3, 4, 5, 6, 11, 0, 10, 12, 14, 15, 0, 1, 0, 1, 1, 1, 1, 1, 0, 1, 1, 1, 1, 1, 0, 1, 1, 0, 1, 1, 1, 1, 1, 1, 1, 0]
Fitness: 1399.172565 	[2, 3, 4, 0, 11, 5, 6, 0, 7, 8, 9, 10, 12, 14, 15, 0, 1, 13, 0, 1, 0, 1, 1, 1, 1, 1, 0, 1, 1, 1, 1, 1, 0, 1, 1, 0, 1, 1, 1, 1, 1, 1, 1, 0]
Fitness: 1398.936683 	[9, 3, 4, 0, 11, 5, 6, 0, 2, 7, 12, 8, 10, 15, 14, 0, 1, 13, 0, 1, 0, 1, 1, 1, 1, 1, 0, 1, 1, 1, 1, 1, 0, 1, 1, 0, 1, 1, 1, 1, 1, 1, 1, 0]
Fitness: 1399.172565 	[9, 3, 4, 0, 2, 7, 8, 0, 1, 13, 0, 11, 5, 6, 10, 12, 14, 15, 0, 1, 0, 1, 1, 1, 1, 1, 0, 1, 1, 1, 1, 1, 0, 1, 1, 0, 1, 1, 1, 1, 1, 1, 1, 0]
Fitness: 1399.172565 	[2, 3, 4, 0, 11, 5, 6, 0, 7, 8, 9, 10, 12, 14, 15, 0, 1, 13, 0, 1, 0, 1, 1, 1, 1, 1, 0, 1, 1, 1, 1, 1, 0, 1, 1, 0, 1, 1, 1, 1, 1, 1, 1, 0]
Fitness: 1398.936683 	[9, 3, 4, 0, 11, 5, 6, 0, 2, 7, 12, 8, 10, 15, 14, 0, 1, 13, 0, 1, 0, 1, 1, 1, 1, 1, 0, 1, 1, 1, 1, 1, 0, 1, 1, 0, 1, 1, 1, 1, 1, 1, 1, 0]
Fitness: 1399.172565 	[2, 3, 4, 0, 7, 8, 9, 10, 12, 14, 15, 0, 11, 5, 6, 0, 1, 13, 0, 1, 0, 1, 1, 1, 1, 1, 0, 1, 1, 1, 1, 1, 0, 1, 1, 0, 1, 1, 1, 1, 1, 1, 1, 0]
Fitness: 1398.936683 	[9, 3, 4, 0, 11, 5, 6, 0, 2, 7, 12, 8, 10, 15, 14, 0, 1, 13, 0, 1, 0, 1, 1, 1, 1, 1, 0, 1, 1, 1, 1, 1, 0, 1, 1, 0, 1, 1, 1, 1, 1, 1, 1, 0]
Fitness: 1398.936683 	[9, 3, 4, 0, 11, 5, 6, 0, 2, 7, 12, 8, 10, 15, 14, 0, 1, 13, 0, 1, 0, 1, 1, 1, 1, 1, 0, 1, 1, 1, 1, 1, 0, 1, 1, 0, 1, 1, 1, 1, 1, 1, 1, 0]
Fitness: 1398.936683 	[2, 5, 6, 0, 1, 13, 0, 9, 3, 4, 0, 7, 8, 10, 11, 12, 14, 15, 0, 1, 0, 1, 1, 1, 1, 1, 0, 1, 1, 1, 1, 1, 0, 1, 1, 0, 1, 1, 1, 1, 1, 1, 1, 0]
Fitness: 1399.172565 	[2, 3, 4, 0, 11, 5, 6, 0, 7, 8, 9, 10, 12, 14, 15, 0, 1, 13, 0, 1, 0, 1, 1, 1, 1, 1, 0, 1, 1, 1, 1, 1, 0, 1, 1, 0, 1, 1, 1, 1, 1, 1, 1, 0]
Fitness: 1398.936683 	[9, 3, 4, 0, 11, 5, 6, 0, 2, 7, 12, 8, 10, 15, 14, 0, 1, 13, 0, 1, 0, 1, 1, 1, 1, 1, 0, 1, 1, 1, 1, 1, 0, 1, 1, 0, 1, 1, 1, 1, 1, 1, 1, 0]
Fitness: 1399.172565 	[9, 3, 4, 0, 2, 7, 8, 0, 1, 13, 0, 11, 5, 6, 10, 12, 14, 15, 0, 1, 0, 1, 1, 1, 1, 1, 0, 1, 1, 1, 1, 1, 0, 1, 1, 0, 1, 1, 1, 1, 1, 1, 1, 0]
Fitness: 1398.936683 	[9, 4, 0, 11, 5, 6, 0, 2, 7, 12, 8, 10, 15, 14, 3, 0, 1, 13, 0, 1, 1, 1, 1, 1, 1, 1, 0, 1, 1, 1, 1, 1, 0, 1, 0, 0, 1, 1, 1, 1, 1, 1, 1, 0]
Fitness: 1398.936683 	[9, 3, 4, 0, 11, 5, 6, 2, 0, 7, 12, 8, 10, 15, 14, 0, 1, 13, 0, 1, 0, 1, 1, 1, 1, 1, 1, 1, 1, 1, 1, 1, 0, 1, 1, 0, 1, 0, 1, 1, 1, 1, 1, 0]
Fitness: 1399.172565 	[2, 4, 0, 7, 8, 9, 10, 12, 14, 15, 3, 0, 11, 5, 6, 0, 1, 13, 0, 1, 0, 0, 1, 1, 1, 1, 0, 1, 1, 1, 1, 1, 1, 1, 1, 0, 1, 1, 1, 1, 1, 1, 1, 0]
Fitness: 1398.936683 	[9, 3, 0, 11, 5, 6, 4, 0, 2, 7, 12, 8, 10, 15, 14, 0, 1, 13, 0, 1, 0, 0, 1, 1, 1, 1, 1, 1, 1, 1, 1, 1, 0, 1, 1, 0, 1, 1, 1, 1, 1, 1, 1, 0]
Fitness: 1399.172565 	[2, 3, 4, 11, 0, 5, 6, 0, 7, 8, 9, 10, 12, 14, 15, 0, 1, 13, 0, 0, 0, 1, 1, 1, 1, 1, 0, 1, 1, 1, 1, 1, 0, 1, 1, 1, 1, 1, 1, 1, 1, 1, 1, 0]
Fitness: 1398.936683 	[9, 3, 0, 11, 5, 6, 0, 2, 7, 12, 8, 10, 15, 14, 0, 1, 13, 4, 0, 1, 1, 1, 1, 1, 1, 1, 0, 1, 1, 1, 1, 1, 0, 1, 1, 0, 1, 1, 1, 0, 1, 1, 1, 0]
Fitness: 1398.936683 	[9, 3, 4, 0, 11, 5, 6, 0, 2, 7, 12, 8, 10, 15, 14, 13, 0, 1, 0, 1, 1, 1, 0, 1, 1, 1, 0, 1, 1, 1, 1, 1, 0, 1, 1, 0, 1, 1, 1, 1, 1, 1, 1, 0]
Fitness: 1399.172565 	[2, 3, 4, 6, 0, 11, 5, 0, 7, 8, 9, 10, 12, 14, 15, 0, 1, 13, 0, 1, 1, 1, 1, 1, 1, 1, 0, 1, 1, 1, 1, 1, 0, 1, 1, 0, 1, 1, 0, 1, 1, 1, 1, 0]
Fitness: 1399.172565 	[2, 3, 4, 0, 11, 5, 6, 1, 0, 7, 8, 9, 10, 12, 14, 15, 0, 13, 0, 1, 0, 1, 1, 1, 1, 1, 0, 1, 1, 1, 1, 1, 0, 1, 1, 1, 1, 1, 1, 1, 1, 0, 1, 0]
Fitness: 1398.936683 	[9, 3, 4, 0, 11, 5, 6, 0, 2, 7, 12, 8, 10, 15, 14, 1, 0, 13, 0, 1, 0, 1, 1, 1, 1, 1, 1, 1, 1, 1, 1, 1, 0, 1, 1, 0, 1, 1, 0, 1, 1, 1, 1, 0]
Fitness: 1398.936683 	[9, 3, 4, 10, 0, 11, 5, 6, 0, 2, 7, 12, 8, 15, 14, 0, 1, 13, 0, 1, 0, 1, 1, 1, 1, 1, 0, 1, 1, 1, 0, 1, 1, 1, 1, 0, 1, 1, 1, 1, 1, 1, 1, 0]
Fitness: 1399.172565 	[2, 4, 0, 11, 5, 6, 0, 7, 8, 9, 10, 12, 14, 15, 3, 0, 1, 13, 0, 1, 0, 1, 1, 1, 1, 1, 0, 0, 1, 1, 1, 1, 0, 1, 1, 1, 1, 1, 1, 1, 1, 1, 1, 0]
Fitness: 1399.172565 	[2, 3, 4, 0, 11, 5, 6, 0, 7, 8, 9, 10, 14, 15, 0, 1, 13, 12, 0, 1, 1, 1, 0, 1, 1, 1, 0, 1, 1, 1, 1, 1, 0, 1, 1, 0, 1, 1, 1, 1, 1, 1, 1, 0]
Fitness: 1399.172565 	[2, 3, 4, 5, 0, 11, 6, 0, 7, 8, 9, 10, 12, 14, 15, 0, 1, 13, 0, 1, 0, 1, 1, 1, 1, 1, 0, 1, 1, 1, 1, 1, 1, 1, 1, 0, 1, 1, 1, 1, 1, 0, 1, 0]
Fitness: 1398.936683 	[9, 3, 4, 15, 0, 11, 5, 6, 0, 2, 7, 12, 8, 10, 14, 0, 1, 13, 0, 1, 0, 1, 1, 1, 1, 1, 0, 1, 0, 1, 1, 1, 1, 1, 1, 0, 1, 1, 1, 1, 1, 1, 1, 0]
Fitness: 1398.936683 	[9, 3, 4, 0, 11, 5, 0, 2, 7, 12, 8, 10, 15, 14, 0, 1, 13, 6, 0, 1, 0, 1, 0, 1, 1, 1, 0, 1, 1, 1, 1, 1, 0, 1, 1, 1, 1, 1, 1, 1, 1, 1, 1, 0]
Fitness: 1399.172565 	[7, 8, 9, 0, 1, 0, 2, 3, 4, 5, 6, 11, 0, 10, 12, 14, 15, 13, 0, 1, 0, 1, 0, 1, 1, 1, 1, 1, 1, 1, 1, 1, 0, 1, 1, 0, 1, 1, 1, 1, 1, 1, 1, 0]
Fitness: 1399.172565 	[2, 3, 4, 0, 11, 5, 6, 0, 7, 8, 9, 10, 12, 15, 0, 1, 13, 14, 0, 1, 0, 1, 1, 1, 1, 1, 1, 1, 1, 1, 1, 1, 0, 0, 1, 0, 1, 1, 1, 1, 1, 1, 1, 0]
Fitness: 1399.172565 	[2, 3, 4, 1, 0, 11, 5, 6, 0, 7, 8, 9, 10, 12, 14, 15, 0, 13, 0, 1, 1, 1, 1, 1, 1, 1, 0, 1, 1, 1, 1, 1, 0, 1, 1, 0, 1, 1, 0, 1, 1, 1, 1, 0]
Fitness: 1399.172565 	[2, 3, 4, 0, 11, 5, 0, 7, 8, 9, 10, 12, 14, 15, 0, 1, 13, 6, 0, 1, 0, 1, 1, 1, 1, 1, 0, 1, 1, 1, 1, 1, 0, 0, 1, 1, 1, 1, 1, 1, 1, 1, 1, 0]
Fitness: 1398.936683 	[9, 3, 4, 0, 11, 5, 6, 0, 2, 7, 12, 8, 10, 15, 0, 1, 13, 14, 0, 1, 0, 1, 1, 1, 1, 1, 0, 1, 1, 1, 1, 0, 1, 1, 1, 0, 1, 1, 1, 1, 1, 1, 1, 0]
Fitness: 1399.172565 	[7, 8, 9, 1, 0, 13, 0, 2, 3, 4, 5, 6, 11, 0, 10, 12, 14, 15, 0, 1, 1, 1, 1, 1, 1, 1, 0, 1, 1, 1, 1, 1, 0, 1, 1, 0, 1, 1, 1, 1, 0, 1, 1, 0]
Fitness: 1398.936683 	[9, 3, 4, 0, 11, 5, 6, 13, 0, 2, 7, 12, 8, 10, 15, 14, 0, 1, 0, 1, 0, 1, 1, 1, 1, 1, 0, 1, 1, 1, 1, 1, 0, 1, 1, 1, 0, 1, 1, 1, 1, 1, 1, 0]
Fitness: 1398.936683 	[9, 4, 0, 11, 5, 6, 3, 0, 2, 7, 12, 8, 10, 15, 14, 0, 1, 13, 0, 1, 1, 1, 1, 1, 1, 1, 0, 1, 1, 1, 1, 0, 0, 1, 1, 0, 1, 1, 1, 1, 1, 1, 1, 0]
Fitness: 1398.936683 	[9, 3, 4, 0, 11, 5, 0, 2, 7, 12, 8, 10, 15, 14, 6, 0, 1, 13, 0, 1, 0, 0, 1, 1, 1, 1, 0, 1, 1, 1, 1, 1, 0, 1, 1, 1, 1, 1, 1, 1, 1, 1, 1, 0]
Fitness: 1398.936683 	[9, 3, 4, 7, 0, 1, 13, 0, 11, 5, 6, 0, 2, 8, 10, 12, 14, 15, 0, 1, 0, 1, 1, 1, 1, 1, 0, 1, 1, 1, 0, 1, 0, 1, 1, 1, 1, 1, 1, 1, 1, 1, 1, 0]
Fitness: 1398.936683 	[9, 3, 4, 10, 0, 11, 5, 6, 0, 2, 7, 12, 8, 15, 14, 0, 1, 13, 0, 1, 1, 1, 1, 1, 1, 1, 0, 1, 1, 1, 1, 1, 0, 1, 1, 0, 1, 1, 1, 0, 1, 1, 1, 0]
Fitness: 1398.936683 	[2, 7, 8, 0, 9, 3, 0, 11, 5, 6, 4, 0, 1, 13, 10, 12, 14, 15, 0, 1, 0, 1, 1, 1, 1, 1, 0, 1, 1, 1, 1, 1, 1, 0, 1, 0, 1, 1, 1, 1, 1, 1, 1, 0]
Fitness: 1398.936683 	[11, 5, 0, 9, 3, 4, 0, 7, 8, 2, 10, 12, 14, 15, 6, 0, 1, 13, 0, 1, 1, 1, 1, 1, 0, 1, 0, 1, 1, 1, 1, 1, 0, 1, 1, 0, 1, 1, 1, 1, 1, 1, 1, 0]
Fitness: 1398.936683 	[9, 4, 0, 11, 5, 6, 3, 0, 2, 7, 12, 8, 10, 15, 14, 0, 1, 13, 0, 1, 1, 1, 1, 1, 1, 1, 0, 1, 1, 1, 0, 1, 0, 1, 1, 0, 1, 1, 1, 1, 1, 1, 1, 0]
Fitness: 1398.936683 	[9, 4, 0, 11, 5, 6, 0, 2, 7, 12, 8, 10, 15, 14, 3, 0, 1, 13, 0, 1, 1, 1, 1, 1, 1, 1, 0, 1, 1, 1, 1, 1, 0, 1, 1, 0, 1, 1, 1, 1, 1, 0, 1, 0]
Fitness: 1398.936683 	[9, 3, 4, 0, 11, 5, 6, 0, 2, 12, 8, 10, 15, 14, 0, 1, 13, 7, 0, 1, 0, 1, 1, 1, 0, 1, 0, 1, 1, 1, 1, 1, 1, 1, 1, 0, 1, 1, 1, 1, 1, 1, 1, 0]
Fitness: 1398.936683 	[9, 3, 4, 0, 11, 5, 6, 0, 2, 7, 12, 8, 10, 15, 14, 13, 0, 1, 0, 1, 1, 1, 1, 1, 1, 0, 0, 1, 1, 1, 1, 1, 0, 1, 1, 0, 1, 1, 1, 1, 1, 1, 1, 0]
Fitness: 1399.172565 	[2, 3, 4, 13, 0, 11, 5, 6, 0, 7, 8, 9, 10, 12, 14, 15, 0, 1, 0, 1, 0, 1, 1, 1, 1, 1, 0, 1, 1, 0, 1, 1, 1, 1, 1, 0, 1, 1, 1, 1, 1, 1, 1, 0]
Fitness: 1399.172565 	[2, 3, 4, 0, 11, 5, 6, 15, 0, 7, 8, 9, 10, 12, 14, 0, 1, 13, 0, 1, 1, 1, 1, 1, 1, 1, 0, 1, 1, 1, 1, 0, 0, 1, 1, 0, 1, 1, 1, 1, 1, 1, 1, 0]
Fitness: 1398.936683 	[9, 4, 0, 11, 5, 6, 3, 0, 2, 7, 12, 8, 10, 15, 14, 0, 1, 13, 0, 1, 0, 1, 1, 1, 1, 1, 1, 1, 1, 1, 1, 1, 0, 1, 1, 0, 1, 1, 1, 1, 0, 1, 1, 0]
Fitness: 1398.936683 	[3, 4, 0, 11, 5, 6, 9, 0, 2, 7, 12, 8, 10, 15, 14, 0, 1, 13, 0, 1, 1, 1, 1, 1, 1, 1, 0, 1, 1, 1, 1, 1, 0, 1, 1, 0, 1, 1, 1, 0, 1, 1, 1, 0]
Fitness: 1399.172565 	[2, 3, 4, 0, 11, 5, 0, 7, 8, 9, 10, 12, 14, 15, 0, 1, 13, 6, 0, 1, 0, 1, 1, 1, 1, 1, 0, 1, 1, 1, 1, 1, 0, 1, 1, 1, 1, 1, 0, 1, 1, 1, 1, 0]
Fitness: 1398.936683 	[9, 3, 4, 0, 11, 5, 6, 12, 0, 2, 7, 8, 10, 15, 14, 0, 1, 13, 0, 1, 1, 1, 1, 1, 1, 1, 0, 1, 1, 1, 1, 1, 0, 1, 1, 0, 1, 1, 1, 1, 1, 1, 0, 0]
Fitness: 1398.936683 	[9, 3, 4, 0, 11, 6, 0, 2, 7, 12, 8, 10, 15, 14, 0, 1, 13, 5, 0, 1, 0, 1, 1, 1, 1, 1, 1, 1, 1, 1, 1, 1, 0, 1, 1, 0, 1, 1, 0, 1, 1, 1, 1, 0]
Fitness: 1399.172565 	[2, 3, 4, 15, 0, 11, 5, 6, 0, 7, 8, 9, 10, 12, 14, 0, 1, 13, 0, 1, 1, 1, 1, 1, 1, 1, 0, 1, 1, 1, 1, 1, 0, 1, 1, 0, 1, 1, 0, 1, 1, 1, 1, 0]
Fitness: 1399.172565 	[2, 3, 4, 0, 5, 6, 0, 7, 8, 9, 10, 12, 14, 15, 11, 0, 1, 13, 0, 1, 0, 1, 1, 1, 1, 0, 0, 1, 1, 1, 1, 1, 0, 1, 1, 1, 1, 1, 1, 1, 1, 1, 1, 0]
Fitness: 1398.936683 	[2, 3, 0, 7, 8, 9, 0, 11, 5, 6, 4, 0, 1, 13, 10, 12, 14, 15, 0, 1, 0, 1, 1, 0, 1, 1, 0, 1, 1, 1, 1, 1, 1, 1, 1, 0, 1, 1, 1, 1, 1, 1, 1, 0]
Fitness: 1399.172565 	[2, 3, 4, 0, 11, 6, 0, 7, 8, 9, 10, 12, 14, 15, 0, 1, 13, 5, 0, 1, 0, 1, 1, 1, 1, 1, 0, 1, 1, 1, 1, 1, 1, 1, 1, 0, 1, 1, 1, 0, 1, 1, 1, 0]
Fitness: 1398.936683 	[9, 3, 4, 0, 5, 6, 0, 2, 7, 12, 8, 10, 15, 14, 11, 0, 1, 13, 0, 1, 0, 1, 1, 1, 1, 1, 0, 1, 1, 1, 1, 1, 1, 1, 1, 0, 1, 1, 1, 1, 1, 0, 1, 0]
Fitness: 1399.172565 	[2, 3, 4, 1, 0, 11, 5, 6, 0, 7, 8, 9, 10, 12, 14, 15, 0, 13, 0, 1, 0, 1, 1, 1, 1, 1, 0, 1, 1, 1, 1, 1, 0, 1, 0, 1, 1, 1, 1, 1, 1, 1, 1, 0]
Fitness: 1398.936683 	[3, 4, 0, 11, 5, 6, 9, 0, 2, 7, 12, 8, 10, 15, 14, 0, 1, 13, 0, 1, 1, 1, 1, 1, 1, 1, 0, 1, 1, 1, 1, 1, 0, 1, 1, 0, 1, 1, 1, 1, 0, 1, 1, 0]
Fitness: 1398.936683 	[9, 3, 4, 12, 0, 11, 5, 6, 0, 2, 7, 8, 10, 15, 14, 0, 1, 13, 0, 1, 0, 1, 1, 1, 1, 1, 0, 1, 1, 1, 1, 1, 0, 0, 1, 1, 1, 1, 1, 1, 1, 1, 1, 0]
Fitness: 1399.172565 	[2, 3, 4, 0, 11, 5, 6, 0, 7, 8, 9, 10, 12, 14, 15, 13, 0, 1, 0, 1, 0, 1, 1, 1, 1, 1, 0, 1, 1, 1, 1, 1, 1, 1, 0, 0, 1, 1, 1, 1, 1, 1, 1, 0]
Fitness: 1398.936683 	[9, 3, 4, 0, 5, 6, 0, 2, 7, 12, 8, 10, 15, 14, 11, 0, 1, 13, 0, 1, 0, 1, 1, 1, 1, 1, 1, 1, 0, 1, 1, 1, 0, 1, 1, 0, 1, 1, 1, 1, 1, 1, 1, 0]
Fitness: 1398.936683 	[7, 8, 9, 0, 2, 3, 0, 11, 5, 6, 4, 0, 1, 13, 10, 12, 14, 15, 0, 1, 0, 1, 1, 0, 1, 1, 0, 1, 1, 1, 1, 1, 1, 1, 1, 0, 1, 1, 1, 1, 1, 1, 1, 0]
Fitness: 1399.172565 	[1, 13, 0, 11, 5, 6, 0, 7, 8, 9, 10, 12, 14, 0, 2, 3, 4, 15, 0, 1, 1, 1, 1, 1, 1, 1, 0, 1, 1, 1, 1, 1, 0, 1, 1, 0, 1, 1, 0, 1, 1, 1, 1, 0]
Fitness: 1399.172565 	[2, 3, 4, 0, 1, 13, 0, 7, 8, 9, 10, 12, 14, 15, 0, 11, 5, 6, 0, 1, 0, 1, 1, 1, 1, 1, 0, 1, 1, 1, 1, 1, 0, 1, 1, 0, 1, 1, 1, 1, 1, 1, 1, 0]
Fitness: 1399.172565 	[11, 5, 6, 0, 2, 3, 4, 0, 7, 8, 9, 10, 12, 14, 15, 0, 1, 13, 0, 1, 0, 1, 1, 1, 1, 1, 0, 1, 1, 1, 1, 1, 0, 1, 1, 0, 1, 1, 1, 1, 1, 1, 1, 0]
Fitness: 1398.936683 	[1, 13, 0, 9, 3, 4, 0, 2, 5, 6, 0, 7, 8, 10, 11, 12, 14, 15, 0, 1, 0, 1, 1, 1, 1, 1, 0, 1, 1, 1, 1, 1, 0, 1, 1, 0, 1, 1, 1, 1, 1, 1, 1, 0]
Fitness: 1398.936683 	[9, 3, 4, 0, 11, 5, 6, 0, 1, 13, 0, 2, 7, 12, 8, 10, 15, 14, 0, 1, 0, 1, 1, 1, 1, 1, 0, 1, 1, 1, 1, 1, 0, 1, 1, 0, 1, 1, 1, 1, 1, 1, 1, 0]
Fitness: 1399.172565 	[7, 8, 9, 10, 14, 15, 0, 11, 5, 6, 0, 2, 3, 4, 0, 1, 13, 12, 0, 1, 1, 1, 0, 1, 1, 1, 0, 1, 1, 1, 1, 1, 0, 1, 1, 0, 1, 1, 1, 1, 1, 1, 1, 0]
Fitness: 1399.172565 	[2, 3, 4, 0, 1, 13, 0, 7, 8, 9, 10, 12, 14, 15, 0, 11, 5, 6, 0, 1, 0, 1, 1, 1, 1, 1, 0, 1, 1, 1, 1, 1, 0, 1, 1, 0, 1, 1, 1, 1, 1, 1, 1, 0]
Fitness: 1398.936683 	[9, 3, 4, 0, 11, 5, 6, 0, 2, 7, 8, 0, 1, 13, 10, 12, 14, 15, 0, 1, 0, 1, 1, 1, 1, 1, 0, 1, 1, 1, 1, 1, 0, 1, 1, 0, 1, 1, 1, 1, 1, 1, 1, 0]
Fitness: 1398.936683 	[9, 3, 4, 0, 1, 13, 0, 2, 7, 12, 8, 10, 15, 14, 0, 11, 5, 6, 0, 1, 0, 1, 1, 1, 1, 1, 0, 1, 1, 1, 1, 1, 0, 1, 1, 0, 1, 1, 1, 1, 1, 1, 1, 0]
Fitness: 1398.936683 	[5, 6, 0, 9, 3, 4, 0, 2, 7, 12, 8, 10, 15, 14, 11, 0, 1, 13, 0, 1, 0, 1, 1, 1, 1, 1, 1, 1, 0, 1, 1, 1, 0, 1, 1, 0, 1, 1, 1, 1, 1, 1, 1, 0]
Fitness: 1398.936683 	[11, 5, 6, 0, 9, 3, 4, 0, 2, 7, 12, 8, 10, 15, 14, 0, 1, 13, 0, 1, 0, 1, 1, 1, 1, 1, 0, 1, 1, 1, 1, 1, 0, 1, 1, 0, 1, 1, 1, 1, 1, 1, 1, 0]
Fitness: 1398.936683 	[9, 3, 4, 0, 2, 7, 12, 8, 10, 15, 14, 6, 0, 11, 5, 0, 1, 13, 0, 1, 0, 0, 1, 1, 1, 1, 0, 1, 1, 1, 1, 1, 0, 1, 1, 1, 1, 1, 1, 1, 1, 1, 1, 0]
Fitness: 1398.936683 	[2, 7, 12, 8, 10, 15, 14, 0, 11, 5, 6, 0, 9, 3, 4, 0, 1, 13, 0, 1, 0, 1, 1, 1, 1, 1, 0, 1, 1, 1, 1, 1, 0, 1, 1, 0, 1, 1, 1, 1, 1, 1, 1, 0]
Fitness: 1398.936683 	[2, 7, 12, 8, 10, 15, 14, 0, 11, 5, 6, 0, 9, 3, 4, 0, 1, 13, 0, 1, 0, 1, 1, 1, 1, 1, 0, 1, 1, 1, 1, 1, 0, 1, 1, 0, 1, 1, 1, 1, 1, 1, 1, 0]
Fitness: 1398.936683 	[9, 3, 4, 0, 1, 13, 5, 0, 2, 7, 12, 8, 10, 15, 14, 0, 11, 6, 0, 1, 0, 1, 1, 1, 1, 1, 1, 1, 1, 1, 1, 1, 0, 1, 1, 0, 1, 1, 0, 1, 1, 1, 1, 0]
Fitness: 1398.936683 	[2, 7, 12, 8, 10, 15, 14, 0, 11, 5, 6, 0, 9, 3, 4, 0, 1, 13, 0, 1, 0, 1, 1, 1, 1, 1, 0, 1, 1, 1, 1, 1, 0, 1, 1, 0, 1, 1, 1, 1, 1, 1, 1, 0]
Fitness: 1398.936683 	[9, 3, 4, 0, 11, 5, 6, 0, 1, 13, 0, 2, 7, 12, 8, 10, 15, 14, 0, 1, 0, 1, 1, 1, 1, 1, 0, 1, 1, 1, 1, 1, 0, 1, 1, 0, 1, 1, 1, 1, 1, 1, 1, 0]
Fitness: 1399.172565 	[11, 5, 6, 0, 2, 3, 4, 1, 0, 7, 8, 9, 10, 12, 14, 15, 0, 13, 0, 1, 1, 1, 1, 1, 1, 1, 0, 1, 1, 1, 1, 1, 0, 1, 1, 0, 1, 1, 0, 1, 1, 1, 1, 0]
Fitness: 1398.936683 	[2, 7, 8, 0, 9, 3, 0, 1, 13, 10, 12, 14, 15, 0, 11, 5, 6, 4, 0, 1, 0, 1, 1, 1, 1, 1, 0, 1, 1, 1, 1, 1, 1, 0, 1, 0, 1, 1, 1, 1, 1, 1, 1, 0]
Fitness: 1398.936683 	[1, 13, 0, 11, 5, 6, 0, 2, 7, 12, 8, 10, 15, 14, 0, 9, 3, 4, 0, 1, 0, 1, 1, 1, 1, 1, 0, 1, 1, 1, 1, 1, 0, 1, 1, 0, 1, 1, 1, 1, 1, 1, 1, 0]
Fitness: 1398.936683 	[2, 7, 12, 8, 10, 15, 14, 0, 11, 5, 6, 0, 9, 3, 4, 0, 1, 13, 0, 1, 0, 1, 1, 1, 1, 1, 0, 1, 1, 1, 1, 1, 0, 1, 1, 0, 1, 1, 1, 1, 1, 1, 1, 0]
Fitness: 1399.172565 	[2, 3, 4, 0, 11, 5, 6, 0, 7, 8, 9, 10, 12, 14, 15, 0, 1, 13, 0, 1, 0, 1, 1, 1, 1, 1, 0, 1, 1, 1, 1, 1, 0, 1, 1, 0, 1, 1, 1, 1, 1, 1, 1, 0]
Fitness: 1399.172565 	[1, 13, 0, 5, 6, 0, 7, 8, 9, 10, 12, 14, 15, 11, 0, 2, 3, 4, 0, 1, 0, 1, 1, 1, 1, 0, 0, 1, 1, 1, 1, 1, 0, 1, 1, 1, 1, 1, 1, 1, 1, 1, 1, 0]
Fitness: 1398.936683 	[2, 7, 12, 8, 10, 15, 14, 0, 11, 5, 6, 0, 1, 13, 0, 9, 3, 4, 0, 1, 0, 1, 1, 1, 1, 1, 0, 1, 1, 1, 1, 1, 0, 1, 1, 0, 1, 1, 1, 1, 1, 1, 1, 0]
Fitness: 1399.172565 	[1, 13, 0, 11, 5, 6, 0, 7, 8, 9, 10, 12, 14, 15, 0, 2, 3, 4, 0, 1, 0, 1, 1, 1, 1, 1, 0, 1, 1, 1, 1, 1, 0, 1, 1, 0, 1, 1, 1, 1, 1, 1, 1, 0]
Fitness: 1398.936683 	[9, 3, 4, 0, 1, 13, 0, 2, 7, 12, 8, 10, 15, 14, 0, 11, 5, 6, 0, 1, 0, 1, 1, 1, 1, 1, 0, 1, 1, 1, 1, 1, 0, 1, 1, 0, 1, 1, 1, 1, 1, 1, 1, 0]
Fitness: 1398.936683 	[9, 3, 4, 0, 2, 7, 12, 8, 10, 15, 14, 0, 11, 5, 6, 0, 1, 13, 0, 1, 0, 1, 1, 1, 1, 1, 0, 1, 1, 1, 1, 1, 0, 1, 1, 0, 1, 1, 1, 1, 1, 1, 1, 0]
Fitness: 1399.172565 	[7, 8, 9, 10, 12, 14, 15, 0, 5, 6, 0, 2, 3, 4, 11, 0, 1, 13, 0, 0, 0, 1, 1, 1, 1, 1, 0, 1, 1, 1, 1, 1, 0, 1, 1, 1, 1, 1, 1, 1, 1, 1, 1, 0]
Fitness: 1399.172565 	[7, 8, 9, 10, 12, 14, 15, 0, 11, 5, 6, 0, 2, 3, 4, 0, 1, 13, 0, 1, 0, 1, 1, 1, 1, 1, 0, 1, 1, 1, 1, 1, 0, 1, 1, 0, 1, 1, 1, 1, 1, 1, 1, 0]
Fitness: 1398.936683 	[11, 5, 6, 0, 9, 3, 4, 0, 1, 13, 0, 7, 8, 2, 10, 12, 14, 15, 0, 1, 0, 1, 1, 1, 1, 1, 0, 1, 1, 1, 1, 1, 0, 1, 1, 0, 1, 1, 1, 1, 1, 1, 1, 0]
Fitness: 1399.172565 	[2, 3, 4, 0, 11, 5, 6, 0, 1, 13, 0, 7, 8, 9, 10, 12, 14, 15, 0, 1, 0, 1, 1, 1, 1, 1, 0, 1, 1, 1, 1, 1, 0, 1, 1, 0, 1, 1, 1, 1, 1, 1, 1, 0]
Fitness: 1399.172565 	[7, 8, 9, 10, 12, 14, 15, 0, 11, 5, 6, 0, 2, 3, 4, 0, 1, 13, 0, 1, 0, 1, 1, 1, 1, 1, 0, 1, 1, 1, 1, 1, 0, 1, 1, 0, 1, 1, 1, 1, 1, 1, 1, 0]
Fitness: 1398.936683 	[11, 5, 6, 0, 9, 3, 4, 0, 2, 7, 12, 8, 10, 15, 14, 0, 1, 13, 0, 1, 0, 1, 1, 1, 1, 1, 0, 1, 1, 1, 1, 1, 0, 1, 1, 0, 1, 1, 1, 1, 1, 1, 1, 0]
Fitness: 1398.936683 	[2, 7, 12, 8, 10, 15, 14, 0, 11, 5, 6, 0, 9, 3, 4, 0, 1, 13, 0, 1, 0, 1, 1, 1, 1, 1, 0, 1, 1, 1, 1, 1, 0, 1, 1, 0, 1, 1, 1, 1, 1, 1, 1, 0]
Fitness: 1398.936683 	[9, 3, 0, 11, 5, 6, 0, 1, 13, 4, 0, 2, 7, 12, 8, 10, 15, 14, 0, 1, 1, 1, 1, 1, 1, 1, 0, 1, 1, 1, 1, 1, 0, 1, 1, 0, 1, 1, 1, 0, 1, 1, 1, 0]
Fitness: 1398.936683 	[9, 4, 0, 11, 5, 6, 3, 0, 1, 13, 0, 2, 7, 12, 8, 10, 15, 14, 0, 1, 1, 1, 1, 1, 1, 1, 0, 1, 1, 1, 0, 1, 0, 1, 1, 0, 1, 1, 1, 1, 1, 1, 1, 0]
Fitness: 1399.172565 	[2, 3, 4, 1, 0, 7, 8, 9, 10, 12, 14, 15, 0, 11, 5, 6, 0, 13, 0, 1, 0, 1, 1, 1, 1, 1, 0, 1, 1, 1, 1, 1, 0, 1, 0, 1, 1, 1, 1, 1, 1, 1, 1, 0]
Fitness: 1398.936683 	[11, 5, 6, 0, 9, 3, 4, 0, 2, 7, 12, 8, 10, 15, 14, 0, 1, 13, 0, 1, 0, 1, 1, 1, 1, 1, 0, 1, 1, 1, 1, 1, 0, 1, 1, 0, 1, 1, 1, 1, 1, 1, 1, 0]
Fitness: 1399.172565 	[7, 8, 9, 10, 12, 14, 15, 0, 11, 5, 6, 0, 2, 3, 4, 0, 1, 13, 0, 1, 0, 1, 1, 1, 1, 1, 0, 1, 1, 1, 1, 1, 0, 1, 1, 0, 1, 1, 1, 1, 1, 1, 1, 0]
Fitness: 1398.936683 	[11, 5, 6, 0, 9, 3, 4, 0, 2, 7, 12, 8, 10, 15, 14, 0, 1, 13, 0, 1, 0, 1, 1, 1, 1, 1, 0, 1, 1, 1, 1, 1, 0, 1, 1, 0, 1, 1, 1, 1, 1, 1, 1, 0]
Fitness: 1399.172565 	[2, 4, 0, 1, 13, 0, 11, 5, 6, 0, 7, 8, 9, 10, 12, 14, 15, 3, 0, 1, 0, 0, 1, 1, 1, 1, 0, 1, 1, 1, 1, 1, 1, 1, 1, 0, 1, 1, 1, 1, 1, 1, 1, 0]
Fitness: 1399.172565 	[2, 3, 4, 0, 11, 5, 6, 0, 1, 13, 0, 7, 8, 9, 10, 12, 14, 15, 0, 1, 0, 1, 1, 1, 1, 1, 0, 1, 1, 1, 1, 1, 0, 1, 1, 0, 1, 1, 1, 1, 1, 1, 1, 0]
Fitness: 1398.936683 	[2, 7, 12, 8, 10, 15, 14, 0, 11, 5, 6, 4, 0, 9, 3, 0, 1, 13, 0, 1, 0, 0, 1, 1, 1, 1, 1, 1, 1, 1, 1, 1, 0, 1, 1, 0, 1, 1, 1, 1, 1, 1, 1, 0]
Fitness: 1398.936683 	[1, 0, 11, 5, 6, 13, 0, 2, 7, 12, 8, 10, 15, 14, 0, 9, 3, 4, 0, 1, 0, 1, 1, 1, 1, 1, 0, 1, 1, 1, 1, 1, 0, 1, 1, 1, 0, 1, 1, 1, 1, 1, 1, 0]
Fitness: 1399.172565 	[7, 8, 9, 10, 12, 14, 15, 0, 11, 5, 6, 0, 2, 3, 4, 0, 1, 13, 0, 1, 0, 1, 1, 1, 1, 1, 0, 1, 1, 1, 1, 1, 0, 1, 1, 0, 1, 1, 1, 1, 1, 1, 1, 0]
Fitness: 1398.936683 	[9, 3, 4, 0, 1, 13, 0, 2, 7, 12, 8, 10, 15, 14, 0, 11, 5, 6, 0, 1, 0, 1, 1, 1, 1, 1, 0, 1, 1, 1, 1, 1, 0, 1, 1, 0, 1, 1, 1, 1, 1, 1, 1, 0]
Fitness: 1398.936683 	[9, 3, 4, 0, 2, 7, 12, 8, 10, 15, 14, 0, 11, 5, 6, 0, 1, 13, 0, 1, 0, 1, 1, 1, 1, 1, 0, 1, 1, 1, 1, 1, 0, 1, 1, 0, 1, 1, 1, 1, 1, 1, 1, 0]
Fitness: 1399.172565 	[1, 0, 11, 5, 6, 0, 7, 8, 9, 10, 12, 14, 15, 13, 0, 2, 3, 4, 0, 1, 0, 1, 1, 1, 1, 1, 0, 1, 1, 1, 1, 1, 1, 1, 0, 0, 1, 1, 1, 1, 1, 1, 1, 0]
Fitness: 1398.936683 	[2, 7, 12, 8, 10, 15, 14, 0, 11, 5, 6, 3, 0, 9, 4, 0, 1, 13, 0, 1, 0, 1, 1, 1, 1, 1, 1, 1, 1, 1, 1, 1, 0, 1, 1, 0, 1, 1, 1, 1, 0, 1, 1, 0]
Time: 0.49692