Fitness: 1224.388568 	[4, 0, 6, 14, 13, 0, 11, 9, 10, 5, 12, 8, 0, 1, 2, 3, 7, 15, 0, 1, 0, 1, 1, 1, 0, 1, 1, 1, 1, 0, 1, 0, 1, 0]
Fitness: 1224.388568 	[4, 0, 6, 14, 13, 0, 11, 9, 10, 5, 12, 8, 0, 1, 2, 3, 7, 15, 0, 1, 0, 1, 1, 1, 0, 1, 1, 1, 1, 0, 1, 0, 1, 0]
Fitness: 1216.462543 	[1, 0, 4, 0, 11, 9, 10, 5, 12, 8, 0, 3, 6, 7, 2, 14, 13, 15, 0, 1, 0, 1, 1, 1, 0, 1, 1, 1, 1, 0, 1, 0, 1, 0]
Fitness: 1203.073280 	[2, 7, 10, 9, 0, 11, 13, 1, 0, 5, 6, 0, 15, 3, 4, 8, 12, 14, 0, 1, 0, 1, 0, 1, 1, 0, 1, 1, 1, 1, 0, 1, 1, 0]
Fitness: 1201.004275 	[3, 1, 6, 0, 9, 4, 0, 5, 11, 14, 0, 7, 8, 2, 10, 12, 13, 15, 0, 0, 1, 1, 1, 1, 0, 1, 1, 0, 1, 1, 0, 1, 1, 0]
Fitness: 1201.004275 	[3, 1, 6, 0, 5, 11, 14, 0, 9, 4, 0, 7, 8, 2, 10, 12, 13, 15, 0, 0, 1, 1, 1, 1, 0, 1, 1, 0, 1, 1, 0, 1, 1, 0]
Fitness: 1200.317426 	[9, 4, 0, 5, 11, 14, 0, 10, 12, 7, 2, 13, 3, 8, 0, 15, 1, 6, 0, 0, 1, 1, 1, 1, 0, 1, 1, 0, 1, 1, 0, 1, 1, 0]
Fitness: 1200.317426 	[9, 4, 0, 15, 1, 6, 0, 5, 11, 14, 0, 10, 12, 7, 2, 13, 3, 8, 0, 0, 1, 1, 1, 1, 0, 1, 1, 0, 1, 1, 0, 1, 1, 0]
Fitness: 1200.317426 	[9, 4, 0, 15, 1, 6, 0, 5, 11, 14, 0, 10, 12, 7, 2, 13, 3, 8, 0, 0, 1, 1, 1, 1, 0, 1, 1, 0, 1, 1, 0, 1, 1, 0]
Fitness: 1200.317426 	[9, 4, 0, 15, 1, 6, 0, 5, 11, 14, 0, 10, 12, 7, 2, 13, 3, 8, 0, 0, 1, 1, 1, 1, 0, 1, 1, 0, 1, 1, 0, 1, 1, 0]
Fitness: 1200.317426 	[9, 4, 0, 10, 12, 7, 2, 13, 3, 8, 0, 5, 11, 14, 0, 1, 6, 15, 0, 0, 1, 1, 1, 1, 0, 1, 1, 0, 1, 1, 0, 1, 1, 0]
Fitness: 1200.317426 	[9, 4, 0, 15, 1, 6, 0, 5, 11, 14, 0, 10, 12, 7, 2, 13, 3, 8, 0, 0, 1, 1, 1, 1, 0, 1, 1, 0, 1, 1, 0, 1, 1, 0]
Fitness: 1200.317426 	[9, 4, 0, 15, 1, 6, 0, 10, 12, 7, 2, 13, 3, 8, 0, 5, 11, 14, 0, 0, 1, 1, 1, 1, 0, 1, 1, 0, 1, 1, 0, 1, 1, 0]
Fitness: 1200.317426 	[9, 4, 0, 10, 12, 7, 2, 13, 3, 8, 0, 5, 11, 14, 0, 15, 1, 6, 0, 0, 1, 1, 1, 1, 0, 1, 1, 0, 1, 1, 0, 1, 1, 0]
Fitness: 1200.317426 	[9, 4, 0, 10, 12, 7, 2, 13, 3, 8, 0, 5, 11, 14, 0, 15, 1, 6, 0, 0, 1, 1, 1, 1, 0, 1, 1, 0, 1, 1, 0, 1, 1, 0]
Fitness: 1200.317426 	[9, 4, 0, 10, 12, 7, 2, 13, 3, 8, 0, 5, 11, 14, 0, 15, 1, 6, 0, 0, 1, 1, 1, 1, 0, 1, 1, 0, 1, 1, 0, 1, 1, 0]
Fitness: 1200.317426 	[9, 4, 0, 10, 12, 7, 2, 13, 3, 8, 0, 5, 11, 14, 0, 15, 1, 6, 0, 0, 1, 1, 1, 1, 0, 1, 1, 0, 1, 1, 0, 1, 1, 0]
Fitness: 1200.317426 	[9, 4, 0, 10, 12, 7, 2, 13, 3, 8, 0, 5, 11, 14, 0, 15, 1, 6, 0, 0, 1, 1, 1, 1, 0, 1, 1, 0, 1, 1, 0, 1, 1, 0]
Fitness: 1198.625593 	[3, 1, 0, 7, 8, 2, 12, 13, 15, 0, 4, 5, 0, 14, 6, 9, 10, 11, 0, 1, 0, 1, 0, 1, 0, 1, 1, 1, 1, 1, 0, 1, 1, 0]
Fitness: 1197.928752 	[3, 1, 6, 0, 9, 10, 4, 0, 13, 0, 2, 14, 11, 8, 5, 7, 12, 15, 0, 0, 1, 1, 0, 1, 1, 0, 1, 1, 1, 1, 0, 1, 1, 0]
Fitness: 1186.316120 	[5, 11, 14, 0, 15, 1, 6, 0, 9, 4, 0, 10, 12, 7, 2, 13, 3, 8, 0, 0, 1, 1, 1, 1, 0, 1, 1, 0, 1, 1, 0, 1, 1, 0]
Fitness: 1186.316120 	[5, 11, 14, 0, 15, 1, 6, 0, 9, 4, 0, 10, 12, 7, 2, 13, 3, 8, 0, 0, 1, 1, 1, 1, 0, 1, 1, 0, 1, 1, 0, 1, 1, 0]
Fitness: 1186.316120 	[5, 11, 14, 0, 15, 1, 6, 0, 9, 4, 0, 10, 12, 7, 2, 13, 3, 8, 0, 0, 1, 1, 1, 1, 0, 1, 1, 0, 1, 1, 0, 1, 1, 0]
Fitness: 1184.415765 	[14, 9, 11, 0, 7, 8, 2, 10, 12, 13, 15, 0, 3, 1, 6, 0, 5, 4, 0, 0, 1, 1, 1, 1, 0, 1, 1, 0, 1, 1, 0, 1, 1, 0]
Fitness: 1184.415765 	[14, 9, 11, 0, 7, 8, 2, 10, 12, 13, 15, 0, 3, 1, 6, 0, 5, 4, 0, 0, 1, 1, 1, 1, 0, 1, 1, 0, 1, 1, 0, 1, 1, 0]
Fitness: 1181.252562 	[9, 10, 4, 6, 0, 7, 8, 2, 12, 13, 15, 0, 3, 1, 0, 5, 14, 11, 0, 1, 0, 1, 0, 1, 0, 1, 1, 1, 1, 1, 0, 1, 1, 0]
Fitness: 1181.252562 	[9, 10, 4, 6, 0, 7, 8, 2, 12, 13, 15, 0, 3, 1, 0, 5, 14, 11, 0, 1, 0, 1, 0, 1, 0, 1, 1, 1, 1, 1, 0, 1, 1, 0]
Fitness: 1180.532948 	[3, 1, 6, 0, 13, 2, 0, 4, 9, 0, 8, 11, 12, 14, 15, 7, 10, 5, 0, 1, 0, 1, 1, 0, 1, 1, 1, 1, 0, 1, 1, 1, 0, 0]
Fitness: 1172.715523 	[15, 1, 6, 0, 5, 11, 14, 0, 9, 4, 0, 10, 12, 7, 2, 13, 3, 8, 0, 0, 1, 1, 1, 1, 0, 1, 1, 0, 1, 1, 0, 1, 1, 0]
Fitness: 1172.715523 	[15, 1, 6, 0, 9, 4, 0, 5, 11, 14, 0, 10, 12, 7, 2, 13, 3, 8, 0, 0, 1, 1, 1, 1, 0, 1, 1, 0, 1, 1, 0, 1, 1, 0]
Fitness: 1172.097819 	[3, 10, 15, 7, 0, 11, 13, 1, 0, 5, 6, 0, 12, 9, 4, 2, 8, 14, 0, 1, 0, 1, 0, 1, 1, 0, 1, 1, 1, 1, 0, 1, 1, 0]
Fitness: 1172.097819 	[3, 10, 15, 7, 0, 11, 13, 1, 0, 5, 6, 0, 12, 9, 4, 2, 8, 14, 0, 1, 0, 1, 0, 1, 1, 0, 1, 1, 1, 1, 0, 1, 1, 0]
Fitness: 1170.470112 	[15, 1, 6, 0, 10, 3, 7, 8, 11, 12, 13, 0, 2, 5, 14, 0, 9, 4, 0, 0, 1, 1, 1, 1, 0, 1, 1, 0, 1, 1, 0, 1, 1, 0]
Fitness: 1170.470112 	[15, 1, 6, 0, 9, 4, 0, 2, 5, 14, 0, 10, 3, 7, 8, 11, 12, 13, 0, 0, 1, 1, 1, 1, 0, 1, 1, 0, 1, 1, 0, 1, 1, 0]
Fitness: 1153.826578 	[3, 10, 15, 7, 0, 11, 13, 1, 0, 5, 6, 0, 12, 9, 4, 2, 8, 14, 0, 1, 0, 1, 0, 1, 1, 0, 1, 1, 1, 0, 1, 1, 1, 0]
Fitness: 1151.056355 	[3, 2, 6, 0, 9, 5, 0, 14, 1, 11, 0, 4, 15, 7, 8, 10, 12, 13, 0, 0, 1, 1, 0, 1, 1, 1, 1, 1, 0, 1, 1, 0, 1, 0]
Fitness: 1149.532474 	[1, 11, 6, 0, 9, 14, 0, 15, 8, 5, 4, 7, 0, 10, 2, 13, 3, 12, 0, 0, 1, 1, 1, 0, 1, 1, 1, 0, 1, 1, 0, 1, 1, 0]
Fitness: 1148.922274 	[9, 10, 4, 6, 0, 7, 8, 2, 12, 13, 15, 0, 5, 14, 11, 0, 3, 1, 0, 1, 0, 1, 0, 1, 0, 1, 1, 1, 1, 1, 0, 1, 1, 0]
Fitness: 1148.922274 	[9, 10, 4, 6, 0, 7, 8, 2, 12, 13, 15, 0, 5, 14, 11, 0, 3, 1, 0, 1, 0, 1, 0, 1, 0, 1, 1, 1, 1, 1, 0, 1, 1, 0]
Fitness: 1148.922274 	[9, 10, 4, 6, 0, 7, 8, 2, 12, 13, 15, 0, 5, 14, 11, 0, 3, 1, 0, 1, 0, 1, 0, 1, 0, 1, 1, 1, 1, 1, 0, 1, 1, 0]
Fitness: 1141.443445 	[4, 9, 14, 0, 12, 6, 13, 1, 0, 3, 0, 7, 5, 2, 8, 10, 11, 15, 0, 1, 0, 1, 1, 1, 0, 1, 1, 0, 1, 1, 0, 1, 1, 0]
Fitness: 1141.443445 	[4, 9, 14, 0, 12, 6, 13, 1, 0, 7, 5, 2, 8, 10, 11, 15, 0, 3, 0, 1, 0, 1, 1, 1, 0, 1, 1, 0, 1, 1, 0, 1, 1, 0]
Fitness: 1136.348573 	[5, 9, 1, 0, 14, 12, 13, 4, 0, 7, 15, 10, 11, 6, 0, 3, 8, 2, 0, 1, 0, 1, 1, 1, 1, 0, 1, 0, 1, 1, 0, 1, 1, 0]
Fitness: 1136.342957 	[13, 0, 9, 10, 4, 0, 3, 1, 6, 0, 2, 14, 11, 8, 5, 7, 12, 15, 0, 0, 1, 1, 0, 1, 1, 0, 1, 1, 1, 1, 0, 1, 1, 0]
Fitness: 1129.895531 	[15, 6, 11, 10, 0, 13, 8, 1, 14, 0, 2, 3, 9, 7, 12, 5, 0, 4, 0, 1, 0, 1, 1, 1, 0, 1, 0, 1, 0, 1, 1, 1, 1, 0]
Fitness: 1126.560590 	[4, 0, 1, 2, 3, 7, 15, 0, 11, 9, 10, 5, 12, 8, 0, 6, 14, 13, 0, 1, 0, 1, 1, 1, 1, 1, 1, 0, 1, 0, 1, 0, 1, 0]
Fitness: 1126.560590 	[4, 0, 6, 14, 13, 0, 11, 9, 10, 5, 12, 8, 0, 1, 2, 3, 7, 15, 0, 1, 0, 1, 1, 1, 1, 1, 1, 0, 1, 0, 1, 0, 1, 0]
Fitness: 1125.826350 	[4, 0, 11, 0, 9, 1, 3, 2, 0, 12, 15, 6, 5, 13, 8, 10, 7, 14, 0, 1, 0, 1, 1, 1, 1, 0, 1, 0, 1, 1, 1, 0, 1, 0]
Fitness: 1125.826350 	[4, 0, 11, 0, 9, 1, 3, 2, 0, 12, 15, 6, 5, 13, 8, 10, 7, 14, 0, 1, 0, 1, 1, 1, 1, 0, 1, 0, 1, 1, 1, 0, 1, 0]
Fitness: 1121.347041 	[10, 2, 13, 3, 12, 0, 11, 6, 1, 0, 15, 8, 5, 4, 7, 0, 14, 9, 0, 0, 1, 1, 1, 0, 1, 1, 1, 0, 1, 1, 0, 1, 1, 0]
Fitness: 1120.300480 	[14, 0, 15, 6, 11, 10, 13, 8, 1, 0, 2, 3, 9, 7, 12, 5, 0, 4, 0, 1, 0, 1, 1, 0, 1, 1, 0, 1, 0, 1, 1, 1, 1, 0]
Fitness: 1117.137920 	[5, 11, 14, 0, 15, 1, 6, 0, 3, 2, 7, 0, 8, 4, 9, 10, 12, 13, 0, 0, 1, 1, 1, 1, 0, 1, 1, 0, 1, 1, 0, 1, 1, 0]
Fitness: 1116.747819 	[11, 6, 1, 0, 15, 8, 5, 4, 7, 0, 10, 2, 13, 3, 12, 0, 14, 9, 0, 0, 1, 1, 1, 0, 1, 1, 1, 0, 1, 1, 0, 1, 1, 0]
Fitness: 1116.329468 	[11, 0, 9, 1, 3, 2, 0, 4, 0, 12, 15, 6, 5, 13, 8, 10, 7, 14, 0, 1, 0, 1, 1, 1, 0, 1, 0, 1, 1, 1, 1, 0, 1, 0]
Fitness: 1110.180995 	[4, 0, 2, 5, 9, 11, 0, 13, 6, 12, 7, 14, 0, 3, 15, 1, 10, 8, 0, 1, 0, 1, 1, 1, 1, 0, 1, 1, 1, 0, 1, 1, 0, 0]
Fitness: 1110.180995 	[4, 0, 2, 5, 9, 11, 0, 13, 6, 12, 7, 14, 0, 3, 15, 1, 10, 8, 0, 1, 0, 1, 1, 1, 1, 0, 1, 1, 1, 0, 1, 1, 0, 0]
Fitness: 1109.315321 	[12, 6, 1, 0, 15, 7, 5, 8, 11, 2, 0, 4, 9, 14, 0, 10, 3, 13, 0, 1, 0, 1, 1, 1, 0, 1, 0, 1, 1, 1, 0, 1, 1, 0]
Fitness: 1108.573033 	[8, 11, 12, 14, 15, 7, 0, 6, 1, 2, 5, 0, 4, 9, 10, 0, 13, 3, 0, 1, 1, 0, 1, 0, 1, 1, 0, 1, 0, 1, 1, 1, 1, 0]
Fitness: 1108.573033 	[8, 11, 12, 14, 15, 7, 0, 6, 1, 2, 5, 0, 4, 9, 10, 0, 13, 3, 0, 1, 1, 0, 1, 0, 1, 1, 0, 1, 0, 1, 1, 1, 1, 0]
Fitness: 1108.573033 	[9, 10, 4, 0, 6, 1, 2, 5, 0, 8, 11, 12, 14, 15, 7, 0, 13, 3, 0, 1, 1, 0, 1, 0, 1, 1, 0, 1, 0, 1, 1, 1, 1, 0]
Fitness: 1106.884947 	[3, 6, 7, 10, 14, 5, 0, 11, 9, 4, 0, 15, 12, 13, 8, 2, 0, 1, 0, 0, 1, 0, 1, 1, 1, 1, 1, 0, 1, 1, 0, 1, 1, 0]
Fitness: 1106.884947 	[3, 6, 7, 10, 14, 5, 0, 11, 9, 4, 0, 15, 12, 13, 8, 2, 0, 1, 0, 0, 1, 0, 1, 1, 1, 1, 1, 0, 1, 1, 0, 1, 1, 0]
Fitness: 1106.071377 	[9, 4, 0, 3, 1, 6, 0, 5, 11, 14, 10, 0, 7, 8, 2, 12, 13, 15, 0, 0, 1, 1, 0, 1, 1, 0, 1, 1, 1, 1, 0, 1, 1, 0]
Fitness: 1106.071377 	[9, 4, 0, 3, 1, 6, 0, 5, 11, 14, 10, 0, 7, 8, 2, 12, 13, 15, 0, 0, 1, 1, 0, 1, 1, 0, 1, 1, 1, 1, 0, 1, 1, 0]
Fitness: 1106.071377 	[3, 1, 6, 0, 9, 4, 0, 5, 11, 14, 10, 0, 7, 8, 2, 12, 13, 15, 0, 0, 1, 1, 0, 1, 1, 0, 1, 1, 1, 1, 0, 1, 1, 0]
Fitness: 1106.071377 	[3, 1, 6, 0, 9, 4, 0, 5, 11, 14, 10, 0, 7, 8, 2, 12, 13, 15, 0, 0, 1, 1, 0, 1, 1, 0, 1, 1, 1, 1, 0, 1, 1, 0]
Fitness: 1106.071377 	[3, 1, 6, 0, 9, 4, 0, 5, 11, 14, 10, 0, 7, 8, 2, 12, 13, 15, 0, 0, 1, 1, 0, 1, 1, 0, 1, 1, 1, 1, 0, 1, 1, 0]
Fitness: 1102.815916 	[4, 0, 11, 0, 9, 1, 3, 2, 0, 12, 15, 6, 5, 13, 8, 10, 7, 14, 0, 1, 0, 1, 1, 1, 1, 1, 0, 1, 0, 1, 1, 0, 1, 0]
Fitness: 1102.299142 	[14, 9, 0, 10, 2, 13, 3, 12, 0, 11, 6, 1, 0, 15, 8, 5, 4, 7, 0, 0, 1, 1, 1, 0, 1, 1, 1, 0, 1, 1, 0, 1, 1, 0]
Fitness: 1102.299142 	[10, 2, 13, 3, 12, 0, 14, 9, 0, 11, 6, 1, 0, 15, 8, 5, 4, 7, 0, 0, 1, 1, 1, 0, 1, 1, 1, 0, 1, 1, 0, 1, 1, 0]
Fitness: 1102.299142 	[10, 2, 13, 3, 12, 0, 14, 9, 0, 11, 6, 1, 0, 15, 8, 5, 4, 7, 0, 0, 1, 1, 1, 0, 1, 1, 1, 0, 1, 1, 0, 1, 1, 0]
Fitness: 1100.801959 	[4, 0, 2, 5, 9, 11, 0, 3, 15, 1, 10, 8, 0, 13, 6, 12, 7, 14, 0, 1, 0, 1, 1, 1, 1, 0, 1, 1, 1, 0, 1, 1, 0, 0]
Fitness: 1100.801959 	[4, 0, 2, 5, 9, 11, 0, 3, 15, 1, 10, 8, 0, 13, 6, 12, 7, 14, 0, 1, 0, 1, 1, 1, 1, 0, 1, 1, 1, 0, 1, 1, 0, 0]
Fitness: 1100.788310 	[4, 14, 5, 6, 0, 3, 10, 15, 7, 0, 11, 13, 1, 0, 2, 8, 9, 12, 0, 1, 0, 1, 0, 1, 1, 0, 1, 1, 1, 1, 0, 1, 1, 0]
Fitness: 1100.147136 	[4, 9, 14, 0, 12, 13, 1, 0, 3, 15, 2, 10, 8, 0, 11, 6, 5, 7, 0, 1, 0, 1, 1, 1, 1, 0, 1, 0, 1, 1, 0, 1, 1, 0]
Fitness: 1098.574978 	[8, 11, 12, 14, 15, 7, 0, 13, 3, 0, 4, 9, 10, 0, 6, 1, 2, 5, 0, 1, 1, 0, 1, 0, 1, 1, 0, 1, 0, 1, 1, 1, 1, 0]
Fitness: 1097.699920 	[14, 9, 0, 15, 8, 5, 4, 7, 0, 11, 6, 1, 0, 10, 2, 13, 3, 12, 0, 0, 1, 1, 1, 0, 1, 1, 1, 0, 1, 1, 0, 1, 1, 0]
Fitness: 1095.992112 	[4, 14, 15, 10, 0, 9, 13, 1, 0, 11, 3, 8, 5, 12, 6, 7, 0, 2, 0, 0, 1, 1, 0, 1, 1, 1, 0, 1, 0, 1, 1, 1, 1, 0]
Fitness: 1095.992112 	[4, 14, 15, 10, 0, 9, 13, 1, 0, 11, 3, 8, 5, 12, 6, 7, 0, 2, 0, 0, 1, 1, 0, 1, 1, 1, 0, 1, 0, 1, 1, 1, 1, 0]
Fitness: 1095.992112 	[4, 14, 15, 10, 0, 9, 13, 1, 0, 11, 3, 8, 5, 12, 6, 7, 0, 2, 0, 0, 1, 1, 0, 1, 1, 1, 0, 1, 0, 1, 1, 1, 1, 0]
Fitness: 1089.119961 	[2, 5, 11, 0, 9, 4, 0, 13, 6, 12, 7, 14, 0, 3, 15, 1, 10, 8, 0, 1, 0, 1, 1, 1, 1, 0, 1, 1, 1, 0, 1, 1, 0, 0]
Fitness: 1083.644610 	[2, 5, 9, 11, 0, 4, 0, 13, 6, 12, 7, 14, 0, 3, 15, 1, 10, 8, 0, 1, 0, 1, 1, 1, 1, 0, 1, 1, 1, 0, 1, 1, 0, 0]
Fitness: 1079.413417 	[7, 5, 2, 8, 10, 11, 15, 0, 12, 6, 13, 1, 0, 4, 9, 14, 0, 3, 0, 1, 0, 1, 1, 1, 0, 1, 1, 0, 1, 1, 0, 1, 1, 0]
Fitness: 1076.297836 	[2, 14, 9, 11, 0, 1, 13, 4, 8, 12, 0, 5, 6, 0, 3, 10, 15, 7, 0, 1, 0, 1, 0, 1, 1, 0, 1, 1, 1, 1, 0, 1, 1, 0]
Fitness: 1074.508401 	[15, 8, 5, 4, 7, 0, 11, 6, 1, 0, 2, 0, 3, 9, 10, 12, 13, 14, 0, 0, 1, 1, 1, 0, 1, 1, 1, 0, 1, 1, 0, 1, 1, 0]
Fitness: 1074.508401 	[15, 8, 5, 4, 7, 0, 11, 6, 1, 0, 2, 0, 3, 9, 10, 12, 13, 14, 0, 0, 1, 1, 1, 0, 1, 1, 1, 0, 1, 1, 0, 1, 1, 0]
Fitness: 1074.265574 	[2, 5, 9, 11, 0, 4, 0, 3, 15, 1, 10, 8, 0, 13, 6, 12, 7, 14, 0, 1, 0, 1, 1, 1, 1, 0, 1, 1, 1, 0, 1, 1, 0, 0]
Fitness: 1073.108986 	[1, 6, 0, 9, 4, 0, 5, 11, 14, 10, 3, 0, 7, 8, 2, 12, 13, 15, 0, 1, 0, 1, 0, 1, 1, 0, 1, 1, 1, 1, 0, 1, 1, 0]
Fitness: 1072.256885 	[4, 0, 2, 5, 9, 11, 0, 13, 6, 12, 7, 14, 0, 3, 15, 1, 10, 8, 0, 1, 0, 1, 1, 1, 1, 0, 1, 1, 1, 1, 0, 1, 0, 0]
Fitness: 1071.987809 	[7, 8, 2, 12, 13, 15, 0, 5, 14, 11, 0, 9, 10, 4, 0, 3, 1, 6, 0, 0, 1, 1, 0, 1, 1, 0, 1, 1, 1, 1, 0, 1, 1, 0]
Fitness: 1070.888467 	[10, 2, 1, 11, 6, 0, 15, 9, 4, 0, 5, 0, 14, 3, 7, 8, 13, 12, 0, 0, 1, 1, 0, 1, 1, 1, 1, 1, 0, 1, 1, 0, 1, 0]
Fitness: 1069.547839 	[11, 13, 1, 0, 3, 10, 15, 7, 0, 5, 6, 0, 12, 9, 4, 2, 8, 14, 0, 1, 0, 1, 0, 1, 1, 0, 1, 1, 1, 1, 0, 1, 1, 0]
Fitness: 1069.514486 	[10, 2, 13, 3, 12, 0, 15, 8, 5, 4, 7, 0, 11, 6, 1, 0, 14, 9, 0, 0, 1, 1, 1, 0, 1, 1, 1, 0, 1, 1, 0, 1, 1, 0]
Fitness: 1069.514486 	[10, 2, 13, 3, 12, 0, 15, 8, 5, 4, 7, 0, 11, 6, 1, 0, 14, 9, 0, 0, 1, 1, 1, 0, 1, 1, 1, 0, 1, 1, 0, 1, 1, 0]
Fitness: 1069.514486 	[10, 2, 13, 3, 12, 0, 15, 8, 5, 4, 7, 0, 11, 6, 1, 0, 14, 9, 0, 0, 1, 1, 1, 0, 1, 1, 1, 0, 1, 1, 0, 1, 1, 0]
Fitness: 1069.514486 	[10, 2, 13, 3, 12, 0, 15, 8, 5, 4, 7, 0, 11, 6, 1, 0, 14, 9, 0, 0, 1, 1, 1, 0, 1, 1, 1, 0, 1, 1, 0, 1, 1, 0]
Fitness: 1066.876383 	[5, 0, 9, 11, 1, 6, 2, 10, 0, 4, 15, 0, 14, 3, 7, 8, 13, 12, 0, 0, 1, 1, 1, 0, 1, 1, 1, 1, 0, 1, 1, 0, 1, 0]
Fitness: 1059.737669 	[1, 0, 9, 4, 6, 7, 10, 12, 13, 14, 0, 2, 5, 11, 0, 3, 15, 8, 0, 1, 0, 1, 1, 1, 1, 0, 1, 1, 0, 1, 1, 1, 0, 0]
Fitness: 1056.100211 	[1, 3, 4, 0, 9, 10, 7, 5, 6, 0, 15, 12, 13, 2, 8, 0, 11, 14, 0, 1, 1, 0, 1, 1, 1, 1, 1, 0, 1, 0, 1, 0, 1, 0]
Fitness: 1056.100211 	[1, 3, 4, 0, 9, 10, 7, 5, 6, 0, 11, 14, 0, 15, 12, 13, 2, 8, 0, 1, 1, 0, 1, 1, 1, 1, 1, 0, 1, 0, 1, 0, 1, 0]
Fitness: 1108.573033 	[8, 11, 12, 14, 15, 7, 0, 6, 1, 2, 5, 0, 4, 9, 10, 0, 13, 3, 0, 1, 1, 0, 0, 1, 1, 1, 0, 1, 0, 1, 1, 1, 1, 0]
Fitness: 1095.992112 	[4, 14, 15, 10, 0, 9, 13, 1, 0, 11, 3, 8, 5, 12, 6, 7, 0, 2, 0, 0, 1, 1, 0, 1, 1, 1, 0, 1, 0, 1, 1, 1, 1, 0]
Fitness: 1108.573033 	[4, 9, 3, 10, 0, 8, 11, 12, 14, 15, 7, 0, 6, 1, 2, 5, 0, 13, 0, 1, 1, 0, 1, 0, 1, 1, 0, 1, 0, 1, 1, 1, 1, 0]
Fitness: 1186.316120 	[5, 11, 14, 0, 15, 1, 6, 0, 9, 4, 0, 10, 12, 7, 2, 13, 3, 8, 0, 0, 1, 1, 1, 1, 0, 1, 1, 0, 1, 1, 0, 1, 1, 0]
Fitness: 1106.071377 	[9, 4, 0, 3, 1, 6, 0, 5, 11, 14, 10, 0, 7, 8, 2, 12, 13, 15, 0, 0, 1, 1, 0, 1, 1, 0, 1, 1, 1, 1, 0, 1, 1, 0]
Fitness: 1186.316120 	[9, 4, 0, 10, 12, 7, 2, 13, 3, 8, 0, 5, 11, 14, 1, 0, 6, 15, 0, 0, 1, 1, 1, 1, 0, 1, 1, 0, 1, 1, 0, 1, 1, 0]
Fitness: 1097.699920 	[14, 9, 0, 15, 8, 5, 4, 7, 0, 11, 6, 1, 0, 10, 2, 13, 3, 12, 0, 0, 1, 1, 1, 0, 1, 1, 1, 0, 1, 1, 0, 1, 1, 0]
Fitness: 1200.317426 	[9, 4, 0, 10, 12, 7, 2, 13, 3, 8, 0, 5, 11, 14, 0, 15, 1, 6, 0, 0, 1, 1, 1, 1, 0, 1, 1, 0, 1, 1, 0, 1, 1, 0]
Fitness: 1097.699920 	[15, 8, 5, 4, 7, 0, 14, 9, 0, 2, 11, 3, 0, 10, 1, 6, 12, 13, 0, 0, 1, 1, 1, 0, 1, 1, 1, 0, 1, 1, 0, 1, 1, 0]
Fitness: 1129.895531 	[3, 1, 13, 7, 0, 15, 6, 11, 10, 0, 4, 0, 12, 9, 5, 2, 8, 14, 0, 1, 0, 1, 1, 1, 0, 1, 0, 1, 0, 1, 1, 1, 1, 0]
Fitness: 1200.317426 	[1, 14, 5, 6, 0, 11, 15, 0, 10, 12, 7, 2, 13, 3, 8, 0, 9, 4, 0, 0, 1, 1, 1, 1, 0, 1, 1, 0, 1, 1, 0, 1, 1, 0]
Fitness: 1200.317426 	[9, 4, 0, 15, 1, 6, 0, 5, 11, 14, 0, 10, 12, 7, 2, 13, 3, 8, 0, 0, 1, 1, 1, 1, 0, 1, 1, 0, 1, 1, 0, 1, 1, 0]
Fitness: 1200.317426 	[9, 4, 0, 15, 1, 6, 0, 5, 11, 14, 0, 10, 12, 7, 2, 13, 3, 8, 0, 0, 1, 1, 1, 1, 0, 1, 1, 0, 1, 1, 0, 1, 1, 0]
Fitness: 1200.317426 	[1, 5, 0, 10, 12, 7, 2, 13, 3, 8, 0, 9, 4, 0, 6, 11, 14, 15, 0, 0, 1, 1, 1, 1, 0, 1, 1, 0, 1, 1, 0, 1, 1, 0]
Fitness: 1216.462543 	[1, 0, 4, 0, 11, 9, 10, 5, 12, 8, 0, 3, 6, 7, 2, 14, 13, 15, 0, 1, 0, 1, 1, 1, 1, 1, 1, 0, 1, 1, 0, 0, 1, 0]
Fitness: 1069.514486 	[10, 2, 13, 3, 12, 0, 15, 8, 5, 4, 7, 0, 11, 6, 1, 0, 14, 9, 0, 0, 1, 1, 1, 0, 1, 1, 1, 0, 1, 1, 0, 1, 1, 0]
Fitness: 1216.462543 	[10, 2, 13, 3, 12, 0, 15, 8, 5, 9, 7, 0, 1, 0, 4, 11, 6, 14, 0, 1, 0, 1, 1, 1, 0, 1, 1, 1, 1, 0, 1, 0, 1, 0]
Fitness: 1200.317426 	[9, 4, 0, 5, 11, 14, 0, 10, 12, 7, 2, 13, 3, 8, 0, 15, 1, 6, 0, 0, 1, 1, 1, 1, 1, 0, 1, 0, 1, 1, 0, 1, 1, 0]
Fitness: 1136.342957 	[13, 0, 9, 10, 4, 0, 3, 1, 6, 0, 2, 14, 11, 8, 5, 7, 12, 15, 0, 0, 1, 1, 0, 1, 1, 0, 1, 1, 1, 1, 0, 1, 1, 0]
Fitness: 1200.317426 	[1, 0, 9, 6, 4, 0, 5, 11, 14, 0, 10, 12, 7, 2, 13, 3, 8, 15, 0, 0, 1, 1, 1, 1, 0, 1, 1, 0, 1, 1, 0, 1, 1, 0]
Fitness: 1170.470112 	[15, 1, 6, 0, 10, 3, 7, 8, 11, 12, 13, 0, 2, 5, 14, 0, 9, 4, 0, 0, 1, 1, 1, 0, 1, 1, 1, 0, 1, 1, 0, 1, 1, 0]
Fitness: 1098.574978 	[8, 11, 12, 14, 15, 7, 0, 13, 3, 0, 4, 9, 10, 0, 6, 1, 2, 5, 0, 1, 1, 0, 1, 0, 1, 1, 0, 1, 0, 1, 1, 1, 1, 0]
Fitness: 1170.470112 	[9, 4, 14, 0, 10, 3, 7, 8, 11, 12, 13, 0, 15, 1, 6, 0, 2, 5, 0, 0, 1, 1, 1, 1, 0, 1, 1, 0, 1, 1, 0, 1, 1, 0]
Fitness: 1056.100211 	[1, 3, 4, 0, 9, 10, 7, 5, 6, 0, 11, 14, 0, 15, 12, 13, 2, 8, 0, 1, 1, 0, 1, 1, 1, 1, 1, 0, 1, 1, 0, 0, 1, 0]
Fitness: 1141.443445 	[4, 9, 14, 0, 12, 6, 13, 1, 0, 7, 5, 2, 8, 10, 11, 15, 0, 3, 0, 1, 0, 1, 1, 1, 0, 1, 1, 0, 1, 1, 0, 1, 1, 0]
Fitness: 1056.100211 	[4, 9, 1, 0, 15, 12, 13, 2, 8, 0, 11, 14, 0, 3, 5, 6, 7, 10, 0, 1, 1, 0, 1, 1, 1, 1, 1, 0, 1, 0, 1, 0, 1, 0]
Fitness: 1116.329468 	[11, 0, 9, 1, 3, 2, 0, 4, 0, 12, 15, 6, 5, 13, 8, 10, 7, 14, 0, 1, 0, 1, 1, 1, 1, 0, 1, 1, 1, 0, 1, 0, 1, 0]
Fitness: 1089.119961 	[2, 5, 11, 0, 9, 4, 0, 13, 6, 12, 7, 14, 0, 3, 15, 1, 10, 8, 0, 1, 0, 1, 1, 1, 1, 0, 1, 1, 1, 0, 1, 1, 0, 0]
Fitness: 1116.329468 	[2, 5, 1, 0, 9, 3, 0, 4, 0, 11, 6, 7, 8, 10, 12, 13, 14, 15, 0, 1, 0, 1, 1, 1, 0, 1, 0, 1, 1, 1, 1, 0, 1, 0]
Fitness: 1126.560590 	[4, 0, 1, 2, 3, 7, 15, 0, 11, 9, 10, 5, 12, 8, 0, 6, 14, 13, 0, 1, 0, 1, 1, 1, 1, 1, 1, 0, 1, 1, 0, 0, 1, 0]
Fitness: 1106.884947 	[3, 6, 7, 10, 14, 5, 0, 11, 9, 4, 0, 15, 12, 13, 8, 2, 0, 1, 0, 0, 1, 0, 1, 1, 1, 1, 1, 0, 1, 1, 0, 1, 1, 0]
Fitness: 1126.560590 	[8, 12, 10, 5, 0, 11, 9, 4, 0, 1, 2, 3, 7, 15, 0, 6, 14, 13, 0, 1, 0, 1, 1, 1, 1, 1, 1, 0, 1, 0, 1, 0, 1, 0]
Fitness: 1125.826350 	[4, 0, 11, 0, 9, 1, 3, 2, 0, 12, 15, 6, 5, 13, 8, 10, 7, 14, 0, 1, 0, 1, 1, 1, 1, 1, 1, 0, 1, 0, 1, 0, 1, 0]
Fitness: 1126.560590 	[4, 0, 6, 14, 13, 0, 11, 9, 10, 5, 12, 8, 0, 1, 2, 3, 7, 15, 0, 1, 0, 1, 1, 1, 1, 1, 1, 0, 1, 0, 1, 0, 1, 0]
Fitness: 1125.826350 	[4, 0, 11, 0, 12, 15, 6, 5, 13, 8, 10, 7, 14, 0, 1, 2, 3, 9, 0, 1, 0, 1, 1, 1, 1, 0, 1, 0, 1, 1, 1, 0, 1, 0]
Fitness: 1102.299142 	[14, 9, 0, 10, 2, 13, 3, 12, 0, 11, 6, 1, 0, 15, 8, 5, 4, 7, 0, 0, 1, 1, 1, 1, 0, 1, 1, 0, 1, 1, 0, 1, 1, 0]
Fitness: 1200.317426 	[9, 4, 0, 15, 1, 6, 0, 5, 11, 14, 0, 10, 12, 7, 2, 13, 3, 8, 0, 0, 1, 1, 1, 1, 0, 1, 1, 0, 1, 1, 0, 1, 1, 0]
Fitness: 1102.299142 	[5, 4, 0, 14, 9, 0, 11, 6, 1, 0, 10, 12, 7, 2, 13, 3, 8, 15, 0, 0, 1, 1, 1, 0, 1, 1, 1, 0, 1, 1, 0, 1, 1, 0]
Fitness: 1102.299142 	[10, 2, 13, 3, 12, 0, 14, 9, 0, 11, 6, 1, 0, 15, 8, 5, 4, 7, 0, 0, 1, 1, 1, 0, 1, 1, 1, 0, 1, 1, 0, 1, 1, 0]
Fitness: 1069.514486 	[10, 2, 13, 3, 12, 0, 15, 8, 5, 4, 7, 0, 11, 6, 1, 0, 14, 9, 0, 0, 1, 1, 1, 0, 1, 1, 1, 0, 1, 1, 0, 1, 1, 0]
Fitness: 1102.299142 	[1, 4, 5, 6, 7, 0, 10, 2, 13, 3, 12, 0, 14, 9, 0, 8, 11, 15, 0, 0, 1, 1, 1, 0, 1, 1, 1, 0, 1, 1, 0, 1, 1, 0]
Fitness: 1100.801959 	[4, 14, 6, 0, 3, 15, 1, 10, 8, 0, 2, 5, 9, 11, 0, 7, 12, 13, 0, 1, 0, 1, 1, 1, 1, 0, 1, 1, 1, 0, 1, 1, 0, 0]
Fitness: 1073.108986 	[1, 6, 0, 9, 4, 0, 5, 11, 14, 10, 3, 0, 7, 8, 2, 12, 13, 15, 0, 1, 0, 1, 1, 1, 0, 1, 1, 0, 1, 1, 0, 1, 1, 0]
Fitness: 1200.317426 	[9, 4, 0, 15, 1, 6, 0, 10, 12, 7, 2, 13, 3, 8, 0, 5, 11, 14, 0, 0, 1, 1, 1, 1, 0, 1, 1, 0, 1, 1, 0, 1, 1, 0]
Fitness: 1073.108986 	[1, 10, 0, 9, 4, 0, 7, 8, 2, 12, 13, 15, 0, 5, 11, 14, 3, 6, 0, 1, 0, 1, 0, 1, 1, 0, 1, 1, 1, 1, 0, 1, 1, 0]
Fitness: 1069.514486 	[10, 2, 13, 3, 12, 0, 15, 8, 5, 4, 7, 0, 11, 6, 1, 0, 14, 9, 0, 0, 1, 1, 1, 1, 1, 0, 1, 0, 1, 1, 0, 1, 1, 0]
Fitness: 1100.147136 	[4, 9, 14, 0, 12, 13, 1, 0, 3, 15, 2, 10, 8, 0, 11, 6, 5, 7, 0, 1, 0, 1, 1, 1, 1, 0, 1, 0, 1, 1, 0, 1, 1, 0]
Fitness: 1069.514486 	[11, 9, 14, 0, 6, 1, 0, 10, 2, 13, 3, 12, 0, 15, 8, 5, 4, 7, 0, 0, 1, 1, 1, 0, 1, 1, 1, 0, 1, 1, 0, 1, 1, 0]
Fitness: 1117.137920 	[5, 11, 14, 0, 15, 1, 6, 0, 3, 2, 7, 0, 8, 4, 9, 10, 12, 13, 0, 0, 1, 1, 1, 1, 0, 1, 1, 0, 1, 1, 0, 1, 1, 0]
Fitness: 1170.470112 	[15, 1, 6, 0, 9, 4, 0, 2, 5, 14, 0, 10, 3, 7, 8, 11, 12, 13, 0, 0, 1, 1, 1, 1, 0, 1, 1, 0, 1, 1, 0, 1, 1, 0]
Fitness: 1117.137920 	[3, 2, 7, 0, 8, 4, 9, 10, 12, 13, 0, 1, 5, 14, 0, 6, 15, 11, 0, 0, 1, 1, 1, 1, 0, 1, 1, 0, 1, 1, 0, 1, 1, 0]
Fitness: 1074.508401 	[15, 8, 5, 4, 7, 0, 11, 6, 1, 0, 2, 0, 3, 9, 10, 12, 13, 14, 0, 0, 1, 1, 1, 0, 1, 1, 1, 0, 1, 1, 0, 1, 1, 0]
Fitness: 1102.299142 	[10, 2, 13, 3, 12, 0, 14, 9, 0, 11, 6, 1, 0, 15, 8, 5, 4, 7, 0, 0, 1, 1, 1, 0, 1, 1, 1, 0, 1, 1, 0, 1, 1, 0]
Fitness: 1074.508401 	[10, 1, 13, 3, 12, 0, 15, 8, 5, 4, 7, 0, 2, 0, 6, 9, 11, 14, 0, 0, 1, 1, 1, 0, 1, 1, 1, 0, 1, 1, 0, 1, 1, 0]
Fitness: 1200.317426 	[9, 4, 0, 10, 12, 7, 2, 13, 3, 8, 0, 5, 11, 14, 0, 1, 6, 15, 0, 1, 0, 1, 1, 1, 1, 0, 1, 0, 1, 1, 0, 1, 1, 0]
Fitness: 1059.737669 	[1, 0, 9, 4, 6, 7, 10, 12, 13, 14, 0, 2, 5, 11, 0, 3, 15, 8, 0, 1, 0, 1, 1, 1, 1, 0, 1, 1, 0, 1, 1, 1, 0, 0]
Fitness: 1200.317426 	[4, 0, 10, 12, 7, 2, 13, 3, 8, 0, 1, 6, 15, 0, 5, 9, 11, 14, 0, 0, 1, 1, 1, 1, 0, 1, 1, 0, 1, 1, 0, 1, 1, 0]
Fitness: 1224.388568 	[4, 13, 6, 14, 0, 11, 9, 10, 0, 1, 2, 3, 7, 15, 0, 5, 12, 8, 0, 1, 0, 1, 1, 1, 0, 1, 1, 1, 1, 0, 1, 0, 1, 0]
Fitness: 1110.180995 	[4, 0, 2, 5, 9, 11, 0, 13, 6, 12, 7, 14, 0, 3, 15, 1, 10, 8, 0, 1, 0, 1, 1, 1, 1, 0, 1, 1, 1, 0, 1, 1, 0, 0]
Fitness: 1076.297836 	[2, 14, 9, 11, 0, 1, 13, 4, 8, 12, 0, 5, 6, 0, 3, 10, 15, 7, 0, 1, 0, 1, 0, 1, 1, 0, 1, 1, 1, 1, 0, 1, 1, 0]
Fitness: 1110.180995 	[10, 3, 15, 0, 1, 4, 8, 0, 13, 6, 12, 7, 14, 0, 2, 5, 9, 11, 0, 1, 0, 1, 1, 1, 1, 0, 1, 1, 1, 0, 1, 1, 0, 0]
Fitness: 1074.508401 	[11, 6, 1, 0, 15, 8, 5, 4, 7, 0, 9, 2, 12, 14, 10, 0, 13, 3, 0, 0, 1, 1, 1, 0, 1, 1, 1, 0, 1, 1, 0, 1, 1, 0]
Fitness: 1116.747819 	[11, 6, 1, 0, 15, 8, 5, 4, 7, 0, 10, 2, 13, 3, 12, 0, 14, 9, 0, 0, 1, 1, 1, 1, 0, 1, 1, 0, 1, 1, 0, 1, 1, 0]
Fitness: 1186.316120 	[5, 11, 14, 0, 15, 1, 6, 0, 9, 4, 0, 10, 12, 7, 2, 13, 3, 8, 0, 0, 1, 1, 1, 1, 0, 1, 1, 0, 1, 1, 0, 1, 1, 0]
Fitness: 1116.747819 	[14, 9, 0, 15, 8, 5, 4, 7, 0, 1, 11, 0, 10, 12, 6, 2, 13, 3, 0, 0, 1, 1, 1, 0, 1, 1, 1, 0, 1, 1, 0, 1, 1, 0]
Fitness: 1200.317426 	[1, 5, 0, 10, 12, 7, 2, 13, 3, 8, 0, 9, 4, 11, 0, 6, 14, 15, 0, 0, 1, 1, 1, 1, 0, 1, 1, 1, 1, 0, 0, 1, 1, 0]
Fitness: 1148.922274 	[9, 10, 4, 6, 0, 7, 8, 2, 12, 13, 15, 0, 5, 14, 11, 1, 0, 3, 0, 1, 0, 1, 0, 1, 0, 1, 1, 1, 1, 1, 1, 1, 0, 0]
Fitness: 1110.180995 	[2, 5, 0, 9, 11, 4, 0, 13, 6, 12, 7, 14, 0, 3, 15, 1, 10, 8, 0, 1, 0, 1, 1, 1, 1, 1, 1, 1, 1, 0, 1, 0, 0, 0]
Fitness: 1097.699920 	[9, 0, 15, 8, 5, 4, 7, 0, 11, 6, 1, 14, 0, 10, 2, 13, 3, 12, 0, 1, 1, 1, 0, 0, 1, 1, 1, 0, 1, 1, 0, 1, 1, 0]
Fitness: 1117.137920 	[5, 11, 14, 8, 0, 15, 1, 6, 0, 3, 2, 7, 0, 4, 9, 10, 12, 13, 0, 1, 1, 1, 1, 1, 0, 1, 0, 0, 1, 1, 0, 1, 1, 0]
Fitness: 1120.300480 	[14, 13, 0, 15, 6, 11, 10, 8, 1, 0, 2, 3, 9, 7, 12, 5, 0, 4, 0, 1, 0, 1, 1, 0, 0, 1, 0, 1, 1, 1, 1, 1, 1, 0]
Fitness: 1200.317426 	[9, 4, 2, 0, 10, 12, 7, 13, 3, 8, 0, 5, 11, 14, 0, 1, 6, 15, 0, 1, 1, 1, 1, 1, 0, 1, 1, 0, 1, 1, 0, 0, 1, 0]
Fitness: 1216.462543 	[1, 12, 0, 4, 0, 11, 9, 10, 5, 8, 0, 3, 6, 7, 2, 14, 13, 15, 0, 0, 1, 1, 1, 1, 0, 1, 1, 1, 1, 0, 1, 0, 1, 0]
Fitness: 1186.316120 	[5, 14, 0, 15, 1, 6, 0, 9, 4, 11, 0, 10, 12, 7, 2, 13, 3, 8, 0, 0, 1, 1, 1, 1, 0, 1, 1, 1, 1, 1, 0, 1, 0, 0]
Fitness: 1200.317426 	[9, 4, 0, 5, 14, 0, 10, 12, 7, 2, 13, 3, 8, 11, 0, 15, 1, 6, 0, 0, 1, 1, 1, 1, 1, 1, 1, 0, 1, 0, 0, 1, 1, 0]
Fitness: 1197.928752 	[3, 1, 6, 13, 0, 9, 10, 4, 0, 2, 14, 11, 8, 0, 5, 7, 12, 15, 0, 0, 1, 1, 0, 1, 1, 0, 0, 1, 1, 1, 1, 1, 1, 0]
Fitness: 1089.119961 	[2, 5, 0, 9, 4, 0, 13, 6, 12, 7, 14, 0, 3, 15, 1, 10, 8, 11, 0, 1, 0, 0, 1, 1, 1, 1, 1, 1, 1, 0, 1, 1, 0, 0]
Fitness: 1125.826350 	[4, 0, 11, 7, 0, 9, 1, 3, 2, 0, 12, 15, 6, 5, 13, 8, 10, 14, 0, 1, 0, 1, 1, 1, 1, 1, 1, 0, 1, 1, 0, 0, 1, 0]
Fitness: 1203.073280 	[2, 7, 10, 9, 1, 0, 11, 13, 0, 5, 6, 0, 15, 3, 4, 8, 12, 14, 0, 0, 0, 1, 0, 1, 1, 0, 1, 1, 1, 1, 1, 1, 1, 0]
Fitness: 1129.895531 	[3, 1, 7, 0, 15, 6, 11, 10, 0, 4, 13, 0, 12, 9, 5, 2, 8, 14, 0, 1, 0, 1, 1, 1, 0, 1, 0, 1, 1, 1, 1, 0, 1, 0]
Fitness: 1172.715523 	[15, 1, 6, 14, 0, 9, 4, 0, 5, 11, 0, 10, 12, 7, 2, 13, 3, 8, 0, 0, 1, 1, 1, 1, 0, 1, 1, 1, 0, 1, 0, 1, 1, 0]
Fitness: 1106.071377 	[3, 1, 0, 9, 4, 6, 0, 5, 11, 14, 10, 0, 7, 8, 2, 12, 13, 15, 0, 0, 1, 1, 0, 1, 1, 0, 1, 1, 1, 0, 1, 1, 1, 0]
Fitness: 1079.413417 	[8, 10, 11, 15, 0, 12, 6, 13, 1, 0, 4, 9, 14, 3, 0, 7, 5, 2, 0, 1, 1, 1, 1, 1, 0, 1, 1, 0, 1, 1, 0, 0, 1, 0]
Fitness: 1073.108986 	[1, 6, 0, 4, 0, 5, 11, 14, 10, 3, 9, 0, 7, 8, 2, 12, 13, 15, 0, 1, 0, 0, 0, 1, 1, 1, 1, 1, 1, 1, 0, 1, 1, 0]
Fitness: 1129.895531 	[15, 6, 11, 10, 0, 13, 8, 1, 14, 4, 0, 7, 12, 5, 0, 2, 3, 9, 0, 1, 0, 1, 1, 1, 1, 1, 0, 0, 0, 1, 1, 1, 1, 0]
Fitness: 1125.826350 	[12, 15, 6, 5, 0, 11, 0, 13, 8, 10, 7, 14, 0, 1, 2, 3, 9, 4, 0, 1, 0, 1, 1, 1, 1, 0, 1, 0, 1, 1, 0, 1, 1, 0]
Fitness: 1076.297836 	[2, 9, 11, 0, 1, 13, 4, 8, 12, 14, 0, 5, 6, 0, 3, 10, 15, 7, 0, 1, 0, 0, 1, 1, 1, 0, 1, 1, 1, 1, 0, 1, 1, 0]
Fitness: 1102.299142 	[1, 4, 5, 6, 7, 2, 0, 10, 13, 3, 12, 0, 14, 9, 0, 8, 11, 15, 0, 0, 1, 1, 1, 0, 1, 0, 1, 0, 1, 1, 1, 1, 1, 0]
Fitness: 1095.992112 	[4, 14, 10, 0, 9, 13, 1, 15, 0, 11, 3, 8, 5, 12, 6, 7, 0, 2, 0, 0, 1, 1, 0, 1, 1, 0, 0, 1, 1, 1, 1, 1, 1, 0]
Fitness: 1149.532474 	[1, 11, 6, 9, 0, 14, 0, 15, 8, 5, 4, 7, 0, 10, 2, 13, 3, 12, 0, 0, 1, 1, 1, 0, 1, 0, 1, 1, 1, 1, 0, 1, 1, 0]
Fitness: 1201.004275 	[3, 1, 6, 0, 11, 14, 0, 9, 4, 0, 7, 8, 2, 10, 12, 13, 15, 5, 0, 0, 1, 1, 0, 1, 1, 1, 1, 0, 1, 1, 0, 1, 1, 0]
Fitness: 1186.316120 	[5, 11, 14, 15, 0, 1, 6, 0, 9, 4, 0, 10, 12, 7, 2, 13, 3, 8, 0, 0, 1, 1, 1, 1, 0, 0, 1, 0, 1, 1, 1, 1, 1, 0]
Fitness: 1069.514486 	[10, 2, 13, 3, 12, 0, 15, 8, 5, 4, 7, 0, 11, 6, 1, 9, 0, 14, 0, 0, 0, 1, 1, 1, 1, 0, 1, 0, 1, 1, 1, 1, 1, 0]
Fitness: 1172.715523 	[15, 1, 6, 0, 5, 11, 14, 9, 0, 4, 0, 10, 12, 7, 2, 13, 3, 8, 0, 0, 0, 1, 1, 1, 0, 1, 1, 1, 1, 1, 0, 1, 1, 0]
Fitness: 1066.876383 	[5, 0, 9, 11, 1, 6, 2, 10, 4, 0, 15, 0, 14, 3, 7, 8, 13, 12, 0, 0, 1, 1, 0, 0, 1, 1, 1, 1, 1, 1, 1, 0, 1, 0]
Fitness: 1095.992112 	[4, 14, 15, 10, 0, 9, 13, 0, 11, 3, 8, 5, 12, 6, 7, 1, 0, 2, 0, 1, 1, 1, 0, 0, 1, 1, 0, 1, 0, 1, 1, 1, 1, 0]
Fitness: 1069.514486 	[10, 2, 13, 3, 12, 0, 15, 8, 5, 4, 7, 1, 0, 11, 6, 0, 14, 9, 0, 0, 1, 0, 1, 1, 1, 1, 1, 0, 1, 1, 0, 1, 1, 0]
Fitness: 1170.470112 	[15, 1, 6, 0, 9, 4, 14, 0, 2, 5, 0, 10, 3, 7, 8, 11, 12, 13, 0, 0, 1, 1, 1, 1, 1, 1, 1, 0, 0, 1, 0, 1, 1, 0]
Fitness: 1069.514486 	[2, 13, 3, 12, 0, 15, 8, 5, 4, 7, 0, 11, 6, 1, 0, 14, 9, 10, 0, 0, 1, 1, 1, 0, 1, 1, 1, 0, 1, 1, 1, 0, 1, 0]
Fitness: 1170.470112 	[9, 4, 14, 0, 10, 3, 7, 8, 11, 12, 13, 0, 15, 1, 6, 5, 0, 2, 0, 1, 1, 1, 0, 1, 0, 1, 1, 0, 1, 1, 0, 1, 1, 0]
Fitness: 1059.737669 	[1, 0, 9, 4, 6, 7, 10, 12, 13, 14, 5, 0, 2, 11, 0, 3, 15, 8, 0, 1, 1, 1, 1, 1, 1, 0, 1, 1, 0, 0, 1, 1, 0, 0]
Fitness: 1069.514486 	[10, 2, 13, 12, 0, 15, 8, 5, 4, 7, 0, 11, 6, 1, 3, 0, 14, 9, 0, 0, 1, 0, 1, 0, 1, 1, 1, 0, 1, 1, 1, 1, 1, 0]
Fitness: 1074.265574 	[9, 11, 4, 0, 2, 5, 0, 3, 15, 1, 10, 8, 0, 13, 6, 12, 7, 14, 0, 1, 0, 1, 1, 1, 1, 0, 1, 1, 0, 0, 1, 1, 1, 0]
Fitness: 1095.992112 	[4, 14, 15, 10, 0, 9, 13, 1, 12, 0, 11, 3, 8, 5, 6, 7, 0, 2, 0, 0, 1, 1, 0, 0, 1, 1, 0, 1, 1, 1, 1, 1, 1, 0]
Fitness: 1125.826350 	[12, 15, 6, 5, 0, 11, 4, 0, 9, 1, 3, 2, 0, 13, 8, 10, 7, 14, 0, 0, 1, 1, 1, 1, 1, 0, 1, 0, 1, 1, 1, 0, 1, 0]
Fitness: 1172.097819 	[10, 15, 7, 0, 11, 13, 1, 0, 5, 6, 0, 12, 9, 4, 2, 8, 14, 3, 0, 1, 1, 1, 0, 1, 1, 0, 0, 1, 1, 1, 0, 1, 1, 0]
Fitness: 1170.470112 	[1, 6, 0, 10, 3, 7, 8, 11, 12, 13, 0, 2, 5, 14, 0, 9, 4, 15, 0, 0, 0, 1, 1, 1, 1, 1, 1, 0, 1, 1, 0, 1, 1, 0]
Fitness: 1126.560590 	[4, 0, 6, 14, 13, 0, 11, 9, 10, 5, 12, 8, 3, 0, 1, 2, 7, 15, 0, 1, 0, 1, 0, 1, 1, 1, 1, 0, 1, 0, 1, 1, 1, 0]
Fitness: 1224.388568 	[4, 0, 6, 14, 13, 0, 11, 10, 5, 12, 8, 0, 1, 2, 3, 7, 15, 9, 0, 1, 0, 1, 0, 1, 0, 1, 1, 1, 1, 1, 1, 0, 1, 0]
Fitness: 1200.317426 	[9, 4, 5, 0, 15, 1, 6, 0, 11, 14, 0, 10, 12, 7, 2, 13, 3, 8, 0, 0, 1, 0, 1, 1, 0, 1, 1, 0, 1, 1, 1, 1, 1, 0]
Fitness: 1186.316120 	[9, 4, 0, 10, 12, 7, 2, 13, 3, 8, 1, 0, 5, 11, 14, 0, 6, 15, 0, 0, 1, 1, 1, 1, 1, 0, 1, 0, 1, 1, 0, 1, 1, 0]
Fitness: 1200.317426 	[9, 4, 0, 10, 12, 7, 2, 13, 3, 8, 14, 0, 5, 11, 0, 15, 1, 6, 0, 0, 1, 1, 1, 1, 0, 1, 0, 0, 1, 1, 1, 1, 1, 0]
Fitness: 1106.884947 	[10, 14, 5, 0, 11, 9, 4, 0, 15, 12, 13, 8, 2, 1, 0, 3, 6, 7, 0, 0, 1, 0, 1, 1, 1, 1, 1, 1, 1, 0, 0, 1, 1, 0]
Fitness: 1106.071377 	[9, 0, 3, 1, 6, 0, 5, 11, 14, 10, 0, 7, 8, 2, 12, 13, 15, 4, 0, 1, 1, 1, 0, 1, 1, 0, 1, 1, 1, 1, 0, 0, 1, 0]
Fitness: 1186.316120 	[5, 11, 14, 0, 15, 1, 6, 0, 4, 0, 10, 12, 7, 2, 13, 3, 8, 9, 0, 1, 1, 1, 1, 1, 0, 1, 1, 0, 0, 1, 0, 1, 1, 0]
Fitness: 1074.508401 	[2, 0, 11, 6, 1, 0, 15, 8, 5, 4, 7, 0, 3, 9, 10, 12, 13, 14, 0, 0, 1, 1, 1, 0, 1, 1, 1, 0, 1, 1, 0, 1, 1, 0]
Fitness: 1069.514486 	[10, 2, 13, 3, 12, 0, 14, 0, 11, 6, 1, 9, 0, 15, 8, 5, 4, 7, 0, 0, 0, 1, 1, 1, 1, 0, 1, 0, 1, 1, 1, 1, 1, 0]
Fitness: 1102.299142 	[10, 2, 13, 3, 12, 0, 14, 9, 0, 11, 6, 1, 0, 15, 8, 5, 4, 7, 0, 0, 1, 1, 1, 0, 1, 1, 1, 0, 1, 1, 0, 1, 1, 0]
Fitness: 1200.317426 	[10, 12, 7, 2, 13, 3, 8, 15, 0, 9, 6, 4, 0, 5, 11, 14, 0, 1, 0, 0, 1, 1, 1, 1, 0, 1, 1, 0, 1, 1, 0, 1, 1, 0]
Fitness: 1126.560590 	[11, 9, 10, 5, 12, 8, 0, 6, 14, 13, 0, 4, 0, 1, 2, 3, 7, 15, 0, 1, 0, 1, 1, 1, 1, 1, 1, 0, 1, 0, 1, 0, 1, 0]
Fitness: 1125.826350 	[1, 2, 3, 9, 0, 11, 0, 12, 15, 6, 5, 13, 8, 10, 7, 14, 0, 4, 0, 1, 0, 1, 1, 1, 1, 0, 1, 0, 1, 1, 1, 0, 1, 0]
Fitness: 1148.922274 	[9, 10, 4, 6, 0, 7, 8, 2, 12, 13, 15, 0, 3, 1, 0, 5, 14, 11, 0, 1, 0, 1, 0, 1, 0, 1, 1, 1, 1, 1, 0, 1, 1, 0]
Fitness: 1198.625593 	[4, 5, 0, 7, 8, 2, 12, 13, 15, 0, 3, 1, 0, 14, 6, 9, 10, 11, 0, 1, 0, 1, 0, 1, 0, 1, 1, 1, 1, 1, 0, 1, 1, 0]
Fitness: 1216.462543 	[3, 6, 7, 2, 14, 13, 15, 0, 4, 0, 11, 9, 10, 5, 12, 8, 0, 1, 0, 1, 0, 1, 1, 1, 0, 1, 1, 1, 1, 0, 1, 0, 1, 0]
Fitness: 1126.560590 	[4, 0, 11, 9, 10, 5, 12, 8, 3, 0, 6, 14, 13, 0, 1, 2, 7, 15, 0, 1, 0, 1, 0, 1, 1, 1, 1, 0, 1, 0, 1, 1, 1, 0]
Fitness: 1110.180995 	[10, 3, 15, 0, 13, 6, 12, 7, 14, 0, 1, 4, 8, 0, 2, 5, 9, 11, 0, 1, 0, 1, 1, 1, 1, 0, 1, 1, 1, 0, 1, 1, 0, 0]
Fitness: 1172.097819 	[3, 10, 15, 7, 0, 12, 9, 4, 2, 8, 14, 0, 5, 6, 0, 11, 13, 1, 0, 1, 0, 1, 0, 1, 1, 0, 1, 1, 1, 1, 0, 1, 1, 0]
Fitness: 1186.316120 	[5, 11, 14, 0, 10, 12, 7, 2, 13, 3, 8, 0, 9, 4, 0, 15, 1, 6, 0, 0, 1, 1, 1, 1, 0, 1, 1, 0, 1, 1, 0, 1, 1, 0]
Fitness: 1151.056355 	[14, 1, 11, 0, 9, 5, 0, 3, 2, 6, 0, 4, 15, 7, 8, 10, 12, 13, 0, 0, 1, 1, 0, 1, 1, 1, 1, 1, 0, 1, 1, 0, 1, 0]
Fitness: 1216.462543 	[1, 12, 0, 3, 6, 7, 2, 14, 13, 15, 0, 11, 9, 10, 5, 8, 0, 4, 0, 0, 1, 1, 1, 1, 0, 1, 1, 1, 1, 0, 1, 0, 1, 0]
Fitness: 1180.532948 	[13, 2, 0, 3, 1, 6, 0, 4, 9, 0, 8, 11, 12, 14, 15, 7, 10, 5, 0, 1, 0, 1, 1, 0, 1, 1, 1, 1, 0, 1, 1, 1, 0, 0]
Fitness: 1108.573033 	[4, 9, 10, 0, 6, 1, 2, 5, 0, 8, 11, 12, 14, 15, 7, 0, 13, 3, 0, 1, 1, 0, 0, 1, 1, 1, 0, 1, 0, 1, 1, 1, 1, 0]
Fitness: 1102.299142 	[14, 9, 0, 10, 2, 13, 3, 12, 0, 15, 8, 5, 4, 7, 0, 11, 6, 1, 0, 0, 1, 1, 1, 1, 0, 1, 1, 0, 1, 1, 0, 1, 1, 0]
Fitness: 1200.317426 	[1, 6, 15, 0, 10, 12, 7, 13, 3, 8, 0, 5, 11, 14, 0, 9, 4, 2, 0, 1, 1, 1, 1, 1, 0, 1, 1, 0, 1, 1, 0, 0, 1, 0]
Fitness: 1097.699920 	[10, 2, 13, 3, 12, 0, 15, 8, 5, 4, 7, 0, 11, 6, 1, 14, 0, 9, 0, 1, 1, 1, 0, 0, 1, 1, 1, 0, 1, 1, 0, 1, 1, 0]
Fitness: 1200.317426 	[9, 4, 0, 10, 12, 7, 2, 13, 3, 8, 0, 5, 11, 14, 0, 15, 1, 6, 0, 0, 1, 1, 1, 1, 0, 1, 1, 0, 1, 1, 0, 1, 1, 0]
Fitness: 1083.644610 	[13, 6, 12, 7, 14, 0, 4, 0, 2, 5, 9, 11, 0, 3, 15, 1, 10, 8, 0, 1, 0, 1, 1, 1, 1, 0, 1, 1, 1, 0, 1, 1, 0, 0]
Fitness: 1095.992112 	[11, 3, 8, 5, 12, 6, 7, 1, 0, 9, 13, 0, 4, 14, 15, 10, 0, 2, 0, 1, 1, 1, 0, 0, 1, 1, 0, 1, 0, 1, 1, 1, 1, 0]
Fitness: 1172.715523 	[10, 12, 7, 2, 13, 3, 8, 0, 9, 4, 0, 5, 11, 14, 0, 15, 1, 6, 0, 0, 1, 1, 1, 1, 0, 1, 1, 0, 1, 1, 0, 1, 1, 0]
Fitness: 1074.508401 	[10, 1, 13, 3, 12, 0, 2, 0, 15, 8, 5, 4, 7, 0, 6, 9, 11, 14, 0, 0, 1, 1, 1, 0, 1, 1, 1, 0, 1, 1, 0, 1, 1, 0]
Fitness: 1102.815916 	[4, 0, 11, 0, 12, 15, 6, 5, 13, 8, 10, 7, 14, 0, 9, 1, 3, 2, 0, 1, 0, 1, 1, 1, 1, 1, 0, 1, 0, 1, 1, 0, 1, 0]
Fitness: 1069.514486 	[10, 2, 13, 3, 12, 0, 11, 6, 1, 0, 15, 8, 5, 4, 7, 0, 14, 9, 0, 0, 1, 1, 1, 0, 1, 1, 1, 0, 1, 1, 0, 1, 1, 0]
Fitness: 1153.826578 	[3, 10, 15, 7, 0, 11, 13, 1, 0, 12, 9, 4, 2, 8, 14, 0, 5, 6, 0, 1, 0, 1, 0, 1, 1, 0, 1, 1, 1, 0, 1, 1, 1, 0]
Fitness: 1170.470112 	[1, 6, 0, 2, 5, 14, 0, 10, 3, 7, 8, 11, 12, 13, 0, 9, 4, 15, 0, 0, 0, 1, 1, 1, 1, 1, 1, 0, 1, 1, 0, 1, 1, 0]
Fitness: 1059.737669 	[3, 15, 8, 0, 9, 4, 6, 7, 10, 12, 13, 14, 5, 0, 2, 11, 0, 1, 0, 1, 1, 1, 1, 1, 1, 0, 1, 1, 0, 0, 1, 1, 0, 0]
Fitness: 1129.895531 	[4, 0, 13, 8, 1, 14, 0, 2, 3, 9, 7, 12, 5, 0, 15, 6, 11, 10, 0, 1, 0, 1, 1, 1, 0, 1, 0, 1, 0, 1, 1, 1, 1, 0]
Fitness: 1106.071377 	[9, 4, 0, 3, 1, 6, 0, 7, 8, 2, 12, 13, 15, 0, 5, 11, 14, 10, 0, 0, 1, 1, 0, 1, 1, 0, 1, 1, 1, 1, 0, 1, 1, 0]
Fitness: 1095.992112 	[4, 14, 15, 10, 0, 2, 0, 11, 3, 8, 5, 6, 7, 0, 9, 13, 1, 12, 0, 0, 1, 1, 0, 0, 1, 1, 0, 1, 1, 1, 1, 1, 1, 0]
Fitness: 1116.747819 	[10, 2, 13, 3, 12, 0, 15, 8, 5, 4, 7, 0, 11, 6, 1, 0, 14, 9, 0, 0, 1, 1, 1, 1, 0, 1, 1, 0, 1, 1, 0, 1, 1, 0]
Fitness: 1117.137920 	[15, 1, 6, 0, 5, 11, 14, 0, 3, 2, 7, 0, 8, 4, 9, 10, 12, 13, 0, 0, 1, 1, 1, 1, 0, 1, 1, 0, 1, 1, 0, 1, 1, 0]
Fitness: 1069.547839 	[12, 9, 4, 2, 8, 14, 0, 3, 10, 15, 7, 0, 5, 6, 0, 11, 13, 1, 0, 1, 0, 1, 0, 1, 1, 0, 1, 1, 1, 1, 0, 1, 1, 0]
Fitness: 1106.884947 	[3, 6, 7, 10, 14, 5, 0, 15, 12, 13, 8, 2, 0, 11, 9, 4, 0, 1, 0, 0, 1, 0, 1, 1, 1, 1, 1, 0, 1, 1, 0, 1, 1, 0]
Fitness: 1116.747819 	[14, 9, 0, 10, 12, 6, 2, 13, 3, 0, 1, 11, 0, 15, 8, 5, 4, 7, 0, 0, 1, 1, 1, 0, 1, 1, 1, 0, 1, 1, 0, 1, 1, 0]
Fitness: 1100.801959 	[4, 0, 13, 6, 12, 7, 14, 0, 3, 15, 1, 10, 8, 0, 2, 5, 9, 11, 0, 1, 0, 1, 1, 1, 1, 0, 1, 1, 1, 0, 1, 1, 0, 0]
Fitness: 1056.100211 	[15, 12, 13, 2, 8, 0, 9, 10, 7, 5, 6, 0, 1, 3, 4, 0, 11, 14, 0, 1, 1, 0, 1, 1, 1, 1, 1, 0, 1, 0, 1, 0, 1, 0]
Fitness: 1095.992112 	[2, 0, 9, 13, 1, 0, 11, 3, 8, 5, 12, 6, 7, 0, 4, 14, 15, 10, 0, 0, 1, 1, 0, 1, 1, 1, 0, 1, 0, 1, 1, 1, 1, 0]
Fitness: 1069.514486 	[10, 2, 13, 3, 12, 0, 14, 9, 0, 11, 6, 1, 0, 15, 8, 5, 4, 7, 0, 0, 1, 1, 1, 1, 1, 0, 1, 0, 1, 1, 0, 1, 1, 0]
Fitness: 1200.317426 	[11, 15, 0, 1, 14, 5, 6, 0, 10, 12, 7, 2, 13, 3, 8, 0, 9, 4, 0, 0, 1, 1, 1, 1, 0, 1, 1, 0, 1, 1, 0, 1, 1, 0]
Fitness: 1170.470112 	[10, 3, 7, 8, 11, 12, 13, 0, 9, 4, 14, 0, 2, 5, 0, 15, 1, 6, 0, 0, 1, 1, 1, 1, 1, 1, 1, 0, 0, 1, 0, 1, 1, 0]
Fitness: 1095.992112 	[2, 0, 9, 13, 1, 0, 11, 3, 8, 5, 12, 6, 7, 0, 4, 14, 15, 10, 0, 0, 1, 1, 0, 1, 1, 1, 0, 1, 0, 1, 1, 1, 1, 0]
Fitness: 1186.316120 	[9, 4, 0, 10, 12, 7, 2, 13, 3, 8, 1, 0, 6, 15, 0, 5, 11, 14, 0, 0, 1, 1, 1, 1, 1, 0, 1, 0, 1, 1, 0, 1, 1, 0]
Fitness: 1106.884947 	[3, 6, 7, 0, 11, 9, 4, 0, 15, 12, 13, 8, 2, 1, 0, 10, 14, 5, 0, 0, 1, 0, 1, 1, 1, 1, 1, 1, 1, 0, 0, 1, 1, 0]
Fitness: 1200.317426 	[10, 12, 7, 2, 13, 3, 8, 0, 1, 5, 0, 9, 4, 0, 6, 11, 14, 15, 0, 0, 1, 1, 1, 1, 0, 1, 1, 0, 1, 1, 0, 1, 1, 0]
Fitness: 1069.514486 	[11, 9, 14, 0, 15, 8, 5, 4, 7, 0, 10, 2, 13, 3, 12, 0, 6, 1, 0, 0, 1, 1, 1, 0, 1, 1, 1, 0, 1, 1, 0, 1, 1, 0]
Fitness: 1224.388568 	[1, 2, 3, 7, 15, 0, 6, 14, 13, 0, 11, 9, 10, 5, 12, 8, 0, 4, 0, 1, 0, 1, 1, 1, 0, 1, 1, 1, 1, 0, 1, 0, 1, 0]
Time: 0.45239