Fitness: 1367.876978 	[13, 6, 0, 2, 11, 5, 0, 1, 4, 0, 3, 9, 10, 15, 12, 8, 7, 14, 0, 1, 0, 1, 1, 1, 0, 1, 1, 0, 1, 1, 1, 0, 1, 0]
Fitness: 1367.876978 	[13, 6, 0, 2, 11, 5, 0, 1, 4, 0, 3, 9, 10, 15, 12, 8, 7, 14, 0, 1, 0, 1, 1, 1, 0, 1, 1, 0, 1, 1, 1, 0, 1, 0]
Fitness: 1367.876978 	[13, 6, 0, 2, 11, 5, 0, 1, 4, 0, 3, 9, 10, 15, 12, 8, 7, 14, 0, 1, 0, 1, 1, 1, 0, 1, 1, 0, 1, 1, 1, 0, 1, 0]
Fitness: 1367.876978 	[13, 6, 0, 2, 11, 5, 0, 1, 4, 0, 3, 9, 10, 15, 12, 8, 7, 14, 0, 1, 0, 1, 1, 1, 0, 1, 1, 0, 1, 1, 1, 0, 1, 0]
Fitness: 1367.876978 	[13, 6, 0, 2, 11, 5, 0, 1, 4, 0, 3, 9, 10, 15, 12, 8, 7, 14, 0, 1, 0, 1, 1, 1, 0, 1, 1, 0, 1, 1, 1, 0, 1, 0]
Fitness: 1367.876978 	[13, 6, 0, 2, 11, 5, 0, 1, 4, 0, 3, 9, 10, 15, 12, 8, 7, 14, 0, 1, 0, 1, 1, 1, 0, 1, 1, 0, 1, 1, 1, 0, 1, 0]
Fitness: 1367.876978 	[13, 6, 0, 2, 11, 5, 0, 1, 4, 0, 3, 9, 10, 15, 12, 8, 7, 14, 0, 1, 0, 1, 1, 1, 0, 1, 1, 0, 1, 1, 1, 0, 1, 0]
Fitness: 1367.876978 	[13, 6, 0, 2, 11, 5, 0, 1, 4, 0, 3, 9, 10, 15, 12, 8, 7, 14, 0, 1, 0, 1, 1, 1, 0, 1, 1, 0, 1, 1, 1, 0, 1, 0]
Fitness: 1367.876978 	[13, 6, 0, 2, 11, 5, 0, 1, 4, 0, 3, 9, 10, 15, 12, 8, 7, 14, 0, 1, 0, 1, 1, 1, 0, 1, 1, 0, 1, 1, 1, 0, 1, 0]
Fitness: 1367.876978 	[13, 6, 0, 2, 11, 5, 0, 1, 4, 0, 3, 9, 10, 15, 12, 8, 7, 14, 0, 1, 0, 1, 1, 1, 0, 1, 1, 0, 1, 1, 1, 0, 1, 0]
Fitness: 1367.876978 	[13, 6, 0, 2, 11, 5, 0, 1, 4, 0, 3, 9, 10, 15, 12, 8, 7, 14, 0, 1, 0, 1, 1, 1, 0, 1, 1, 0, 1, 1, 1, 0, 1, 0]
Fitness: 1367.876978 	[13, 6, 0, 2, 11, 5, 0, 1, 4, 0, 3, 9, 10, 15, 12, 8, 7, 14, 0, 1, 0, 1, 1, 1, 0, 1, 1, 0, 1, 1, 1, 0, 1, 0]
Fitness: 1367.876978 	[13, 6, 0, 2, 11, 5, 0, 1, 4, 0, 3, 9, 10, 15, 12, 8, 7, 14, 0, 1, 0, 1, 1, 1, 0, 1, 1, 0, 1, 1, 1, 0, 1, 0]
Fitness: 1367.876978 	[13, 6, 0, 2, 11, 5, 0, 1, 4, 0, 3, 9, 10, 15, 12, 8, 7, 14, 0, 1, 0, 1, 1, 1, 0, 1, 1, 0, 1, 1, 1, 0, 1, 0]
Fitness: 1367.876978 	[13, 6, 0, 2, 11, 5, 0, 1, 4, 0, 3, 9, 10, 15, 12, 8, 7, 14, 0, 1, 0, 1, 1, 1, 0, 1, 1, 0, 1, 1, 1, 0, 1, 0]
Fitness: 1367.876978 	[13, 6, 0, 2, 11, 5, 0, 1, 4, 0, 3, 9, 10, 15, 12, 8, 7, 14, 0, 1, 0, 1, 1, 1, 0, 1, 1, 0, 1, 1, 1, 0, 1, 0]
Fitness: 1367.876978 	[13, 6, 0, 2, 11, 5, 0, 1, 4, 0, 3, 9, 10, 15, 12, 8, 7, 14, 0, 1, 0, 1, 1, 1, 0, 1, 1, 0, 1, 1, 1, 0, 1, 0]
Fitness: 1367.876978 	[13, 6, 0, 2, 11, 5, 0, 1, 4, 0, 3, 9, 10, 15, 12, 8, 7, 14, 0, 1, 0, 1, 1, 1, 0, 1, 1, 0, 1, 1, 1, 0, 1, 0]
Fitness: 1367.876978 	[13, 6, 0, 2, 11, 5, 0, 1, 4, 0, 3, 9, 10, 15, 12, 8, 7, 14, 0, 1, 0, 1, 1, 1, 0, 1, 1, 0, 1, 1, 1, 0, 1, 0]
Fitness: 1367.876978 	[13, 6, 0, 2, 11, 5, 0, 1, 4, 0, 3, 9, 10, 15, 12, 8, 7, 14, 0, 1, 0, 1, 1, 1, 0, 1, 1, 0, 1, 1, 1, 0, 1, 0]
Fitness: 1367.876978 	[13, 6, 0, 2, 11, 5, 0, 1, 4, 0, 3, 9, 10, 15, 12, 8, 7, 14, 0, 1, 0, 1, 1, 1, 0, 1, 1, 0, 1, 1, 1, 0, 1, 0]
Fitness: 1367.876978 	[13, 6, 0, 2, 11, 5, 0, 1, 4, 0, 3, 9, 10, 15, 12, 8, 7, 14, 0, 1, 0, 1, 1, 1, 0, 1, 1, 0, 1, 1, 1, 0, 1, 0]
Fitness: 1367.876978 	[13, 6, 0, 2, 11, 5, 0, 1, 4, 0, 3, 9, 10, 15, 12, 8, 7, 14, 0, 1, 0, 1, 1, 1, 0, 1, 1, 0, 1, 1, 1, 0, 1, 0]
Fitness: 1367.876978 	[13, 6, 0, 2, 11, 5, 0, 1, 4, 0, 3, 9, 10, 15, 12, 8, 7, 14, 0, 1, 0, 1, 1, 1, 0, 1, 1, 0, 1, 1, 1, 0, 1, 0]
Fitness: 1367.876978 	[13, 6, 0, 2, 11, 5, 0, 1, 4, 0, 3, 9, 10, 15, 12, 8, 7, 14, 0, 1, 0, 1, 1, 1, 0, 1, 1, 0, 1, 1, 1, 0, 1, 0]
Fitness: 1367.876978 	[13, 6, 0, 2, 11, 5, 0, 1, 4, 0, 3, 9, 10, 15, 12, 8, 7, 14, 0, 1, 0, 1, 1, 1, 0, 1, 1, 0, 1, 1, 1, 0, 1, 0]
Fitness: 1367.876978 	[13, 6, 0, 2, 11, 5, 0, 1, 4, 0, 3, 9, 10, 15, 12, 8, 7, 14, 0, 1, 0, 1, 1, 1, 0, 1, 1, 0, 1, 1, 1, 0, 1, 0]
Fitness: 1367.876978 	[13, 6, 0, 2, 11, 5, 0, 1, 4, 0, 3, 9, 10, 15, 12, 8, 7, 14, 0, 1, 0, 1, 1, 1, 0, 1, 1, 0, 1, 1, 1, 0, 1, 0]
Fitness: 1367.876978 	[13, 6, 0, 2, 11, 5, 0, 1, 4, 0, 3, 9, 10, 15, 12, 8, 7, 14, 0, 1, 0, 1, 1, 1, 0, 1, 1, 0, 1, 1, 1, 0, 1, 0]
Fitness: 1367.876978 	[13, 6, 0, 2, 11, 5, 0, 1, 4, 0, 3, 9, 10, 15, 12, 8, 7, 14, 0, 1, 0, 1, 1, 1, 0, 1, 1, 0, 1, 1, 1, 0, 1, 0]
Fitness: 1367.876978 	[13, 6, 0, 2, 11, 5, 0, 1, 4, 0, 3, 9, 10, 15, 12, 8, 7, 14, 0, 1, 0, 1, 1, 1, 0, 1, 1, 0, 1, 1, 1, 0, 1, 0]
Fitness: 1367.876978 	[13, 6, 0, 2, 11, 5, 0, 1, 4, 0, 3, 9, 10, 15, 12, 8, 7, 14, 0, 1, 0, 1, 1, 1, 0, 1, 1, 0, 1, 1, 1, 0, 1, 0]
Fitness: 1367.876978 	[13, 6, 0, 2, 11, 5, 0, 1, 4, 0, 3, 9, 10, 15, 12, 8, 7, 14, 0, 1, 0, 1, 1, 1, 0, 1, 1, 0, 1, 1, 1, 0, 1, 0]
Fitness: 1367.876978 	[13, 6, 0, 2, 11, 5, 0, 1, 4, 0, 3, 9, 10, 15, 12, 8, 7, 14, 0, 1, 0, 1, 1, 1, 0, 1, 1, 0, 1, 1, 1, 0, 1, 0]
Fitness: 1367.876978 	[13, 6, 0, 2, 11, 5, 0, 1, 4, 0, 3, 9, 10, 15, 12, 8, 7, 14, 0, 1, 0, 1, 1, 1, 0, 1, 1, 0, 1, 1, 1, 0, 1, 0]
Fitness: 1367.876978 	[13, 6, 0, 2, 11, 5, 0, 1, 4, 0, 3, 9, 10, 15, 12, 8, 7, 14, 0, 1, 0, 1, 1, 1, 0, 1, 1, 0, 1, 1, 1, 0, 1, 0]
Fitness: 1367.876978 	[13, 6, 0, 2, 11, 5, 0, 1, 4, 0, 3, 9, 10, 15, 12, 8, 7, 14, 0, 1, 0, 1, 1, 1, 0, 1, 1, 0, 1, 1, 1, 0, 1, 0]
Fitness: 1367.876978 	[13, 6, 0, 2, 11, 5, 0, 1, 4, 0, 3, 9, 10, 15, 12, 8, 7, 14, 0, 1, 0, 1, 1, 1, 0, 1, 1, 0, 1, 1, 1, 0, 1, 0]
Fitness: 1367.876978 	[13, 6, 0, 2, 11, 5, 0, 1, 4, 0, 3, 9, 10, 15, 12, 8, 7, 14, 0, 1, 0, 1, 1, 1, 0, 1, 1, 0, 1, 1, 1, 0, 1, 0]
Fitness: 1367.876978 	[13, 6, 0, 2, 11, 5, 0, 1, 4, 0, 3, 9, 10, 15, 12, 8, 7, 14, 0, 1, 0, 1, 1, 1, 0, 1, 1, 0, 1, 1, 1, 0, 1, 0]
Fitness: 1367.876978 	[13, 6, 0, 2, 11, 5, 0, 1, 4, 0, 3, 9, 10, 15, 12, 8, 7, 14, 0, 1, 0, 1, 1, 1, 0, 1, 1, 0, 1, 1, 1, 0, 1, 0]
Fitness: 1367.876978 	[13, 6, 0, 2, 11, 5, 0, 1, 4, 0, 3, 9, 10, 15, 12, 8, 7, 14, 0, 1, 0, 1, 1, 1, 0, 1, 1, 0, 1, 1, 1, 0, 1, 0]
Fitness: 1367.876978 	[13, 6, 0, 2, 11, 5, 0, 1, 4, 0, 3, 9, 10, 15, 12, 8, 7, 14, 0, 1, 0, 1, 1, 1, 0, 1, 1, 0, 1, 1, 1, 0, 1, 0]
Fitness: 1367.876978 	[13, 6, 0, 2, 11, 5, 0, 1, 4, 0, 3, 9, 10, 15, 12, 8, 7, 14, 0, 1, 0, 1, 1, 1, 0, 1, 1, 0, 1, 1, 1, 0, 1, 0]
Fitness: 1367.876978 	[13, 6, 0, 2, 11, 5, 0, 1, 4, 0, 3, 9, 10, 15, 12, 8, 7, 14, 0, 1, 0, 1, 1, 1, 0, 1, 1, 0, 1, 1, 1, 0, 1, 0]
Fitness: 1367.876978 	[13, 6, 0, 2, 11, 5, 0, 1, 4, 0, 3, 9, 10, 15, 12, 8, 7, 14, 0, 1, 0, 1, 1, 1, 0, 1, 1, 0, 1, 1, 1, 0, 1, 0]
Fitness: 1367.876978 	[13, 6, 0, 2, 11, 5, 0, 1, 4, 0, 3, 9, 10, 15, 12, 8, 7, 14, 0, 1, 0, 1, 1, 1, 0, 1, 1, 0, 1, 1, 1, 0, 1, 0]
Fitness: 1367.876978 	[13, 6, 0, 2, 11, 5, 0, 1, 4, 0, 3, 9, 10, 15, 12, 8, 7, 14, 0, 1, 0, 1, 1, 1, 0, 1, 1, 0, 1, 1, 1, 0, 1, 0]
Fitness: 1367.876978 	[13, 6, 0, 2, 11, 5, 0, 1, 4, 0, 3, 9, 10, 15, 12, 8, 7, 14, 0, 1, 0, 1, 1, 1, 0, 1, 1, 0, 1, 1, 1, 0, 1, 0]
Fitness: 1367.876978 	[13, 6, 0, 2, 11, 5, 0, 1, 4, 0, 3, 9, 10, 15, 12, 8, 7, 14, 0, 1, 0, 1, 1, 1, 0, 1, 1, 0, 1, 1, 1, 0, 1, 0]
Fitness: 1367.876978 	[13, 6, 0, 2, 11, 5, 0, 1, 4, 0, 3, 9, 10, 15, 12, 8, 7, 14, 0, 1, 0, 1, 1, 1, 0, 1, 1, 0, 1, 1, 1, 0, 1, 0]
Fitness: 1367.876978 	[13, 6, 0, 2, 11, 5, 0, 1, 4, 0, 3, 9, 10, 15, 12, 8, 7, 14, 0, 1, 0, 1, 1, 1, 0, 1, 1, 0, 1, 1, 1, 0, 1, 0]
Fitness: 1367.876978 	[13, 6, 0, 2, 11, 5, 0, 1, 4, 0, 3, 9, 10, 15, 12, 8, 7, 14, 0, 1, 0, 1, 1, 1, 0, 1, 1, 0, 1, 1, 1, 0, 1, 0]
Fitness: 1367.876978 	[13, 6, 0, 2, 11, 5, 0, 1, 4, 0, 3, 9, 10, 15, 12, 8, 7, 14, 0, 1, 0, 1, 1, 1, 0, 1, 1, 0, 1, 1, 1, 0, 1, 0]
Fitness: 1367.876978 	[13, 6, 0, 2, 11, 5, 0, 1, 4, 0, 3, 9, 10, 15, 12, 8, 7, 14, 0, 1, 0, 1, 1, 1, 0, 1, 1, 0, 1, 1, 1, 0, 1, 0]
Fitness: 1367.876978 	[13, 6, 0, 2, 11, 5, 0, 1, 4, 0, 3, 9, 10, 15, 12, 8, 7, 14, 0, 1, 0, 1, 1, 1, 0, 1, 1, 0, 1, 1, 1, 0, 1, 0]
Fitness: 1367.876978 	[13, 6, 0, 2, 11, 5, 0, 1, 4, 0, 3, 9, 10, 15, 12, 8, 7, 14, 0, 1, 0, 1, 1, 1, 0, 1, 1, 0, 1, 1, 1, 0, 1, 0]
Fitness: 1367.876978 	[13, 6, 0, 2, 11, 5, 0, 1, 4, 0, 3, 9, 10, 15, 12, 8, 7, 14, 0, 1, 0, 1, 1, 1, 0, 1, 1, 0, 1, 1, 1, 0, 1, 0]
Fitness: 1367.876978 	[13, 6, 0, 2, 11, 5, 0, 1, 4, 0, 3, 9, 10, 15, 12, 8, 7, 14, 0, 1, 0, 1, 1, 1, 0, 1, 1, 0, 1, 1, 1, 0, 1, 0]
Fitness: 1367.876978 	[13, 6, 0, 2, 11, 5, 0, 1, 4, 0, 3, 9, 10, 15, 12, 8, 7, 14, 0, 1, 0, 1, 1, 1, 0, 1, 1, 0, 1, 1, 1, 0, 1, 0]
Fitness: 1367.876978 	[13, 6, 0, 2, 11, 5, 0, 1, 4, 0, 3, 9, 10, 15, 12, 8, 7, 14, 0, 1, 0, 1, 1, 1, 0, 1, 1, 0, 1, 1, 1, 0, 1, 0]
Fitness: 1367.876978 	[13, 6, 0, 2, 11, 5, 0, 1, 4, 0, 3, 9, 10, 15, 12, 8, 7, 14, 0, 1, 0, 1, 1, 1, 0, 1, 1, 0, 1, 1, 1, 0, 1, 0]
Fitness: 1367.876978 	[13, 6, 0, 2, 11, 5, 0, 1, 4, 0, 3, 9, 10, 15, 12, 8, 7, 14, 0, 1, 0, 1, 1, 1, 0, 1, 1, 0, 1, 1, 1, 0, 1, 0]
Fitness: 1367.876978 	[13, 6, 0, 2, 11, 5, 0, 1, 4, 0, 3, 9, 10, 15, 12, 8, 7, 14, 0, 1, 0, 1, 1, 1, 0, 1, 1, 0, 1, 1, 1, 0, 1, 0]
Fitness: 1367.876978 	[13, 6, 0, 2, 11, 5, 0, 1, 4, 0, 3, 9, 10, 15, 12, 8, 7, 14, 0, 1, 0, 1, 1, 1, 0, 1, 1, 0, 1, 1, 1, 0, 1, 0]
Fitness: 1367.876978 	[13, 6, 0, 2, 11, 5, 0, 1, 4, 0, 3, 9, 10, 15, 12, 8, 7, 14, 0, 1, 0, 1, 1, 1, 0, 1, 1, 0, 1, 1, 1, 0, 1, 0]
Fitness: 1367.876978 	[13, 6, 0, 2, 11, 5, 0, 1, 4, 0, 3, 9, 10, 15, 12, 8, 7, 14, 0, 1, 0, 1, 1, 1, 0, 1, 1, 0, 1, 1, 1, 0, 1, 0]
Fitness: 1367.876978 	[13, 6, 0, 2, 11, 5, 0, 1, 4, 0, 3, 9, 10, 15, 12, 8, 7, 14, 0, 1, 0, 1, 1, 1, 0, 1, 1, 0, 1, 1, 1, 0, 1, 0]
Fitness: 1367.876978 	[13, 6, 0, 2, 11, 5, 0, 1, 4, 0, 3, 9, 10, 15, 12, 8, 7, 14, 0, 1, 0, 1, 1, 1, 0, 1, 1, 0, 1, 1, 1, 0, 1, 0]
Fitness: 1367.876978 	[13, 6, 0, 2, 11, 5, 0, 1, 4, 0, 3, 9, 10, 15, 12, 8, 7, 14, 0, 1, 0, 1, 1, 1, 0, 1, 1, 0, 1, 1, 1, 0, 1, 0]
Fitness: 1367.876978 	[13, 6, 0, 2, 11, 5, 0, 1, 4, 0, 3, 9, 10, 15, 12, 8, 7, 14, 0, 1, 0, 1, 1, 1, 0, 1, 1, 0, 1, 1, 1, 0, 1, 0]
Fitness: 1367.876978 	[13, 6, 0, 2, 11, 5, 0, 1, 4, 0, 3, 9, 10, 15, 12, 8, 7, 14, 0, 1, 0, 1, 1, 1, 0, 1, 1, 0, 1, 1, 1, 0, 1, 0]
Fitness: 1367.876978 	[13, 6, 0, 2, 11, 5, 0, 1, 4, 0, 3, 9, 10, 15, 12, 8, 7, 14, 0, 1, 0, 1, 1, 1, 0, 1, 1, 0, 1, 1, 1, 0, 1, 0]
Fitness: 1367.876978 	[13, 6, 0, 2, 11, 5, 0, 1, 4, 0, 3, 9, 10, 15, 12, 8, 7, 14, 0, 1, 0, 1, 1, 1, 0, 1, 1, 0, 1, 1, 1, 0, 1, 0]
Fitness: 1367.876978 	[13, 6, 0, 2, 11, 5, 0, 1, 4, 0, 3, 9, 10, 15, 12, 8, 7, 14, 0, 1, 0, 1, 1, 1, 0, 1, 1, 0, 1, 1, 1, 0, 1, 0]
Fitness: 1367.876978 	[13, 6, 0, 2, 11, 5, 0, 1, 4, 0, 3, 9, 10, 15, 12, 8, 7, 14, 0, 1, 0, 1, 1, 1, 0, 1, 1, 0, 1, 1, 1, 0, 1, 0]
Fitness: 1367.876978 	[13, 6, 0, 2, 11, 5, 0, 1, 4, 0, 3, 9, 10, 15, 12, 8, 7, 14, 0, 1, 0, 1, 1, 1, 0, 1, 1, 0, 1, 1, 1, 0, 1, 0]
Fitness: 1367.876978 	[13, 6, 0, 2, 11, 5, 0, 1, 4, 0, 3, 9, 10, 15, 12, 8, 7, 14, 0, 1, 0, 1, 1, 1, 0, 1, 1, 0, 1, 1, 1, 0, 1, 0]
Fitness: 1367.876978 	[13, 6, 0, 2, 11, 5, 0, 1, 4, 0, 3, 9, 10, 15, 12, 8, 7, 14, 0, 1, 0, 1, 1, 1, 0, 1, 1, 0, 1, 1, 1, 0, 1, 0]
Fitness: 1367.876978 	[13, 6, 0, 2, 11, 5, 0, 1, 4, 0, 3, 9, 10, 15, 12, 8, 7, 14, 0, 1, 0, 1, 1, 1, 0, 1, 1, 0, 1, 1, 1, 0, 1, 0]
Fitness: 1367.876978 	[13, 6, 0, 2, 11, 5, 0, 1, 4, 0, 3, 9, 10, 15, 12, 8, 7, 14, 0, 1, 0, 1, 1, 1, 0, 1, 1, 0, 1, 1, 1, 0, 1, 0]
Fitness: 1367.876978 	[13, 6, 0, 2, 11, 5, 0, 1, 4, 0, 3, 9, 10, 15, 12, 8, 7, 14, 0, 1, 0, 1, 1, 1, 0, 1, 1, 0, 1, 1, 1, 0, 1, 0]
Fitness: 1367.876978 	[13, 6, 0, 2, 11, 5, 0, 1, 4, 0, 3, 9, 10, 15, 12, 8, 7, 14, 0, 1, 0, 1, 1, 1, 0, 1, 1, 0, 1, 1, 1, 0, 1, 0]
Fitness: 1367.876978 	[13, 6, 0, 2, 11, 5, 0, 1, 4, 0, 3, 9, 10, 15, 12, 8, 7, 14, 0, 1, 0, 1, 1, 1, 0, 1, 1, 0, 1, 1, 1, 0, 1, 0]
Fitness: 1367.876978 	[13, 6, 0, 2, 11, 5, 0, 1, 4, 0, 3, 9, 10, 15, 12, 8, 7, 14, 0, 1, 0, 1, 1, 1, 0, 1, 1, 0, 1, 1, 1, 0, 1, 0]
Fitness: 1367.876978 	[13, 6, 0, 2, 11, 5, 0, 1, 4, 0, 3, 9, 10, 15, 12, 8, 7, 14, 0, 1, 0, 1, 1, 1, 0, 1, 1, 0, 1, 1, 1, 0, 1, 0]
Fitness: 1367.876978 	[13, 6, 0, 2, 11, 5, 0, 1, 4, 0, 3, 9, 10, 15, 12, 8, 7, 14, 0, 1, 0, 1, 1, 1, 0, 1, 1, 0, 1, 1, 1, 0, 1, 0]
Fitness: 1367.876978 	[13, 6, 0, 2, 11, 5, 0, 1, 4, 0, 3, 9, 10, 15, 12, 8, 7, 14, 0, 1, 0, 1, 1, 1, 0, 1, 1, 0, 1, 1, 1, 0, 1, 0]
Fitness: 1367.876978 	[13, 6, 0, 2, 11, 5, 0, 1, 4, 0, 3, 9, 10, 15, 12, 8, 7, 14, 0, 1, 0, 1, 1, 1, 0, 1, 1, 0, 1, 1, 1, 0, 1, 0]
Fitness: 1367.876978 	[13, 6, 0, 2, 11, 5, 0, 1, 4, 0, 3, 9, 10, 15, 12, 8, 7, 14, 0, 1, 0, 1, 1, 1, 0, 1, 1, 0, 1, 1, 1, 0, 1, 0]
Fitness: 1367.876978 	[13, 6, 0, 2, 11, 5, 0, 1, 4, 0, 3, 9, 10, 15, 12, 8, 7, 14, 0, 1, 0, 1, 1, 1, 0, 1, 1, 0, 1, 1, 1, 0, 1, 0]
Fitness: 1367.876978 	[13, 6, 0, 2, 11, 5, 0, 1, 4, 0, 3, 9, 10, 15, 12, 8, 7, 14, 0, 1, 0, 1, 1, 1, 0, 1, 1, 0, 1, 1, 1, 0, 1, 0]
Fitness: 1367.876978 	[13, 6, 0, 2, 11, 5, 0, 1, 4, 0, 3, 9, 10, 15, 12, 8, 7, 14, 0, 1, 0, 1, 1, 1, 0, 1, 1, 0, 1, 1, 1, 0, 1, 0]
Fitness: 1367.876978 	[13, 6, 0, 2, 11, 5, 0, 1, 4, 0, 3, 9, 10, 15, 12, 8, 7, 14, 0, 1, 0, 1, 1, 1, 0, 1, 1, 0, 1, 1, 1, 0, 1, 0]
Fitness: 1367.876978 	[13, 6, 0, 2, 11, 5, 0, 1, 4, 0, 3, 9, 10, 15, 12, 8, 7, 14, 0, 1, 0, 1, 1, 1, 0, 1, 1, 0, 1, 1, 1, 0, 1, 0]
Fitness: 1367.876978 	[13, 6, 0, 2, 11, 5, 0, 1, 4, 0, 3, 9, 10, 15, 12, 8, 7, 14, 0, 1, 0, 1, 1, 1, 0, 1, 1, 0, 1, 1, 1, 0, 1, 0]
Fitness: 1367.876978 	[13, 6, 0, 2, 11, 5, 0, 1, 4, 0, 3, 9, 10, 15, 12, 8, 7, 14, 0, 1, 0, 1, 1, 1, 0, 1, 1, 0, 1, 1, 1, 0, 1, 0]
Fitness: 1367.876978 	[13, 6, 0, 2, 11, 5, 0, 1, 4, 0, 3, 9, 10, 15, 12, 8, 7, 14, 0, 1, 0, 1, 1, 1, 0, 1, 1, 0, 1, 1, 1, 0, 1, 0]
Fitness: 1367.876978 	[13, 6, 0, 2, 11, 5, 0, 1, 4, 0, 3, 9, 10, 15, 12, 8, 7, 14, 0, 1, 0, 1, 1, 1, 0, 1, 1, 0, 1, 1, 1, 0, 1, 0]
Fitness: 1367.876978 	[13, 6, 0, 2, 11, 5, 0, 1, 4, 0, 3, 9, 10, 15, 12, 8, 7, 14, 0, 1, 0, 1, 1, 1, 0, 1, 1, 0, 1, 1, 1, 0, 1, 0]
Fitness: 1367.876978 	[13, 6, 0, 2, 11, 5, 0, 1, 4, 0, 3, 9, 10, 15, 12, 8, 7, 14, 0, 1, 0, 1, 1, 1, 0, 1, 1, 0, 1, 1, 1, 0, 1, 0]
Fitness: 1367.876978 	[13, 6, 0, 2, 11, 5, 0, 1, 4, 0, 3, 9, 10, 15, 12, 8, 7, 14, 0, 1, 0, 1, 1, 1, 0, 1, 1, 0, 1, 1, 1, 0, 1, 0]
Fitness: 1367.876978 	[1, 4, 0, 3, 9, 10, 15, 12, 8, 7, 14, 0, 2, 5, 0, 6, 11, 13, 0, 1, 0, 1, 1, 1, 0, 1, 1, 0, 1, 1, 1, 0, 1, 0]
Fitness: 1367.876978 	[13, 6, 0, 2, 11, 5, 0, 1, 4, 0, 3, 9, 10, 15, 12, 8, 7, 14, 0, 1, 0, 1, 1, 1, 0, 1, 1, 0, 1, 1, 1, 0, 1, 0]
Fitness: 1367.876978 	[13, 6, 0, 2, 11, 5, 0, 1, 4, 0, 3, 9, 10, 15, 12, 8, 7, 14, 0, 1, 0, 1, 1, 1, 0, 1, 1, 0, 1, 1, 1, 0, 1, 0]
Fitness: 1367.876978 	[13, 6, 0, 3, 9, 10, 15, 12, 8, 7, 14, 0, 1, 4, 0, 2, 11, 5, 0, 1, 0, 1, 1, 1, 0, 1, 1, 0, 1, 1, 1, 0, 1, 0]
Fitness: 1367.876978 	[13, 6, 0, 2, 11, 5, 0, 1, 4, 0, 3, 9, 10, 15, 12, 8, 7, 14, 0, 1, 0, 1, 1, 1, 0, 1, 1, 0, 1, 1, 1, 0, 1, 0]
Fitness: 1367.876978 	[13, 6, 0, 2, 11, 5, 0, 1, 4, 0, 3, 9, 10, 15, 12, 8, 7, 14, 0, 1, 0, 1, 1, 1, 0, 1, 1, 0, 1, 1, 1, 0, 1, 0]
Fitness: 1367.876978 	[13, 6, 0, 3, 7, 8, 0, 1, 4, 0, 2, 11, 5, 9, 10, 12, 14, 15, 0, 1, 0, 1, 1, 1, 0, 1, 1, 0, 1, 1, 1, 0, 1, 0]
Fitness: 1367.876978 	[13, 6, 0, 2, 11, 5, 0, 1, 4, 0, 3, 9, 10, 15, 12, 8, 7, 14, 0, 1, 0, 1, 1, 1, 0, 1, 1, 0, 1, 1, 1, 0, 1, 0]
Fitness: 1367.876978 	[13, 6, 0, 2, 11, 5, 0, 1, 4, 0, 3, 9, 10, 15, 12, 8, 7, 14, 0, 1, 0, 1, 1, 1, 0, 1, 1, 0, 1, 1, 1, 0, 1, 0]
Fitness: 1367.876978 	[2, 11, 5, 0, 3, 9, 10, 15, 12, 8, 7, 14, 0, 1, 4, 0, 13, 6, 0, 1, 0, 1, 1, 1, 0, 1, 1, 0, 1, 1, 1, 0, 1, 0]
Fitness: 1367.876978 	[13, 6, 0, 2, 11, 5, 0, 1, 4, 0, 3, 9, 10, 15, 12, 8, 7, 14, 0, 1, 0, 1, 1, 1, 0, 1, 1, 0, 1, 1, 1, 0, 1, 0]
Fitness: 1367.876978 	[13, 6, 0, 2, 11, 5, 0, 1, 4, 0, 3, 9, 10, 15, 12, 8, 7, 14, 0, 1, 0, 1, 1, 1, 0, 1, 1, 0, 1, 1, 1, 0, 1, 0]
Fitness: 1367.876978 	[13, 6, 0, 3, 7, 8, 0, 2, 11, 5, 0, 1, 4, 9, 10, 12, 14, 15, 0, 1, 0, 1, 1, 1, 0, 1, 1, 0, 1, 1, 1, 0, 1, 0]
Fitness: 1367.876978 	[13, 6, 0, 2, 11, 5, 0, 1, 4, 0, 3, 9, 10, 15, 12, 8, 7, 14, 0, 1, 0, 1, 1, 1, 0, 1, 1, 0, 1, 1, 1, 0, 1, 0]
Fitness: 1367.876978 	[13, 6, 0, 2, 11, 5, 0, 1, 4, 0, 3, 9, 10, 15, 12, 8, 7, 14, 0, 1, 0, 1, 1, 1, 0, 1, 1, 0, 1, 1, 1, 0, 1, 0]
Fitness: 1367.876978 	[1, 4, 0, 13, 6, 0, 2, 11, 5, 0, 3, 9, 10, 15, 12, 8, 7, 14, 0, 1, 0, 1, 1, 1, 0, 1, 1, 0, 1, 1, 1, 0, 1, 0]
Fitness: 1367.876978 	[13, 6, 0, 2, 11, 5, 0, 1, 4, 0, 3, 9, 10, 15, 12, 8, 7, 14, 0, 1, 0, 1, 1, 1, 0, 1, 1, 0, 1, 1, 1, 0, 1, 0]
Fitness: 1367.876978 	[13, 6, 0, 2, 11, 5, 0, 1, 4, 0, 3, 9, 10, 15, 12, 8, 7, 14, 0, 1, 0, 1, 1, 1, 0, 1, 1, 0, 1, 1, 1, 0, 1, 0]
Fitness: 1367.876978 	[13, 6, 0, 2, 11, 5, 0, 1, 4, 0, 3, 9, 10, 15, 12, 8, 7, 14, 0, 1, 0, 1, 1, 1, 0, 1, 1, 0, 1, 1, 1, 0, 1, 0]
Fitness: 1367.876978 	[13, 6, 0, 2, 11, 5, 0, 1, 4, 0, 3, 9, 10, 15, 12, 8, 7, 14, 0, 1, 0, 1, 1, 1, 0, 1, 1, 0, 1, 1, 1, 0, 1, 0]
Fitness: 1367.876978 	[13, 6, 0, 2, 11, 5, 0, 1, 4, 0, 3, 9, 10, 15, 12, 8, 7, 14, 0, 1, 0, 1, 1, 1, 0, 1, 1, 0, 1, 1, 1, 0, 1, 0]
Fitness: 1367.876978 	[1, 4, 0, 2, 11, 5, 0, 13, 6, 0, 3, 9, 10, 15, 12, 8, 7, 14, 0, 1, 0, 1, 1, 1, 0, 1, 1, 0, 1, 1, 1, 0, 1, 0]
Fitness: 1367.876978 	[13, 6, 0, 2, 11, 5, 0, 1, 4, 0, 3, 9, 10, 15, 12, 8, 7, 14, 0, 1, 0, 1, 1, 1, 0, 1, 1, 0, 1, 1, 1, 0, 1, 0]
Fitness: 1367.876978 	[13, 6, 0, 2, 11, 5, 0, 1, 4, 0, 3, 9, 10, 15, 12, 8, 7, 14, 0, 1, 0, 1, 1, 1, 0, 1, 1, 0, 1, 1, 1, 0, 1, 0]
Fitness: 1367.876978 	[1, 4, 0, 3, 9, 10, 15, 12, 8, 7, 14, 0, 2, 5, 0, 6, 11, 13, 0, 1, 0, 1, 1, 1, 0, 1, 1, 0, 1, 1, 1, 0, 1, 0]
Fitness: 1367.876978 	[13, 6, 0, 2, 11, 5, 0, 1, 4, 0, 3, 9, 10, 15, 12, 8, 7, 14, 0, 1, 0, 1, 1, 1, 0, 1, 1, 0, 1, 1, 1, 0, 1, 0]
Fitness: 1367.876978 	[13, 6, 0, 2, 11, 5, 0, 1, 4, 0, 3, 9, 10, 15, 12, 8, 7, 14, 0, 1, 0, 1, 1, 1, 0, 1, 1, 0, 1, 1, 1, 0, 1, 0]
Fitness: 1367.876978 	[13, 6, 0, 1, 4, 0, 3, 9, 10, 15, 12, 8, 7, 14, 0, 2, 11, 5, 0, 1, 0, 1, 1, 1, 0, 1, 1, 0, 1, 1, 1, 0, 1, 0]
Fitness: 1367.876978 	[13, 6, 0, 2, 11, 5, 0, 1, 4, 0, 3, 9, 10, 15, 12, 8, 7, 14, 0, 1, 0, 1, 1, 1, 0, 1, 1, 0, 1, 1, 1, 0, 1, 0]
Fitness: 1367.876978 	[13, 6, 0, 2, 11, 5, 0, 1, 4, 0, 3, 9, 10, 15, 12, 8, 7, 14, 0, 1, 0, 1, 1, 1, 0, 1, 1, 0, 1, 1, 1, 0, 1, 0]
Fitness: 1367.876978 	[2, 11, 0, 13, 6, 0, 1, 4, 0, 3, 9, 10, 15, 12, 8, 7, 14, 5, 0, 1, 0, 1, 1, 1, 0, 1, 1, 0, 1, 1, 1, 0, 1, 0]
Fitness: 1367.876978 	[13, 6, 0, 2, 11, 5, 0, 1, 4, 0, 3, 9, 10, 15, 12, 8, 7, 14, 0, 1, 0, 1, 1, 1, 0, 1, 1, 0, 1, 1, 1, 0, 1, 0]
Fitness: 1367.876978 	[13, 6, 0, 2, 11, 5, 0, 1, 4, 0, 3, 9, 10, 15, 12, 8, 7, 14, 0, 1, 0, 1, 1, 1, 0, 1, 1, 0, 1, 1, 1, 0, 1, 0]
Fitness: 1367.876978 	[3, 9, 10, 15, 12, 8, 7, 14, 0, 1, 4, 0, 2, 5, 0, 6, 11, 13, 0, 1, 0, 1, 1, 1, 0, 1, 1, 0, 1, 1, 1, 0, 1, 0]
Fitness: 1367.876978 	[13, 6, 0, 2, 11, 5, 0, 1, 4, 0, 3, 9, 10, 15, 12, 8, 7, 14, 0, 1, 0, 1, 1, 1, 0, 1, 1, 0, 1, 1, 1, 0, 1, 0]
Fitness: 1367.876978 	[13, 6, 0, 2, 11, 5, 0, 1, 4, 0, 3, 9, 10, 15, 12, 8, 7, 14, 0, 1, 0, 1, 1, 1, 0, 1, 1, 0, 1, 1, 1, 0, 1, 0]
Fitness: 1367.876978 	[13, 6, 0, 2, 11, 5, 0, 3, 9, 10, 15, 12, 8, 7, 14, 0, 1, 4, 0, 1, 0, 1, 1, 1, 0, 1, 1, 0, 1, 1, 1, 0, 1, 0]
Fitness: 1367.876978 	[13, 6, 0, 2, 11, 5, 0, 1, 4, 0, 3, 9, 10, 15, 12, 8, 7, 14, 0, 1, 0, 1, 1, 1, 0, 1, 1, 0, 1, 1, 1, 0, 1, 0]
Fitness: 1367.876978 	[13, 6, 0, 2, 11, 5, 0, 1, 4, 0, 3, 9, 10, 15, 12, 8, 7, 14, 0, 1, 0, 1, 1, 1, 0, 1, 1, 0, 1, 1, 1, 0, 1, 0]
Fitness: 1367.876978 	[13, 6, 0, 2, 11, 5, 0, 1, 4, 0, 3, 9, 10, 15, 12, 8, 7, 14, 0, 1, 0, 1, 1, 1, 0, 1, 1, 0, 1, 1, 1, 0, 1, 0]
Fitness: 1367.876978 	[13, 6, 0, 2, 11, 5, 0, 1, 4, 0, 3, 9, 10, 15, 12, 8, 7, 14, 0, 1, 0, 1, 1, 1, 0, 1, 1, 0, 1, 1, 1, 0, 1, 0]
Fitness: 1367.876978 	[13, 6, 0, 2, 11, 5, 0, 1, 4, 0, 3, 9, 10, 15, 12, 8, 7, 14, 0, 1, 0, 1, 1, 1, 0, 1, 1, 0, 1, 1, 1, 0, 1, 0]
Fitness: 1367.876978 	[13, 6, 0, 3, 9, 10, 15, 12, 8, 7, 14, 0, 1, 4, 0, 2, 11, 5, 0, 1, 0, 1, 1, 1, 0, 1, 1, 0, 1, 1, 1, 0, 1, 0]
Fitness: 1367.876978 	[13, 6, 0, 2, 11, 5, 0, 1, 4, 0, 3, 9, 10, 15, 12, 8, 7, 14, 0, 1, 0, 1, 1, 1, 0, 1, 1, 0, 1, 1, 1, 0, 1, 0]
Fitness: 1367.876978 	[13, 6, 0, 2, 11, 5, 0, 1, 4, 0, 3, 9, 10, 15, 12, 8, 7, 14, 0, 1, 0, 1, 1, 1, 0, 1, 1, 0, 1, 1, 1, 0, 1, 0]
Fitness: 1367.876978 	[2, 11, 5, 0, 3, 9, 10, 15, 12, 8, 7, 14, 0, 1, 4, 0, 13, 6, 0, 1, 0, 1, 1, 1, 0, 1, 1, 0, 1, 1, 1, 0, 1, 0]
Fitness: 1367.876978 	[13, 6, 0, 2, 11, 5, 0, 1, 4, 0, 3, 9, 10, 15, 12, 8, 7, 14, 0, 1, 0, 1, 1, 1, 0, 1, 1, 0, 1, 1, 1, 0, 1, 0]
Fitness: 1367.876978 	[13, 6, 0, 2, 11, 5, 0, 1, 4, 0, 3, 9, 10, 15, 12, 8, 7, 14, 0, 1, 0, 1, 1, 1, 0, 1, 1, 0, 1, 1, 1, 0, 1, 0]
Fitness: 1367.876978 	[1, 3, 0, 4, 7, 8, 0, 2, 11, 5, 0, 13, 6, 9, 10, 12, 14, 15, 0, 1, 0, 1, 1, 1, 0, 1, 1, 0, 1, 1, 1, 0, 1, 0]
Fitness: 1367.876978 	[13, 6, 0, 2, 11, 5, 0, 1, 4, 0, 3, 9, 10, 15, 12, 8, 7, 14, 0, 1, 0, 1, 1, 1, 0, 1, 1, 0, 1, 1, 1, 0, 1, 0]
Fitness: 1367.876978 	[13, 6, 0, 2, 11, 5, 0, 1, 4, 0, 3, 9, 10, 15, 12, 8, 7, 14, 0, 1, 0, 1, 1, 1, 0, 1, 1, 0, 1, 1, 1, 0, 1, 0]
Fitness: 1367.876978 	[13, 6, 0, 2, 11, 5, 0, 1, 4, 0, 3, 9, 10, 15, 12, 8, 7, 14, 0, 1, 0, 1, 1, 1, 0, 1, 1, 0, 1, 1, 1, 0, 1, 0]
Fitness: 1367.876978 	[13, 6, 0, 2, 11, 5, 0, 1, 4, 0, 3, 9, 10, 15, 12, 8, 7, 14, 0, 1, 0, 1, 1, 1, 0, 1, 1, 0, 1, 1, 1, 0, 1, 0]
Fitness: 1367.876978 	[13, 6, 0, 2, 11, 5, 0, 1, 4, 0, 3, 9, 10, 15, 12, 8, 7, 14, 0, 1, 0, 1, 1, 1, 0, 1, 1, 0, 1, 1, 1, 0, 1, 0]
Fitness: 1367.876978 	[1, 4, 0, 2, 11, 5, 0, 13, 6, 0, 3, 9, 10, 15, 12, 8, 7, 14, 0, 1, 0, 1, 1, 1, 0, 1, 1, 0, 1, 1, 1, 0, 1, 0]
Fitness: 1367.876978 	[13, 6, 0, 2, 11, 5, 0, 1, 4, 0, 3, 9, 10, 15, 12, 8, 7, 14, 0, 1, 0, 1, 1, 1, 0, 1, 1, 0, 1, 1, 1, 0, 1, 0]
Fitness: 1367.876978 	[13, 6, 0, 2, 11, 5, 0, 1, 4, 0, 3, 9, 10, 15, 12, 8, 7, 14, 0, 1, 0, 1, 1, 1, 0, 1, 1, 0, 1, 1, 1, 0, 1, 0]
Fitness: 1367.876978 	[13, 6, 0, 3, 9, 10, 15, 12, 8, 7, 14, 0, 2, 11, 5, 0, 1, 4, 0, 1, 0, 1, 1, 1, 0, 1, 1, 0, 1, 1, 1, 0, 1, 0]
Fitness: 1367.876978 	[13, 6, 0, 2, 11, 5, 0, 1, 4, 0, 3, 9, 10, 15, 12, 8, 7, 14, 0, 1, 0, 1, 1, 1, 0, 1, 1, 0, 1, 1, 1, 0, 1, 0]
Fitness: 1367.876978 	[13, 6, 0, 2, 11, 5, 0, 1, 4, 0, 3, 9, 10, 15, 12, 8, 7, 14, 0, 1, 0, 1, 1, 1, 0, 1, 1, 0, 1, 1, 1, 0, 1, 0]
Fitness: 1367.876978 	[1, 3, 0, 4, 7, 8, 0, 2, 11, 5, 0, 13, 6, 9, 10, 12, 14, 15, 0, 1, 0, 1, 1, 1, 0, 1, 1, 0, 1, 1, 1, 0, 1, 0]
Fitness: 1367.876978 	[13, 6, 0, 2, 11, 5, 0, 1, 4, 0, 3, 9, 10, 15, 12, 8, 7, 14, 0, 1, 0, 1, 1, 1, 0, 1, 1, 0, 1, 1, 1, 0, 1, 0]
Fitness: 1367.876978 	[13, 6, 0, 2, 11, 5, 0, 1, 4, 0, 3, 9, 10, 15, 12, 8, 7, 14, 0, 1, 0, 1, 1, 1, 0, 1, 1, 0, 1, 1, 1, 0, 1, 0]
Fitness: 1367.876978 	[3, 9, 10, 15, 12, 8, 7, 14, 0, 13, 6, 0, 1, 4, 0, 2, 11, 5, 0, 1, 0, 1, 1, 1, 0, 1, 1, 0, 1, 1, 1, 0, 1, 0]
Fitness: 1367.876978 	[13, 6, 0, 2, 11, 5, 0, 1, 4, 0, 3, 9, 10, 15, 12, 8, 7, 14, 0, 1, 0, 1, 1, 1, 0, 1, 1, 0, 1, 1, 1, 0, 1, 0]
Fitness: 1367.876978 	[13, 6, 0, 2, 11, 5, 0, 1, 4, 0, 3, 9, 10, 15, 12, 8, 7, 14, 0, 1, 0, 1, 1, 1, 0, 1, 1, 0, 1, 1, 1, 0, 1, 0]
Fitness: 1367.876978 	[13, 6, 0, 1, 4, 0, 2, 11, 5, 0, 3, 9, 10, 15, 12, 8, 7, 14, 0, 1, 0, 1, 1, 1, 0, 1, 1, 0, 1, 1, 1, 0, 1, 0]
Fitness: 1367.876978 	[13, 6, 0, 2, 11, 5, 0, 1, 4, 0, 3, 9, 10, 15, 12, 8, 7, 14, 0, 1, 0, 1, 1, 1, 0, 1, 1, 0, 1, 1, 1, 0, 1, 0]
Fitness: 1367.876978 	[13, 6, 0, 2, 11, 5, 0, 1, 4, 0, 3, 9, 10, 15, 12, 8, 7, 14, 0, 1, 0, 1, 1, 1, 0, 1, 1, 0, 1, 1, 1, 0, 1, 0]
Fitness: 1367.876978 	[1, 2, 0, 13, 6, 0, 3, 9, 10, 15, 12, 8, 7, 14, 0, 4, 5, 11, 0, 1, 0, 1, 1, 1, 0, 1, 1, 0, 1, 1, 1, 0, 1, 0]
Fitness: 1367.876978 	[13, 6, 0, 2, 11, 5, 0, 1, 4, 0, 3, 9, 10, 15, 12, 8, 7, 14, 0, 1, 0, 1, 1, 1, 0, 1, 1, 0, 1, 1, 1, 0, 1, 0]
Fitness: 1367.876978 	[13, 6, 0, 2, 11, 5, 0, 1, 4, 0, 3, 9, 10, 15, 12, 8, 7, 14, 0, 1, 0, 1, 1, 1, 0, 1, 1, 0, 1, 1, 1, 0, 1, 0]
Fitness: 1367.876978 	[1, 4, 0, 2, 11, 5, 0, 3, 9, 10, 15, 12, 8, 7, 14, 0, 13, 6, 0, 1, 0, 1, 1, 1, 0, 1, 1, 0, 1, 1, 1, 0, 1, 0]
Fitness: 1367.876978 	[13, 6, 4, 0, 2, 11, 5, 0, 1, 0, 3, 9, 10, 15, 12, 8, 7, 14, 0, 1, 0, 1, 0, 1, 1, 1, 1, 0, 1, 1, 1, 0, 1, 0]
Fitness: 1367.876978 	[13, 0, 2, 11, 5, 6, 0, 1, 4, 0, 3, 9, 10, 15, 12, 8, 7, 14, 0, 0, 0, 1, 1, 1, 1, 1, 1, 0, 1, 1, 1, 0, 1, 0]
Fitness: 1367.876978 	[13, 6, 0, 2, 11, 5, 0, 1, 4, 15, 0, 3, 9, 10, 12, 8, 7, 14, 0, 1, 1, 1, 1, 1, 0, 1, 1, 0, 1, 1, 1, 0, 0, 0]
Fitness: 1367.876978 	[13, 6, 12, 0, 2, 11, 5, 0, 1, 4, 0, 3, 9, 10, 15, 8, 7, 14, 0, 0, 1, 1, 1, 1, 0, 1, 1, 0, 1, 1, 1, 0, 1, 0]
Fitness: 1367.876978 	[6, 0, 2, 11, 5, 13, 0, 1, 4, 0, 3, 9, 10, 15, 12, 8, 7, 14, 0, 1, 0, 1, 1, 1, 0, 1, 1, 0, 0, 1, 1, 1, 1, 0]
Fitness: 1367.876978 	[6, 0, 2, 11, 5, 0, 1, 4, 13, 0, 3, 9, 10, 15, 12, 8, 7, 14, 0, 1, 1, 1, 1, 1, 0, 1, 1, 0, 1, 1, 0, 0, 1, 0]
Fitness: 1367.876978 	[6, 0, 2, 11, 5, 13, 0, 1, 4, 0, 3, 9, 10, 15, 12, 8, 7, 14, 0, 0, 0, 1, 1, 1, 1, 1, 1, 0, 1, 1, 1, 0, 1, 0]
Fitness: 1367.876978 	[3, 0, 4, 7, 8, 0, 2, 11, 5, 1, 0, 13, 6, 9, 10, 12, 14, 15, 0, 1, 0, 0, 1, 1, 1, 1, 1, 0, 1, 1, 1, 0, 1, 0]
Fitness: 1367.876978 	[13, 6, 0, 11, 5, 0, 1, 4, 2, 0, 3, 9, 10, 15, 12, 8, 7, 14, 0, 1, 0, 1, 1, 1, 0, 1, 1, 0, 1, 1, 1, 1, 0, 0]
Fitness: 1367.876978 	[1, 4, 0, 3, 9, 10, 15, 12, 8, 7, 14, 5, 0, 2, 0, 6, 11, 13, 0, 0, 0, 1, 1, 1, 0, 1, 1, 0, 1, 1, 1, 1, 1, 0]
Fitness: 1367.876978 	[13, 6, 0, 2, 11, 5, 0, 1, 0, 3, 9, 10, 15, 12, 8, 7, 14, 4, 0, 1, 0, 1, 1, 1, 1, 1, 1, 0, 1, 1, 1, 0, 0, 0]
Fitness: 1367.876978 	[13, 6, 1, 0, 2, 11, 5, 0, 4, 0, 3, 9, 10, 15, 12, 8, 7, 14, 0, 1, 0, 1, 1, 1, 0, 1, 1, 0, 1, 0, 1, 1, 1, 0]
Fitness: 1367.876978 	[13, 0, 2, 11, 5, 0, 1, 4, 0, 3, 9, 10, 15, 12, 8, 7, 14, 6, 0, 1, 0, 0, 1, 1, 1, 1, 1, 0, 1, 1, 1, 0, 1, 0]
Fitness: 1367.876978 	[13, 0, 2, 11, 5, 6, 0, 1, 4, 0, 3, 9, 10, 15, 12, 8, 7, 14, 0, 1, 0, 1, 1, 0, 0, 1, 1, 1, 1, 1, 1, 0, 1, 0]
Fitness: 1367.876978 	[13, 6, 0, 3, 7, 8, 11, 0, 2, 5, 0, 1, 4, 9, 10, 12, 14, 15, 0, 0, 1, 1, 1, 1, 0, 1, 1, 0, 1, 1, 1, 0, 1, 0]
Fitness: 1367.876978 	[13, 6, 11, 0, 2, 5, 0, 1, 4, 0, 3, 9, 10, 15, 12, 8, 7, 14, 0, 1, 0, 1, 1, 1, 0, 1, 1, 1, 1, 1, 0, 0, 1, 0]
Fitness: 1367.876978 	[13, 6, 0, 2, 11, 5, 0, 4, 0, 3, 9, 10, 15, 12, 8, 7, 14, 1, 0, 1, 0, 1, 1, 1, 0, 1, 1, 1, 0, 1, 1, 0, 1, 0]
Fitness: 1367.876978 	[13, 6, 0, 11, 5, 0, 1, 4, 0, 3, 9, 10, 15, 12, 8, 7, 14, 2, 0, 1, 0, 1, 1, 1, 1, 0, 1, 0, 1, 1, 1, 0, 1, 0]
Fitness: 1367.876978 	[13, 6, 5, 0, 2, 11, 0, 1, 4, 0, 3, 9, 10, 15, 12, 8, 7, 14, 0, 1, 1, 1, 1, 1, 0, 1, 1, 0, 1, 0, 1, 0, 1, 0]
Fitness: 1367.876978 	[13, 0, 2, 11, 5, 6, 0, 1, 4, 0, 3, 9, 10, 15, 12, 8, 7, 14, 0, 1, 0, 1, 1, 0, 1, 1, 1, 0, 1, 1, 1, 0, 1, 0]
Fitness: 1367.876978 	[13, 6, 9, 0, 2, 11, 5, 0, 1, 4, 0, 3, 10, 15, 12, 8, 7, 14, 0, 1, 0, 1, 1, 1, 1, 1, 0, 0, 1, 1, 1, 0, 1, 0]
Fitness: 1367.876978 	[11, 5, 0, 3, 9, 10, 15, 12, 8, 7, 14, 2, 0, 1, 4, 0, 13, 6, 0, 1, 1, 1, 1, 1, 0, 1, 1, 0, 1, 0, 1, 0, 1, 0]
Fitness: 1367.876978 	[13, 6, 0, 2, 11, 5, 4, 0, 1, 0, 3, 9, 10, 15, 12, 8, 7, 14, 0, 1, 0, 1, 1, 1, 0, 1, 1, 0, 1, 1, 1, 1, 0, 0]
Fitness: 1367.876978 	[13, 6, 0, 2, 11, 5, 0, 4, 0, 3, 9, 10, 15, 12, 8, 7, 14, 1, 0, 1, 0, 1, 1, 1, 0, 1, 1, 1, 1, 0, 1, 0, 1, 0]
Fitness: 1367.876978 	[13, 6, 10, 0, 2, 11, 5, 0, 1, 4, 0, 3, 9, 15, 12, 8, 7, 14, 0, 1, 0, 1, 1, 1, 1, 0, 1, 0, 1, 1, 1, 0, 1, 0]
Fitness: 1367.876978 	[13, 6, 0, 2, 5, 0, 1, 4, 11, 0, 3, 9, 10, 15, 12, 8, 7, 14, 0, 1, 1, 1, 1, 1, 0, 1, 1, 0, 0, 1, 1, 0, 1, 0]
Fitness: 1367.876978 	[13, 6, 0, 2, 11, 5, 1, 0, 4, 0, 3, 9, 10, 15, 12, 8, 7, 14, 0, 1, 1, 0, 1, 1, 0, 1, 1, 0, 1, 1, 1, 0, 1, 0]
Fitness: 1367.876978 	[13, 0, 2, 11, 5, 0, 1, 4, 0, 3, 9, 10, 15, 12, 8, 7, 14, 6, 0, 1, 0, 1, 1, 1, 0, 1, 1, 0, 1, 1, 1, 1, 0, 0]
Fitness: 1367.876978 	[13, 0, 1, 4, 6, 0, 2, 11, 5, 0, 3, 9, 10, 15, 12, 8, 7, 14, 0, 1, 0, 1, 1, 0, 0, 1, 1, 0, 1, 1, 1, 1, 1, 0]
Fitness: 1367.876978 	[13, 0, 2, 11, 5, 0, 1, 4, 6, 0, 3, 9, 10, 15, 12, 8, 7, 14, 0, 1, 0, 1, 1, 1, 0, 1, 1, 0, 1, 1, 0, 1, 1, 0]
Fitness: 1367.876978 	[6, 0, 2, 11, 5, 0, 1, 4, 13, 0, 3, 9, 10, 15, 12, 8, 7, 14, 0, 0, 1, 1, 1, 1, 0, 1, 1, 0, 1, 1, 1, 0, 1, 0]
Fitness: 1367.876978 	[13, 6, 0, 3, 9, 10, 15, 12, 8, 7, 14, 4, 0, 1, 0, 2, 11, 5, 0, 1, 0, 1, 1, 0, 1, 1, 1, 0, 1, 1, 1, 0, 1, 0]
Fitness: 1367.876978 	[13, 6, 0, 11, 5, 0, 1, 4, 0, 3, 9, 10, 15, 12, 8, 7, 14, 2, 0, 1, 0, 1, 1, 1, 0, 1, 0, 1, 1, 1, 1, 0, 1, 0]
Fitness: 1367.876978 	[13, 6, 0, 2, 11, 5, 0, 4, 0, 3, 9, 10, 15, 12, 8, 7, 14, 1, 0, 1, 0, 1, 1, 1, 0, 1, 1, 1, 1, 1, 1, 0, 0, 0]
Fitness: 1367.876978 	[13, 6, 5, 0, 2, 11, 0, 1, 4, 0, 3, 9, 10, 15, 12, 8, 7, 14, 0, 1, 0, 1, 0, 1, 1, 1, 1, 0, 1, 1, 1, 0, 1, 0]
Fitness: 1367.876978 	[13, 6, 12, 0, 2, 11, 5, 0, 1, 4, 0, 3, 9, 10, 15, 8, 7, 14, 0, 1, 0, 1, 1, 1, 0, 1, 1, 0, 1, 0, 1, 1, 1, 0]
Fitness: 1367.876978 	[13, 6, 0, 2, 11, 5, 3, 0, 1, 4, 0, 9, 10, 15, 12, 8, 7, 14, 0, 1, 0, 1, 1, 1, 0, 1, 0, 0, 1, 1, 1, 1, 1, 0]
Fitness: 1367.876978 	[13, 6, 4, 0, 2, 11, 5, 0, 1, 0, 3, 9, 10, 15, 12, 8, 7, 14, 0, 1, 0, 1, 1, 1, 0, 0, 1, 1, 1, 1, 1, 0, 1, 0]
Fitness: 1367.876978 	[13, 6, 0, 11, 5, 0, 1, 4, 0, 3, 9, 10, 15, 12, 8, 7, 14, 2, 0, 1, 0, 1, 1, 1, 0, 1, 1, 0, 1, 1, 1, 1, 0, 0]
Fitness: 1367.876978 	[13, 6, 1, 0, 3, 7, 8, 0, 4, 0, 2, 11, 5, 9, 10, 12, 14, 15, 0, 1, 0, 1, 1, 1, 1, 1, 0, 0, 1, 1, 1, 0, 1, 0]
Fitness: 1367.876978 	[13, 6, 0, 2, 11, 5, 0, 1, 4, 7, 0, 3, 9, 10, 15, 12, 8, 14, 0, 1, 0, 1, 1, 1, 0, 1, 1, 0, 1, 0, 1, 1, 1, 0]
Fitness: 1367.876978 	[13, 6, 0, 2, 11, 5, 14, 0, 1, 4, 0, 3, 9, 10, 15, 12, 8, 7, 0, 1, 1, 1, 0, 1, 0, 1, 1, 0, 1, 1, 1, 0, 1, 0]
Fitness: 1367.876978 	[13, 6, 0, 2, 11, 0, 1, 4, 0, 3, 9, 10, 15, 12, 8, 7, 14, 5, 0, 1, 0, 0, 1, 1, 0, 1, 1, 1, 1, 1, 1, 0, 1, 0]
Fitness: 1367.876978 	[13, 6, 0, 2, 5, 0, 1, 4, 11, 0, 3, 9, 10, 15, 12, 8, 7, 14, 0, 1, 1, 1, 1, 1, 0, 1, 1, 0, 1, 1, 1, 0, 0, 0]
Fitness: 1367.876978 	[13, 6, 0, 2, 5, 0, 1, 4, 0, 3, 9, 10, 15, 12, 8, 7, 14, 11, 0, 1, 1, 1, 0, 1, 0, 1, 1, 0, 1, 1, 1, 0, 1, 0]
Fitness: 1367.876978 	[13, 6, 7, 0, 2, 11, 5, 0, 1, 4, 0, 3, 9, 10, 15, 12, 8, 14, 0, 1, 0, 1, 1, 0, 0, 1, 1, 1, 1, 1, 1, 0, 1, 0]
Fitness: 1367.876978 	[13, 6, 0, 2, 5, 0, 1, 4, 0, 3, 9, 10, 15, 12, 8, 7, 14, 11, 0, 1, 0, 1, 1, 1, 0, 1, 1, 1, 1, 1, 1, 0, 0, 0]
Fitness: 1367.876978 	[13, 6, 0, 2, 11, 5, 0, 1, 0, 3, 9, 10, 15, 12, 8, 7, 14, 4, 0, 1, 1, 1, 0, 1, 0, 1, 1, 0, 1, 1, 1, 0, 1, 0]
Fitness: 1367.876978 	[13, 6, 0, 2, 11, 5, 14, 0, 1, 4, 0, 3, 9, 10, 15, 12, 8, 7, 0, 1, 1, 1, 1, 1, 0, 0, 1, 0, 1, 1, 1, 0, 1, 0]
Fitness: 1367.876978 	[13, 6, 0, 2, 11, 5, 0, 4, 0, 3, 9, 10, 15, 12, 8, 7, 14, 1, 0, 1, 1, 1, 1, 1, 0, 1, 1, 0, 1, 0, 1, 0, 1, 0]
Fitness: 1367.876978 	[1, 4, 13, 0, 2, 11, 5, 0, 6, 0, 3, 9, 10, 15, 12, 8, 7, 14, 0, 0, 1, 1, 1, 1, 0, 1, 1, 0, 1, 1, 1, 0, 1, 0]
Fitness: 1367.876978 	[13, 6, 0, 2, 11, 5, 0, 3, 9, 10, 15, 12, 8, 7, 14, 0, 1, 4, 0, 1, 0, 1, 1, 1, 0, 1, 1, 0, 1, 1, 1, 0, 1, 0]
Fitness: 1367.876978 	[3, 9, 10, 15, 12, 8, 7, 14, 0, 2, 11, 5, 0, 1, 4, 0, 13, 6, 0, 1, 0, 1, 1, 1, 0, 1, 1, 0, 1, 1, 1, 0, 1, 0]
Fitness: 1367.876978 	[2, 11, 5, 0, 13, 6, 0, 1, 4, 0, 3, 9, 10, 15, 12, 8, 7, 14, 0, 1, 0, 1, 1, 1, 0, 1, 1, 0, 1, 1, 1, 0, 1, 0]
Fitness: 1367.876978 	[13, 6, 0, 4, 0, 2, 11, 5, 0, 3, 9, 10, 15, 12, 8, 7, 14, 1, 0, 1, 0, 1, 1, 1, 0, 1, 1, 1, 1, 1, 1, 0, 0, 0]
Fitness: 1367.876978 	[2, 11, 5, 0, 13, 6, 0, 1, 4, 0, 3, 9, 10, 15, 12, 8, 7, 14, 0, 1, 0, 1, 1, 1, 0, 1, 1, 0, 1, 1, 1, 0, 1, 0]
Fitness: 1367.876978 	[1, 4, 0, 2, 11, 5, 0, 13, 6, 0, 3, 9, 10, 15, 12, 8, 7, 14, 0, 1, 0, 1, 1, 1, 0, 1, 1, 0, 1, 1, 1, 0, 1, 0]
Fitness: 1367.876978 	[2, 11, 0, 3, 9, 10, 15, 12, 8, 7, 14, 5, 0, 1, 4, 0, 13, 6, 0, 1, 0, 1, 1, 1, 0, 1, 1, 0, 1, 1, 1, 0, 1, 0]
Fitness: 1367.876978 	[1, 4, 0, 2, 11, 5, 0, 13, 6, 0, 3, 9, 10, 15, 12, 8, 7, 14, 0, 1, 0, 1, 1, 1, 0, 1, 1, 0, 1, 1, 1, 0, 1, 0]
Fitness: 1367.876978 	[13, 6, 0, 2, 11, 5, 0, 1, 4, 0, 3, 9, 10, 15, 12, 8, 7, 14, 0, 1, 0, 1, 1, 1, 0, 1, 1, 0, 1, 1, 1, 0, 1, 0]
Fitness: 1367.876978 	[3, 9, 10, 15, 12, 8, 7, 14, 0, 2, 11, 5, 0, 1, 4, 0, 13, 6, 0, 1, 0, 1, 1, 1, 0, 1, 1, 0, 1, 1, 1, 0, 1, 0]
Fitness: 1367.876978 	[11, 5, 0, 13, 6, 0, 1, 4, 2, 0, 3, 9, 10, 15, 12, 8, 7, 14, 0, 1, 0, 1, 1, 1, 0, 1, 1, 0, 1, 1, 1, 1, 0, 0]
Fitness: 1367.876978 	[13, 6, 0, 1, 4, 0, 2, 11, 5, 0, 3, 9, 10, 15, 12, 8, 7, 14, 0, 1, 0, 1, 1, 1, 0, 1, 1, 0, 1, 1, 1, 0, 1, 0]
Fitness: 1367.876978 	[13, 6, 0, 3, 9, 10, 15, 12, 8, 7, 14, 0, 1, 4, 0, 2, 11, 5, 0, 1, 0, 1, 1, 1, 0, 1, 1, 0, 1, 1, 1, 0, 1, 0]
Fitness: 1367.876978 	[2, 11, 5, 0, 13, 6, 0, 1, 4, 0, 3, 9, 10, 15, 12, 8, 7, 14, 0, 1, 0, 1, 1, 1, 0, 1, 1, 0, 1, 1, 1, 0, 1, 0]
Fitness: 1367.876978 	[13, 6, 1, 0, 4, 0, 3, 7, 8, 0, 2, 11, 5, 9, 10, 12, 14, 15, 0, 1, 0, 1, 1, 1, 1, 1, 0, 0, 1, 1, 1, 0, 1, 0]
Fitness: 1367.876978 	[13, 6, 0, 2, 11, 5, 0, 3, 9, 10, 15, 12, 8, 7, 14, 0, 1, 4, 0, 1, 0, 1, 1, 1, 0, 1, 1, 0, 1, 1, 1, 0, 1, 0]
Fitness: 1367.876978 	[13, 6, 0, 1, 4, 0, 2, 11, 5, 0, 3, 9, 10, 15, 12, 8, 7, 14, 0, 1, 0, 1, 1, 1, 0, 1, 1, 0, 1, 1, 1, 0, 1, 0]
Fitness: 1367.876978 	[4, 0, 2, 11, 5, 0, 13, 6, 0, 3, 9, 10, 15, 12, 8, 7, 14, 1, 0, 1, 0, 1, 1, 1, 0, 1, 1, 1, 1, 0, 1, 0, 1, 0]
Fitness: 1367.876978 	[2, 11, 5, 0, 13, 6, 0, 1, 4, 0, 3, 9, 10, 15, 12, 8, 7, 14, 0, 1, 0, 1, 1, 1, 0, 1, 1, 0, 1, 1, 1, 0, 1, 0]
Fitness: 1367.876978 	[13, 6, 0, 2, 11, 5, 0, 3, 9, 10, 15, 12, 8, 7, 14, 0, 1, 4, 0, 1, 0, 1, 1, 1, 0, 1, 1, 0, 1, 1, 1, 0, 1, 0]
Fitness: 1367.876978 	[13, 6, 0, 1, 4, 0, 2, 11, 5, 0, 3, 9, 10, 15, 12, 8, 7, 14, 0, 1, 0, 1, 1, 1, 0, 1, 1, 0, 1, 1, 1, 0, 1, 0]
Fitness: 1367.876978 	[13, 6, 0, 3, 9, 10, 15, 12, 8, 7, 14, 1, 0, 4, 0, 2, 11, 5, 0, 1, 1, 1, 1, 1, 0, 1, 1, 0, 1, 0, 1, 0, 1, 0]
Fitness: 1367.876978 	[1, 4, 0, 2, 11, 5, 0, 13, 6, 0, 3, 9, 10, 15, 12, 8, 7, 14, 0, 1, 0, 1, 1, 1, 0, 1, 1, 0, 1, 1, 1, 0, 1, 0]
Fitness: 1367.876978 	[13, 6, 0, 3, 9, 10, 15, 12, 8, 7, 14, 0, 1, 4, 0, 2, 11, 5, 0, 1, 0, 1, 1, 1, 0, 1, 1, 0, 1, 1, 1, 0, 1, 0]
Fitness: 1367.876978 	[3, 9, 10, 15, 12, 8, 7, 14, 0, 2, 11, 5, 0, 1, 4, 0, 13, 6, 0, 1, 0, 1, 1, 1, 0, 1, 1, 0, 1, 1, 1, 0, 1, 0]
Fitness: 1367.876978 	[13, 6, 9, 10, 12, 14, 15, 0, 4, 7, 8, 0, 2, 11, 5, 0, 1, 3, 0, 1, 0, 1, 1, 1, 0, 1, 1, 0, 1, 1, 1, 0, 1, 0]
Fitness: 1367.876978 	[1, 4, 0, 2, 11, 5, 0, 13, 6, 0, 3, 9, 10, 15, 12, 8, 7, 14, 0, 1, 0, 1, 1, 1, 0, 1, 1, 0, 1, 1, 1, 0, 1, 0]
Fitness: 1367.876978 	[13, 6, 0, 1, 4, 0, 2, 11, 5, 0, 3, 9, 10, 15, 12, 8, 7, 14, 0, 1, 0, 1, 1, 1, 0, 1, 1, 0, 1, 1, 1, 0, 1, 0]
Fitness: 1367.876978 	[2, 5, 0, 13, 6, 0, 1, 4, 0, 3, 9, 10, 15, 12, 8, 7, 14, 11, 0, 1, 1, 1, 0, 1, 0, 1, 1, 0, 1, 1, 1, 0, 1, 0]
Fitness: 1367.876978 	[2, 11, 5, 1, 0, 13, 6, 0, 4, 0, 3, 9, 10, 15, 12, 8, 7, 14, 0, 1, 1, 0, 1, 1, 0, 1, 1, 0, 1, 1, 1, 0, 1, 0]
Fitness: 1367.876978 	[13, 6, 0, 2, 11, 5, 0, 3, 9, 10, 15, 12, 8, 7, 14, 0, 1, 4, 0, 1, 0, 1, 1, 1, 0, 1, 1, 0, 1, 1, 1, 0, 1, 0]
Fitness: 1367.876978 	[1, 4, 0, 2, 11, 5, 0, 13, 6, 0, 3, 9, 10, 15, 12, 8, 7, 14, 0, 1, 0, 1, 1, 1, 0, 1, 1, 0, 1, 1, 1, 0, 1, 0]
Fitness: 1367.876978 	[3, 9, 10, 15, 12, 8, 7, 14, 0, 2, 11, 5, 0, 1, 4, 0, 13, 6, 0, 1, 0, 1, 1, 1, 0, 1, 1, 0, 1, 1, 1, 0, 1, 0]
Fitness: 1367.876978 	[13, 6, 0, 2, 11, 5, 0, 3, 9, 10, 15, 12, 8, 7, 14, 0, 1, 4, 0, 1, 0, 1, 1, 1, 0, 1, 1, 0, 1, 1, 1, 0, 1, 0]
Fitness: 1367.876978 	[13, 6, 11, 0, 2, 5, 0, 3, 9, 10, 15, 12, 8, 7, 14, 0, 1, 4, 0, 1, 0, 1, 1, 1, 0, 1, 1, 1, 1, 1, 0, 0, 1, 0]
Fitness: 1367.876978 	[3, 9, 10, 15, 12, 8, 7, 14, 0, 2, 11, 5, 0, 13, 6, 0, 1, 4, 0, 1, 0, 1, 1, 1, 0, 1, 1, 0, 1, 1, 1, 0, 1, 0]
Fitness: 1367.876978 	[3, 9, 10, 15, 12, 8, 7, 14, 0, 2, 5, 0, 1, 4, 11, 0, 13, 6, 0, 1, 1, 1, 1, 1, 0, 1, 1, 0, 1, 1, 1, 0, 0, 0]
Fitness: 1367.876978 	[13, 6, 0, 2, 11, 5, 0, 3, 9, 10, 15, 12, 8, 7, 14, 0, 1, 4, 0, 1, 0, 1, 1, 1, 0, 1, 1, 0, 1, 1, 1, 0, 1, 0]
Fitness: 1367.876978 	[1, 4, 0, 2, 11, 5, 0, 13, 6, 0, 3, 9, 10, 15, 12, 8, 7, 14, 0, 1, 0, 1, 1, 1, 0, 1, 1, 0, 1, 1, 1, 0, 1, 0]
Fitness: 1367.876978 	[13, 6, 0, 1, 2, 0, 3, 9, 10, 15, 12, 8, 7, 14, 0, 4, 5, 11, 0, 1, 0, 1, 1, 1, 0, 1, 1, 0, 1, 1, 1, 0, 1, 0]
Fitness: 1367.876978 	[2, 11, 5, 0, 13, 6, 0, 1, 4, 0, 3, 9, 10, 15, 12, 8, 7, 14, 0, 1, 0, 1, 1, 1, 0, 1, 1, 0, 1, 1, 1, 0, 1, 0]
Fitness: 1367.876978 	[13, 6, 0, 3, 9, 10, 15, 12, 8, 7, 14, 0, 1, 4, 0, 2, 11, 5, 0, 1, 0, 1, 1, 1, 0, 1, 1, 0, 1, 1, 1, 0, 1, 0]
Fitness: 1367.876978 	[2, 11, 5, 0, 13, 6, 0, 1, 4, 0, 3, 9, 10, 15, 12, 8, 7, 14, 0, 1, 0, 1, 1, 1, 0, 1, 1, 0, 1, 1, 1, 0, 1, 0]
Fitness: 1367.876978 	[13, 6, 0, 2, 11, 5, 0, 3, 9, 10, 15, 12, 8, 7, 14, 0, 1, 4, 0, 1, 0, 1, 1, 1, 0, 1, 1, 0, 1, 1, 1, 0, 1, 0]
Fitness: 1367.876978 	[1, 4, 0, 2, 11, 5, 0, 13, 6, 0, 3, 9, 10, 15, 12, 8, 7, 14, 0, 1, 0, 1, 1, 1, 0, 1, 1, 0, 1, 1, 1, 0, 1, 0]
Fitness: 1367.876978 	[2, 11, 5, 0, 13, 6, 0, 1, 4, 0, 3, 9, 10, 15, 12, 8, 7, 14, 0, 1, 0, 1, 1, 1, 0, 1, 1, 0, 1, 1, 1, 0, 1, 0]
Fitness: 1367.876978 	[1, 4, 0, 2, 11, 5, 0, 13, 6, 0, 3, 9, 10, 15, 12, 8, 7, 14, 0, 1, 0, 1, 1, 1, 0, 1, 1, 0, 1, 1, 1, 0, 1, 0]
Fitness: 1367.876978 	[3, 9, 10, 15, 12, 8, 7, 14, 0, 2, 11, 5, 0, 1, 4, 0, 13, 6, 0, 1, 0, 1, 1, 1, 0, 1, 1, 0, 1, 1, 1, 0, 1, 0]
Fitness: 1367.876978 	[13, 6, 0, 1, 4, 0, 2, 11, 5, 0, 3, 9, 10, 15, 12, 8, 7, 14, 0, 1, 0, 1, 1, 1, 0, 1, 1, 0, 1, 1, 1, 0, 1, 0]
Time: 0.40734