Fitness: 1263.164821 	[1, 5, 0, 10, 12, 7, 2, 13, 3, 8, 0, 9, 4, 0, 6, 11, 14, 15, 0, 0, 1, 1, 1, 1, 0, 1, 1, 0, 1, 1, 0, 1, 1, 0]
Fitness: 1259.096965 	[1, 0, 9, 6, 4, 0, 5, 11, 14, 0, 10, 12, 7, 2, 13, 3, 8, 15, 0, 0, 1, 1, 1, 1, 0, 1, 1, 0, 1, 1, 0, 1, 1, 0]
Fitness: 1250.657445 	[9, 4, 0, 10, 12, 7, 2, 13, 3, 8, 0, 5, 11, 14, 0, 1, 6, 15, 0, 1, 0, 1, 1, 1, 1, 0, 1, 0, 1, 1, 0, 1, 1, 0]
Fitness: 1233.927947 	[5, 4, 0, 14, 9, 0, 11, 6, 1, 0, 10, 12, 7, 2, 13, 3, 8, 15, 0, 0, 1, 1, 1, 0, 1, 1, 1, 0, 1, 1, 0, 1, 1, 0]
Fitness: 1224.388568 	[4, 0, 6, 14, 13, 0, 11, 9, 10, 5, 12, 8, 0, 1, 2, 3, 7, 15, 0, 1, 0, 1, 1, 1, 0, 1, 1, 1, 1, 0, 1, 0, 1, 0]
Fitness: 1224.388568 	[4, 0, 6, 14, 13, 0, 11, 9, 10, 5, 12, 8, 0, 1, 2, 3, 7, 15, 0, 1, 0, 1, 1, 1, 0, 1, 1, 1, 1, 0, 1, 0, 1, 0]
Fitness: 1223.360590 	[2, 5, 1, 0, 9, 3, 0, 4, 0, 11, 6, 7, 8, 10, 12, 13, 14, 15, 0, 1, 0, 1, 1, 1, 0, 1, 0, 1, 1, 1, 1, 0, 1, 0]
Fitness: 1218.004049 	[1, 6, 0, 9, 4, 0, 5, 11, 14, 10, 3, 0, 7, 8, 2, 12, 13, 15, 0, 1, 0, 1, 1, 1, 0, 1, 1, 0, 1, 1, 0, 1, 1, 0]
Fitness: 1216.462543 	[1, 0, 4, 0, 11, 9, 10, 5, 12, 8, 0, 3, 6, 7, 2, 14, 13, 15, 0, 1, 0, 1, 1, 1, 0, 1, 1, 1, 1, 0, 1, 0, 1, 0]
Fitness: 1215.035375 	[4, 0, 10, 12, 7, 2, 13, 3, 8, 0, 1, 6, 15, 0, 5, 9, 11, 14, 0, 0, 1, 1, 1, 1, 0, 1, 1, 0, 1, 1, 0, 1, 1, 0]
Fitness: 1203.073280 	[2, 7, 10, 9, 0, 11, 13, 1, 0, 5, 6, 0, 15, 3, 4, 8, 12, 14, 0, 1, 0, 1, 0, 1, 1, 0, 1, 1, 1, 1, 0, 1, 1, 0]
Fitness: 1201.004275 	[3, 1, 6, 0, 9, 4, 0, 5, 11, 14, 0, 7, 8, 2, 10, 12, 13, 15, 0, 0, 1, 1, 1, 1, 0, 1, 1, 0, 1, 1, 0, 1, 1, 0]
Fitness: 1201.004275 	[3, 1, 6, 0, 5, 11, 14, 0, 9, 4, 0, 7, 8, 2, 10, 12, 13, 15, 0, 0, 1, 1, 1, 1, 0, 1, 1, 0, 1, 1, 0, 1, 1, 0]
Fitness: 1200.317426 	[9, 4, 0, 5, 11, 14, 0, 10, 12, 7, 2, 13, 3, 8, 0, 15, 1, 6, 0, 0, 1, 1, 1, 1, 0, 1, 1, 0, 1, 1, 0, 1, 1, 0]
Fitness: 1200.317426 	[9, 4, 0, 15, 1, 6, 0, 5, 11, 14, 0, 10, 12, 7, 2, 13, 3, 8, 0, 0, 1, 1, 1, 1, 0, 1, 1, 0, 1, 1, 0, 1, 1, 0]
Fitness: 1200.317426 	[9, 4, 0, 15, 1, 6, 0, 5, 11, 14, 0, 10, 12, 7, 2, 13, 3, 8, 0, 0, 1, 1, 1, 1, 0, 1, 1, 0, 1, 1, 0, 1, 1, 0]
Fitness: 1200.317426 	[9, 4, 0, 15, 1, 6, 0, 5, 11, 14, 0, 10, 12, 7, 2, 13, 3, 8, 0, 0, 1, 1, 1, 1, 0, 1, 1, 0, 1, 1, 0, 1, 1, 0]
Fitness: 1200.317426 	[9, 4, 0, 10, 12, 7, 2, 13, 3, 8, 0, 5, 11, 14, 0, 1, 6, 15, 0, 0, 1, 1, 1, 1, 0, 1, 1, 0, 1, 1, 0, 1, 1, 0]
Fitness: 1200.317426 	[9, 4, 0, 15, 1, 6, 0, 5, 11, 14, 0, 10, 12, 7, 2, 13, 3, 8, 0, 0, 1, 1, 1, 1, 0, 1, 1, 0, 1, 1, 0, 1, 1, 0]
Fitness: 1200.317426 	[9, 4, 0, 15, 1, 6, 0, 10, 12, 7, 2, 13, 3, 8, 0, 5, 11, 14, 0, 0, 1, 1, 1, 1, 0, 1, 1, 0, 1, 1, 0, 1, 1, 0]
Fitness: 1200.317426 	[9, 4, 0, 15, 1, 6, 0, 5, 11, 14, 0, 10, 12, 7, 2, 13, 3, 8, 0, 0, 1, 1, 1, 1, 0, 1, 1, 0, 1, 1, 0, 1, 1, 0]
Fitness: 1200.317426 	[9, 4, 0, 15, 1, 6, 0, 5, 11, 14, 0, 10, 12, 7, 2, 13, 3, 8, 0, 0, 1, 1, 1, 1, 0, 1, 1, 0, 1, 1, 0, 1, 1, 0]
Fitness: 1200.317426 	[9, 4, 0, 15, 1, 6, 0, 5, 11, 14, 0, 10, 12, 7, 2, 13, 3, 8, 0, 0, 1, 1, 1, 1, 0, 1, 1, 0, 1, 1, 0, 1, 1, 0]
Fitness: 1200.317426 	[9, 4, 0, 15, 1, 6, 0, 10, 12, 7, 2, 13, 3, 8, 0, 5, 11, 14, 0, 0, 1, 1, 1, 1, 0, 1, 1, 0, 1, 1, 0, 1, 1, 0]
Fitness: 1200.317426 	[9, 4, 0, 10, 12, 7, 2, 13, 3, 8, 0, 5, 11, 14, 0, 15, 1, 6, 0, 0, 1, 1, 1, 1, 0, 1, 1, 0, 1, 1, 0, 1, 1, 0]
Fitness: 1200.317426 	[9, 4, 0, 10, 12, 7, 2, 13, 3, 8, 0, 5, 11, 14, 0, 15, 1, 6, 0, 0, 1, 1, 1, 1, 0, 1, 1, 0, 1, 1, 0, 1, 1, 0]
Fitness: 1200.317426 	[9, 4, 0, 10, 12, 7, 2, 13, 3, 8, 0, 5, 11, 14, 0, 15, 1, 6, 0, 0, 1, 1, 1, 1, 0, 1, 1, 0, 1, 1, 0, 1, 1, 0]
Fitness: 1200.317426 	[9, 4, 0, 10, 12, 7, 2, 13, 3, 8, 0, 5, 11, 14, 0, 15, 1, 6, 0, 0, 1, 1, 1, 1, 0, 1, 1, 0, 1, 1, 0, 1, 1, 0]
Fitness: 1200.317426 	[9, 4, 0, 10, 12, 7, 2, 13, 3, 8, 0, 5, 11, 14, 0, 15, 1, 6, 0, 0, 1, 1, 1, 1, 0, 1, 1, 0, 1, 1, 0, 1, 1, 0]
Fitness: 1200.317426 	[9, 4, 0, 10, 12, 7, 2, 13, 3, 8, 0, 5, 11, 14, 0, 15, 1, 6, 0, 0, 1, 1, 1, 1, 0, 1, 1, 0, 1, 1, 0, 1, 1, 0]
Fitness: 1200.317426 	[9, 4, 0, 10, 12, 7, 2, 13, 3, 8, 0, 5, 11, 14, 0, 15, 1, 6, 0, 0, 1, 1, 1, 1, 0, 1, 1, 0, 1, 1, 0, 1, 1, 0]
Fitness: 1198.625593 	[3, 1, 0, 7, 8, 2, 12, 13, 15, 0, 4, 5, 0, 14, 6, 9, 10, 11, 0, 1, 0, 1, 0, 1, 0, 1, 1, 1, 1, 1, 0, 1, 1, 0]
Fitness: 1197.928752 	[3, 1, 6, 0, 9, 10, 4, 0, 13, 0, 2, 14, 11, 8, 5, 7, 12, 15, 0, 0, 1, 1, 0, 1, 1, 0, 1, 1, 1, 1, 0, 1, 1, 0]
Fitness: 1186.316120 	[5, 11, 14, 0, 15, 1, 6, 0, 9, 4, 0, 10, 12, 7, 2, 13, 3, 8, 0, 0, 1, 1, 1, 1, 0, 1, 1, 0, 1, 1, 0, 1, 1, 0]
Fitness: 1186.316120 	[5, 11, 14, 0, 15, 1, 6, 0, 9, 4, 0, 10, 12, 7, 2, 13, 3, 8, 0, 0, 1, 1, 1, 1, 0, 1, 1, 0, 1, 1, 0, 1, 1, 0]
Fitness: 1186.316120 	[5, 11, 14, 0, 15, 1, 6, 0, 9, 4, 0, 10, 12, 7, 2, 13, 3, 8, 0, 0, 1, 1, 1, 1, 0, 1, 1, 0, 1, 1, 0, 1, 1, 0]
Fitness: 1186.316120 	[5, 11, 14, 0, 15, 1, 6, 0, 9, 4, 0, 10, 12, 7, 2, 13, 3, 8, 0, 0, 1, 1, 1, 1, 0, 1, 1, 0, 1, 1, 0, 1, 1, 0]
Fitness: 1186.316120 	[5, 11, 14, 0, 15, 1, 6, 0, 9, 4, 0, 10, 12, 7, 2, 13, 3, 8, 0, 0, 1, 1, 1, 1, 0, 1, 1, 0, 1, 1, 0, 1, 1, 0]
Fitness: 1186.316120 	[5, 11, 14, 0, 10, 12, 7, 2, 13, 3, 8, 0, 9, 4, 0, 15, 1, 6, 0, 0, 1, 1, 1, 1, 0, 1, 1, 0, 1, 1, 0, 1, 1, 0]
Fitness: 1184.415765 	[14, 9, 11, 0, 7, 8, 2, 10, 12, 13, 15, 0, 3, 1, 6, 0, 5, 4, 0, 0, 1, 1, 1, 1, 0, 1, 1, 0, 1, 1, 0, 1, 1, 0]
Fitness: 1184.415765 	[14, 9, 11, 0, 7, 8, 2, 10, 12, 13, 15, 0, 3, 1, 6, 0, 5, 4, 0, 0, 1, 1, 1, 1, 0, 1, 1, 0, 1, 1, 0, 1, 1, 0]
Fitness: 1181.395653 	[9, 4, 14, 0, 10, 3, 7, 8, 11, 12, 13, 0, 15, 1, 6, 0, 2, 5, 0, 0, 1, 1, 1, 1, 0, 1, 1, 0, 1, 1, 0, 1, 1, 0]
Fitness: 1181.252562 	[9, 10, 4, 6, 0, 7, 8, 2, 12, 13, 15, 0, 3, 1, 0, 5, 14, 11, 0, 1, 0, 1, 0, 1, 0, 1, 1, 1, 1, 1, 0, 1, 1, 0]
Fitness: 1181.252562 	[9, 10, 4, 6, 0, 7, 8, 2, 12, 13, 15, 0, 3, 1, 0, 5, 14, 11, 0, 1, 0, 1, 0, 1, 0, 1, 1, 1, 1, 1, 0, 1, 1, 0]
Fitness: 1181.252562 	[9, 10, 4, 6, 0, 7, 8, 2, 12, 13, 15, 0, 3, 1, 0, 5, 14, 11, 0, 1, 0, 1, 0, 1, 0, 1, 1, 1, 1, 1, 0, 1, 1, 0]
Fitness: 1180.532948 	[3, 1, 6, 0, 13, 2, 0, 4, 9, 0, 8, 11, 12, 14, 15, 7, 10, 5, 0, 1, 0, 1, 1, 0, 1, 1, 1, 1, 0, 1, 1, 1, 0, 0]
Fitness: 1179.756213 	[3, 1, 7, 0, 15, 6, 11, 10, 0, 4, 13, 0, 12, 9, 5, 2, 8, 14, 0, 1, 0, 1, 1, 1, 0, 1, 0, 1, 1, 1, 1, 0, 1, 0]
Fitness: 1174.434935 	[11, 9, 14, 0, 6, 1, 0, 10, 2, 13, 3, 12, 0, 15, 8, 5, 4, 7, 0, 0, 1, 1, 1, 0, 1, 1, 1, 0, 1, 1, 0, 1, 1, 0]
Fitness: 1172.715523 	[15, 1, 6, 0, 5, 11, 14, 0, 9, 4, 0, 10, 12, 7, 2, 13, 3, 8, 0, 0, 1, 1, 1, 1, 0, 1, 1, 0, 1, 1, 0, 1, 1, 0]
Fitness: 1172.715523 	[15, 1, 6, 0, 9, 4, 0, 5, 11, 14, 0, 10, 12, 7, 2, 13, 3, 8, 0, 0, 1, 1, 1, 1, 0, 1, 1, 0, 1, 1, 0, 1, 1, 0]
Fitness: 1172.097819 	[3, 10, 15, 7, 0, 12, 9, 4, 2, 8, 14, 0, 5, 6, 0, 11, 13, 1, 0, 1, 0, 1, 0, 1, 1, 0, 1, 1, 1, 1, 0, 1, 1, 0]
Fitness: 1172.097819 	[3, 10, 15, 7, 0, 11, 13, 1, 0, 5, 6, 0, 12, 9, 4, 2, 8, 14, 0, 1, 0, 1, 0, 1, 1, 0, 1, 1, 1, 1, 0, 1, 1, 0]
Fitness: 1172.097819 	[3, 10, 15, 7, 0, 11, 13, 1, 0, 5, 6, 0, 12, 9, 4, 2, 8, 14, 0, 1, 0, 1, 0, 1, 1, 0, 1, 1, 1, 1, 0, 1, 1, 0]
Fitness: 1170.470112 	[15, 1, 6, 0, 10, 3, 7, 8, 11, 12, 13, 0, 2, 5, 14, 0, 9, 4, 0, 0, 1, 1, 1, 1, 0, 1, 1, 0, 1, 1, 0, 1, 1, 0]
Fitness: 1170.470112 	[15, 1, 6, 0, 9, 4, 0, 2, 5, 14, 0, 10, 3, 7, 8, 11, 12, 13, 0, 0, 1, 1, 1, 1, 0, 1, 1, 0, 1, 1, 0, 1, 1, 0]
Fitness: 1170.470112 	[15, 1, 6, 0, 9, 4, 0, 2, 5, 14, 0, 10, 3, 7, 8, 11, 12, 13, 0, 0, 1, 1, 1, 1, 0, 1, 1, 0, 1, 1, 0, 1, 1, 0]
Fitness: 1162.513431 	[13, 2, 0, 3, 1, 6, 0, 4, 9, 0, 8, 11, 12, 14, 15, 7, 10, 5, 0, 1, 0, 1, 1, 0, 1, 1, 1, 1, 0, 1, 1, 1, 0, 0]
Fitness: 1153.826578 	[3, 10, 15, 7, 0, 11, 13, 1, 0, 12, 9, 4, 2, 8, 14, 0, 5, 6, 0, 1, 0, 1, 0, 1, 1, 0, 1, 1, 1, 0, 1, 1, 1, 0]
Fitness: 1153.826578 	[3, 10, 15, 7, 0, 11, 13, 1, 0, 5, 6, 0, 12, 9, 4, 2, 8, 14, 0, 1, 0, 1, 0, 1, 1, 0, 1, 1, 1, 0, 1, 1, 1, 0]
Fitness: 1151.056355 	[14, 1, 11, 0, 9, 5, 0, 3, 2, 6, 0, 4, 15, 7, 8, 10, 12, 13, 0, 0, 1, 1, 0, 1, 1, 1, 1, 1, 0, 1, 1, 0, 1, 0]
Fitness: 1151.056355 	[3, 2, 6, 0, 9, 5, 0, 14, 1, 11, 0, 4, 15, 7, 8, 10, 12, 13, 0, 0, 1, 1, 0, 1, 1, 1, 1, 1, 0, 1, 1, 0, 1, 0]
Fitness: 1149.609895 	[11, 6, 1, 0, 15, 8, 5, 4, 7, 0, 9, 2, 12, 14, 10, 0, 13, 3, 0, 0, 1, 1, 1, 0, 1, 1, 1, 0, 1, 1, 0, 1, 1, 0]
Fitness: 1149.532474 	[1, 11, 6, 0, 9, 14, 0, 15, 8, 5, 4, 7, 0, 10, 2, 13, 3, 12, 0, 0, 1, 1, 1, 0, 1, 1, 1, 0, 1, 1, 0, 1, 1, 0]
Fitness: 1149.172766 	[3, 1, 6, 0, 11, 14, 0, 9, 4, 0, 7, 8, 2, 10, 12, 13, 15, 5, 0, 0, 1, 1, 0, 1, 1, 1, 1, 0, 1, 1, 0, 1, 1, 0]
Fitness: 1148.922274 	[9, 10, 4, 6, 0, 7, 8, 2, 12, 13, 15, 0, 5, 14, 11, 0, 3, 1, 0, 1, 0, 1, 0, 1, 0, 1, 1, 1, 1, 1, 0, 1, 1, 0]
Fitness: 1148.922274 	[9, 10, 4, 6, 0, 7, 8, 2, 12, 13, 15, 0, 5, 14, 11, 0, 3, 1, 0, 1, 0, 1, 0, 1, 0, 1, 1, 1, 1, 1, 0, 1, 1, 0]
Fitness: 1148.922274 	[9, 10, 4, 6, 0, 7, 8, 2, 12, 13, 15, 0, 5, 14, 11, 0, 3, 1, 0, 1, 0, 1, 0, 1, 0, 1, 1, 1, 1, 1, 0, 1, 1, 0]
Fitness: 1142.719476 	[15, 1, 6, 0, 10, 3, 7, 8, 11, 12, 13, 0, 2, 5, 14, 0, 9, 4, 0, 0, 1, 1, 1, 0, 1, 1, 1, 0, 1, 1, 0, 1, 1, 0]
Fitness: 1142.675338 	[4, 5, 0, 7, 8, 2, 12, 13, 15, 0, 3, 1, 0, 14, 6, 9, 10, 11, 0, 1, 0, 1, 0, 1, 0, 1, 1, 1, 1, 1, 0, 1, 1, 0]
Fitness: 1141.443445 	[4, 9, 14, 0, 12, 6, 13, 1, 0, 3, 0, 7, 5, 2, 8, 10, 11, 15, 0, 1, 0, 1, 1, 1, 0, 1, 1, 0, 1, 1, 0, 1, 1, 0]
Fitness: 1141.443445 	[4, 9, 14, 0, 12, 6, 13, 1, 0, 7, 5, 2, 8, 10, 11, 15, 0, 3, 0, 1, 0, 1, 1, 1, 0, 1, 1, 0, 1, 1, 0, 1, 1, 0]
Fitness: 1141.443445 	[4, 9, 14, 0, 12, 6, 13, 1, 0, 7, 5, 2, 8, 10, 11, 15, 0, 3, 0, 1, 0, 1, 1, 1, 0, 1, 1, 0, 1, 1, 0, 1, 1, 0]
Fitness: 1139.514840 	[11, 6, 1, 0, 15, 8, 5, 4, 7, 0, 10, 2, 13, 3, 12, 0, 14, 9, 0, 0, 1, 1, 1, 1, 0, 1, 1, 0, 1, 1, 0, 1, 1, 0]
Fitness: 1136.348573 	[5, 9, 1, 0, 14, 12, 13, 4, 0, 7, 15, 10, 11, 6, 0, 3, 8, 2, 0, 1, 0, 1, 1, 1, 1, 0, 1, 0, 1, 1, 0, 1, 1, 0]
Fitness: 1136.342957 	[13, 0, 9, 10, 4, 0, 3, 1, 6, 0, 2, 14, 11, 8, 5, 7, 12, 15, 0, 0, 1, 1, 0, 1, 1, 0, 1, 1, 1, 1, 0, 1, 1, 0]
Fitness: 1136.342957 	[13, 0, 9, 10, 4, 0, 3, 1, 6, 0, 2, 14, 11, 8, 5, 7, 12, 15, 0, 0, 1, 1, 0, 1, 1, 0, 1, 1, 1, 1, 0, 1, 1, 0]
Fitness: 1132.049841 	[12, 9, 4, 2, 8, 14, 0, 3, 10, 15, 7, 0, 5, 6, 0, 11, 13, 1, 0, 1, 0, 1, 0, 1, 1, 0, 1, 1, 1, 1, 0, 1, 1, 0]
Fitness: 1131.257807 	[1, 14, 5, 6, 0, 11, 15, 0, 10, 12, 7, 2, 13, 3, 8, 0, 9, 4, 0, 0, 1, 1, 1, 1, 0, 1, 1, 0, 1, 1, 0, 1, 1, 0]
Fitness: 1129.895531 	[15, 6, 11, 10, 0, 13, 8, 1, 14, 0, 2, 3, 9, 7, 12, 5, 0, 4, 0, 1, 0, 1, 1, 1, 0, 1, 0, 1, 0, 1, 1, 1, 1, 0]
Fitness: 1127.650360 	[9, 4, 0, 10, 12, 7, 2, 13, 3, 8, 0, 5, 11, 14, 1, 0, 6, 15, 0, 0, 1, 1, 1, 1, 0, 1, 1, 0, 1, 1, 0, 1, 1, 0]
Fitness: 1126.560590 	[4, 0, 1, 2, 3, 7, 15, 0, 11, 9, 10, 5, 12, 8, 0, 6, 14, 13, 0, 1, 0, 1, 1, 1, 1, 1, 1, 0, 1, 0, 1, 0, 1, 0]
Fitness: 1126.560590 	[4, 0, 6, 14, 13, 0, 11, 9, 10, 5, 12, 8, 0, 1, 2, 3, 7, 15, 0, 1, 0, 1, 1, 1, 1, 1, 1, 0, 1, 0, 1, 0, 1, 0]
Fitness: 1126.560590 	[4, 0, 6, 14, 13, 0, 11, 9, 10, 5, 12, 8, 0, 1, 2, 3, 7, 15, 0, 1, 0, 1, 1, 1, 1, 1, 1, 0, 1, 0, 1, 0, 1, 0]
Fitness: 1125.826350 	[4, 0, 11, 0, 9, 1, 3, 2, 0, 12, 15, 6, 5, 13, 8, 10, 7, 14, 0, 1, 0, 1, 1, 1, 1, 0, 1, 0, 1, 1, 1, 0, 1, 0]
Fitness: 1125.826350 	[4, 0, 11, 0, 9, 1, 3, 2, 0, 12, 15, 6, 5, 13, 8, 10, 7, 14, 0, 1, 0, 1, 1, 1, 1, 0, 1, 0, 1, 1, 1, 0, 1, 0]
Fitness: 1124.951891 	[15, 1, 6, 14, 0, 9, 4, 0, 5, 11, 0, 10, 12, 7, 2, 13, 3, 8, 0, 0, 1, 1, 1, 1, 0, 1, 1, 1, 0, 1, 0, 1, 1, 0]
Fitness: 1121.347041 	[10, 2, 13, 3, 12, 0, 11, 6, 1, 0, 15, 8, 5, 4, 7, 0, 14, 9, 0, 0, 1, 1, 1, 0, 1, 1, 1, 0, 1, 1, 0, 1, 1, 0]
Fitness: 1121.347041 	[10, 2, 13, 3, 12, 0, 11, 6, 1, 0, 15, 8, 5, 4, 7, 0, 14, 9, 0, 0, 1, 1, 1, 0, 1, 1, 1, 0, 1, 1, 0, 1, 1, 0]
Fitness: 1120.300480 	[14, 0, 15, 6, 11, 10, 13, 8, 1, 0, 2, 3, 9, 7, 12, 5, 0, 4, 0, 1, 0, 1, 1, 0, 1, 1, 0, 1, 0, 1, 1, 1, 1, 0]
Fitness: 1117.323175 	[11, 9, 14, 0, 15, 8, 5, 4, 7, 0, 10, 2, 13, 3, 12, 0, 6, 1, 0, 0, 1, 1, 1, 0, 1, 1, 1, 0, 1, 1, 0, 1, 1, 0]
Fitness: 1117.137920 	[5, 11, 14, 0, 15, 1, 6, 0, 3, 2, 7, 0, 8, 4, 9, 10, 12, 13, 0, 0, 1, 1, 1, 1, 0, 1, 1, 0, 1, 1, 0, 1, 1, 0]
Fitness: 1117.137920 	[5, 11, 14, 0, 15, 1, 6, 0, 3, 2, 7, 0, 8, 4, 9, 10, 12, 13, 0, 0, 1, 1, 1, 1, 0, 1, 1, 0, 1, 1, 0, 1, 1, 0]
Fitness: 1116.747819 	[11, 6, 1, 0, 15, 8, 5, 4, 7, 0, 10, 2, 13, 3, 12, 0, 14, 9, 0, 0, 1, 1, 1, 0, 1, 1, 1, 0, 1, 1, 0, 1, 1, 0]
Fitness: 1116.329468 	[11, 0, 9, 1, 3, 2, 0, 4, 0, 12, 15, 6, 5, 13, 8, 10, 7, 14, 0, 1, 0, 1, 1, 1, 0, 1, 0, 1, 1, 1, 1, 0, 1, 0]
Fitness: 1110.180995 	[4, 0, 2, 5, 9, 11, 0, 13, 6, 12, 7, 14, 0, 3, 15, 1, 10, 8, 0, 1, 0, 1, 1, 1, 1, 0, 1, 1, 1, 0, 1, 1, 0, 0]
Fitness: 1110.180995 	[4, 0, 2, 5, 9, 11, 0, 13, 6, 12, 7, 14, 0, 3, 15, 1, 10, 8, 0, 1, 0, 1, 1, 1, 1, 0, 1, 1, 1, 0, 1, 1, 0, 0]
Fitness: 1110.180995 	[4, 0, 2, 5, 9, 11, 0, 13, 6, 12, 7, 14, 0, 3, 15, 1, 10, 8, 0, 1, 0, 1, 1, 1, 1, 0, 1, 1, 1, 0, 1, 1, 0, 0]
Fitness: 1109.352913 	[14, 9, 0, 10, 12, 6, 2, 13, 3, 0, 1, 11, 0, 15, 8, 5, 4, 7, 0, 0, 1, 1, 1, 0, 1, 1, 1, 0, 1, 1, 0, 1, 1, 0]
Fitness: 1109.315321 	[12, 6, 1, 0, 15, 7, 5, 8, 11, 2, 0, 4, 9, 14, 0, 10, 3, 13, 0, 1, 0, 1, 1, 1, 0, 1, 0, 1, 1, 1, 0, 1, 1, 0]
Fitness: 1108.573033 	[8, 11, 12, 14, 15, 7, 0, 6, 1, 2, 5, 0, 4, 9, 10, 0, 13, 3, 0, 1, 1, 0, 1, 0, 1, 1, 0, 1, 0, 1, 1, 1, 1, 0]
Fitness: 1200.317426 	[9, 4, 0, 10, 12, 7, 2, 13, 3, 8, 0, 5, 11, 14, 0, 15, 1, 6, 0, 0, 1, 1, 1, 0, 1, 1, 1, 0, 1, 1, 0, 1, 1, 0]
Fitness: 1142.719476 	[15, 1, 6, 0, 10, 3, 7, 8, 11, 12, 13, 0, 2, 5, 14, 0, 9, 4, 0, 0, 1, 1, 1, 0, 1, 1, 1, 0, 1, 1, 0, 1, 1, 0]
Fitness: 1200.317426 	[10, 12, 7, 2, 13, 3, 8, 0, 15, 1, 6, 0, 11, 5, 14, 0, 9, 4, 0, 0, 1, 1, 1, 1, 0, 1, 1, 0, 1, 1, 0, 1, 1, 0]
Fitness: 1153.826578 	[3, 10, 15, 7, 0, 11, 13, 1, 0, 12, 9, 4, 2, 8, 14, 0, 5, 6, 0, 1, 0, 1, 0, 1, 1, 0, 1, 1, 1, 0, 1, 1, 1, 0]
Fitness: 1181.252562 	[9, 10, 4, 6, 0, 7, 8, 2, 12, 13, 15, 0, 3, 1, 0, 5, 14, 11, 0, 1, 0, 1, 0, 1, 0, 1, 1, 1, 1, 1, 0, 1, 1, 0]
Fitness: 1153.826578 	[3, 10, 5, 6, 0, 7, 15, 0, 11, 13, 1, 0, 12, 9, 4, 2, 8, 14, 0, 1, 0, 1, 0, 1, 1, 0, 1, 1, 1, 0, 1, 1, 1, 0]
Fitness: 1129.895531 	[15, 6, 11, 10, 0, 13, 8, 1, 14, 0, 2, 3, 9, 7, 12, 5, 0, 4, 0, 1, 0, 1, 1, 1, 0, 1, 0, 1, 0, 1, 1, 1, 1, 0]
Fitness: 1142.675338 	[4, 5, 0, 7, 8, 2, 12, 13, 15, 0, 3, 1, 0, 14, 6, 9, 10, 11, 0, 1, 0, 1, 0, 1, 0, 1, 1, 1, 1, 1, 0, 1, 1, 0]
Fitness: 1129.895531 	[1, 6, 0, 10, 8, 11, 14, 13, 15, 0, 2, 3, 9, 7, 12, 5, 0, 4, 0, 1, 0, 1, 1, 1, 0, 1, 0, 1, 0, 1, 1, 1, 1, 0]
Fitness: 1139.514840 	[11, 6, 1, 0, 15, 8, 5, 4, 7, 0, 10, 2, 13, 3, 12, 0, 14, 9, 0, 0, 1, 1, 0, 1, 1, 1, 1, 0, 1, 1, 0, 1, 1, 0]
Fitness: 1203.073280 	[2, 7, 10, 9, 0, 11, 13, 1, 0, 5, 6, 0, 15, 3, 4, 8, 12, 14, 0, 1, 0, 1, 0, 1, 1, 0, 1, 1, 1, 1, 0, 1, 1, 0]
Fitness: 1139.514840 	[14, 9, 0, 11, 6, 1, 0, 5, 2, 0, 15, 3, 4, 8, 12, 10, 13, 7, 0, 0, 1, 1, 1, 1, 0, 1, 1, 0, 1, 1, 0, 1, 1, 0]
Fitness: 1172.097819 	[3, 10, 15, 7, 0, 12, 9, 4, 2, 8, 14, 0, 5, 6, 0, 11, 13, 1, 0, 1, 0, 1, 0, 1, 1, 0, 1, 1, 1, 1, 0, 1, 1, 0]
Fitness: 1200.317426 	[9, 4, 0, 5, 11, 14, 0, 10, 12, 7, 2, 13, 3, 8, 0, 15, 1, 6, 0, 0, 1, 1, 1, 1, 0, 1, 1, 0, 1, 1, 0, 1, 1, 0]
Fitness: 1172.097819 	[13, 11, 0, 3, 10, 15, 7, 0, 12, 9, 4, 2, 8, 14, 0, 5, 1, 6, 0, 1, 0, 1, 0, 1, 1, 0, 1, 1, 1, 1, 0, 1, 1, 0]
Fitness: 1136.348573 	[5, 9, 1, 0, 14, 12, 13, 4, 0, 7, 15, 10, 11, 6, 0, 3, 8, 2, 0, 1, 0, 1, 1, 1, 1, 0, 1, 0, 1, 1, 0, 1, 1, 0]
Fitness: 1186.316120 	[5, 11, 14, 0, 15, 1, 6, 0, 9, 4, 0, 10, 12, 7, 2, 13, 3, 8, 0, 0, 1, 1, 1, 1, 0, 1, 1, 0, 1, 1, 0, 1, 1, 0]
Fitness: 1136.348573 	[5, 1, 14, 0, 7, 15, 10, 11, 6, 0, 3, 8, 2, 0, 4, 12, 9, 13, 0, 1, 0, 1, 1, 1, 1, 0, 1, 0, 1, 1, 0, 1, 1, 0]
Fitness: 1125.826350 	[4, 0, 11, 0, 9, 1, 3, 2, 0, 12, 15, 6, 5, 13, 8, 10, 7, 14, 0, 1, 0, 1, 1, 1, 0, 1, 1, 0, 1, 1, 1, 0, 1, 0]
Fitness: 1170.470112 	[15, 1, 6, 0, 9, 4, 0, 2, 5, 14, 0, 10, 3, 7, 8, 11, 12, 13, 0, 0, 1, 1, 1, 1, 0, 1, 1, 0, 1, 1, 0, 1, 1, 0]
Fitness: 1125.826350 	[9, 1, 3, 2, 0, 4, 0, 6, 5, 14, 0, 10, 15, 7, 8, 11, 12, 13, 0, 1, 0, 1, 1, 1, 1, 0, 1, 0, 1, 1, 1, 0, 1, 0]
Fitness: 1174.434935 	[11, 9, 14, 0, 6, 1, 0, 10, 2, 13, 3, 12, 0, 15, 8, 5, 4, 7, 0, 0, 1, 1, 1, 1, 0, 1, 1, 0, 1, 1, 0, 1, 1, 0]
Fitness: 1170.470112 	[15, 1, 6, 0, 9, 4, 0, 2, 5, 14, 0, 10, 3, 7, 8, 11, 12, 13, 0, 0, 1, 1, 1, 1, 0, 1, 1, 0, 1, 1, 0, 1, 1, 0]
Fitness: 1174.434935 	[2, 1, 6, 0, 3, 10, 0, 15, 8, 5, 4, 7, 0, 11, 9, 14, 12, 13, 0, 0, 1, 1, 1, 0, 1, 1, 1, 0, 1, 1, 0, 1, 1, 0]
Fitness: 1108.573033 	[9, 10, 4, 6, 0, 13, 3, 0, 8, 11, 12, 14, 15, 7, 0, 2, 1, 5, 0, 1, 1, 0, 1, 0, 1, 1, 0, 1, 0, 1, 1, 1, 1, 0]
Fitness: 1186.316120 	[5, 11, 14, 0, 15, 1, 6, 0, 9, 4, 0, 10, 12, 7, 2, 13, 3, 8, 0, 0, 1, 1, 1, 1, 0, 1, 1, 0, 1, 1, 0, 1, 1, 0]
Fitness: 1148.922274 	[9, 10, 4, 6, 0, 7, 8, 2, 12, 13, 15, 0, 5, 14, 11, 0, 3, 1, 0, 1, 0, 1, 0, 1, 0, 1, 1, 1, 1, 1, 0, 1, 1, 0]
Fitness: 1186.316120 	[9, 11, 4, 5, 0, 10, 12, 7, 2, 13, 3, 8, 0, 15, 1, 6, 0, 14, 0, 0, 1, 1, 1, 1, 0, 1, 1, 0, 1, 1, 0, 1, 1, 0]
Fitness: 1200.317426 	[9, 4, 0, 15, 1, 6, 0, 5, 11, 14, 0, 10, 12, 7, 2, 13, 3, 8, 0, 0, 1, 1, 1, 1, 0, 1, 1, 0, 1, 1, 0, 1, 1, 0]
Fitness: 1181.252562 	[9, 10, 4, 6, 0, 7, 8, 2, 12, 13, 15, 0, 3, 1, 0, 5, 14, 11, 0, 1, 0, 1, 0, 1, 0, 1, 1, 1, 1, 1, 0, 1, 1, 0]
Fitness: 1200.317426 	[1, 15, 6, 0, 10, 12, 7, 2, 13, 3, 8, 0, 9, 4, 0, 5, 14, 11, 0, 0, 1, 1, 1, 1, 0, 1, 1, 0, 1, 1, 0, 1, 1, 0]
Fitness: 1121.347041 	[14, 9, 0, 15, 8, 5, 4, 7, 0, 13, 6, 12, 2, 11, 0, 3, 1, 10, 0, 0, 1, 1, 1, 0, 1, 1, 1, 0, 1, 1, 0, 1, 1, 0]
Fitness: 1216.462543 	[1, 0, 4, 0, 11, 9, 10, 5, 12, 8, 0, 3, 6, 7, 2, 14, 13, 15, 0, 1, 0, 1, 1, 1, 1, 0, 1, 1, 1, 0, 1, 0, 1, 0]
Fitness: 1110.180995 	[4, 0, 2, 5, 9, 11, 0, 13, 6, 12, 7, 14, 0, 3, 15, 1, 10, 8, 0, 1, 0, 1, 1, 1, 1, 0, 1, 1, 1, 0, 1, 1, 0, 0]
Fitness: 1216.462543 	[11, 9, 10, 5, 12, 8, 0, 1, 0, 13, 6, 2, 7, 14, 0, 3, 15, 4, 0, 1, 0, 1, 1, 1, 0, 1, 1, 1, 1, 0, 1, 0, 1, 0]
Fitness: 1200.317426 	[9, 4, 0, 10, 12, 7, 2, 13, 3, 8, 0, 5, 11, 14, 0, 15, 1, 6, 0, 0, 1, 1, 1, 1, 0, 1, 1, 0, 1, 1, 0, 1, 1, 0]
Fitness: 1184.415765 	[14, 9, 11, 0, 7, 8, 2, 10, 12, 13, 15, 0, 3, 1, 6, 0, 5, 4, 0, 0, 1, 1, 1, 1, 0, 1, 1, 0, 1, 1, 0, 1, 1, 0]
Fitness: 1200.317426 	[14, 1, 11, 0, 9, 4, 0, 10, 12, 7, 2, 13, 3, 8, 0, 5, 6, 15, 0, 0, 1, 1, 1, 1, 0, 1, 1, 0, 1, 1, 0, 1, 1, 0]
Fitness: 1259.096965 	[1, 0, 9, 6, 4, 0, 5, 11, 14, 0, 10, 12, 7, 2, 13, 3, 8, 15, 0, 0, 1, 1, 1, 1, 0, 1, 1, 0, 1, 1, 0, 1, 1, 0]
Fitness: 1117.323175 	[11, 9, 14, 0, 15, 8, 5, 4, 7, 0, 10, 2, 13, 3, 12, 0, 6, 1, 0, 0, 1, 1, 1, 0, 1, 1, 1, 0, 1, 1, 0, 1, 1, 0]
Fitness: 1259.096965 	[4, 9, 0, 5, 11, 14, 0, 10, 12, 7, 2, 13, 3, 8, 15, 0, 6, 1, 0, 0, 1, 1, 1, 1, 0, 1, 1, 0, 1, 1, 0, 1, 1, 0]
Fitness: 1153.826578 	[3, 10, 15, 7, 0, 11, 13, 1, 0, 5, 6, 0, 12, 9, 4, 2, 8, 14, 0, 1, 0, 1, 1, 0, 1, 1, 1, 1, 0, 1, 1, 1, 0, 0]
Fitness: 1162.513431 	[13, 2, 0, 3, 1, 6, 0, 4, 9, 0, 8, 11, 12, 14, 15, 7, 10, 5, 0, 1, 0, 1, 1, 0, 1, 1, 1, 1, 0, 1, 1, 1, 0, 0]
Fitness: 1153.826578 	[3, 6, 0, 12, 9, 4, 2, 8, 14, 0, 11, 13, 1, 0, 15, 7, 10, 5, 0, 1, 0, 1, 0, 1, 1, 0, 1, 1, 1, 0, 1, 1, 1, 0]
Fitness: 1149.532474 	[1, 11, 6, 0, 9, 14, 0, 15, 8, 5, 4, 7, 0, 10, 2, 13, 3, 12, 0, 0, 1, 1, 1, 0, 1, 1, 1, 0, 1, 1, 0, 1, 1, 0]
Fitness: 1200.317426 	[9, 4, 0, 10, 12, 7, 2, 13, 3, 8, 0, 5, 11, 14, 0, 15, 1, 6, 0, 0, 1, 1, 1, 1, 0, 1, 1, 0, 1, 1, 0, 1, 1, 0]
Fitness: 1149.532474 	[5, 4, 0, 10, 12, 7, 2, 13, 3, 8, 0, 9, 14, 0, 1, 11, 6, 15, 0, 0, 1, 1, 1, 0, 1, 1, 1, 0, 1, 1, 0, 1, 1, 0]
Fitness: 1126.560590 	[4, 0, 1, 2, 3, 7, 15, 0, 11, 9, 10, 5, 12, 8, 0, 6, 14, 13, 0, 1, 0, 1, 1, 1, 0, 1, 0, 1, 1, 1, 1, 0, 1, 0]
Fitness: 1223.360590 	[2, 5, 1, 0, 9, 3, 0, 4, 0, 11, 6, 7, 8, 10, 12, 13, 14, 15, 0, 1, 0, 1, 1, 1, 0, 1, 0, 1, 1, 1, 1, 0, 1, 0]
Fitness: 1126.560590 	[2, 5, 1, 0, 9, 3, 0, 6, 14, 13, 0, 4, 7, 8, 10, 11, 12, 15, 0, 1, 0, 1, 1, 1, 1, 1, 1, 0, 1, 0, 1, 0, 1, 0]
Fitness: 1126.560590 	[4, 0, 6, 14, 13, 0, 11, 9, 10, 5, 12, 8, 0, 1, 2, 3, 7, 15, 0, 1, 0, 1, 1, 1, 1, 1, 1, 0, 1, 0, 1, 0, 1, 0]
Fitness: 1224.388568 	[4, 0, 6, 14, 13, 0, 11, 9, 10, 5, 12, 8, 0, 1, 2, 3, 7, 15, 0, 1, 0, 1, 1, 1, 0, 1, 1, 1, 1, 0, 1, 0, 1, 0]
Fitness: 1126.560590 	[4, 0, 1, 2, 3, 7, 15, 0, 6, 14, 13, 0, 5, 8, 9, 10, 11, 12, 0, 1, 0, 1, 1, 1, 1, 1, 1, 0, 1, 0, 1, 0, 1, 0]
Fitness: 1200.317426 	[9, 4, 0, 15, 1, 6, 0, 5, 11, 14, 0, 10, 12, 7, 2, 13, 3, 8, 0, 0, 1, 1, 1, 1, 0, 1, 1, 0, 1, 1, 0, 1, 1, 0]
Fitness: 1127.650360 	[9, 4, 0, 10, 12, 7, 2, 13, 3, 8, 0, 5, 11, 14, 1, 0, 6, 15, 0, 0, 1, 1, 1, 1, 0, 1, 1, 0, 1, 1, 0, 1, 1, 0]
Fitness: 1200.317426 	[1, 11, 0, 9, 4, 0, 10, 12, 7, 2, 13, 3, 8, 0, 6, 15, 5, 14, 0, 0, 1, 1, 1, 1, 0, 1, 1, 0, 1, 1, 0, 1, 1, 0]
Fitness: 1218.004049 	[1, 6, 0, 9, 4, 0, 5, 11, 14, 10, 3, 0, 7, 8, 2, 12, 13, 15, 0, 1, 0, 1, 1, 1, 0, 1, 1, 0, 1, 1, 0, 1, 1, 0]
Fitness: 1141.443445 	[4, 9, 14, 0, 12, 6, 13, 1, 0, 3, 0, 7, 5, 2, 8, 10, 11, 15, 0, 1, 0, 1, 1, 1, 0, 1, 1, 0, 1, 1, 0, 1, 1, 0]
Fitness: 1218.004049 	[3, 12, 14, 0, 1, 6, 0, 9, 4, 0, 7, 5, 2, 8, 10, 11, 15, 13, 0, 1, 0, 1, 1, 1, 0, 1, 1, 0, 1, 1, 0, 1, 1, 0]
Fitness: 1186.316120 	[5, 11, 14, 0, 15, 1, 6, 0, 9, 4, 0, 10, 12, 7, 2, 13, 3, 8, 0, 0, 1, 1, 1, 1, 0, 1, 1, 0, 1, 1, 0, 1, 1, 0]
Fitness: 1136.342957 	[13, 0, 9, 10, 4, 0, 3, 1, 6, 0, 2, 14, 11, 8, 5, 7, 12, 15, 0, 0, 1, 1, 0, 1, 1, 0, 1, 1, 1, 1, 0, 1, 1, 0]
Fitness: 1186.316120 	[15, 1, 6, 0, 10, 12, 7, 2, 13, 3, 8, 0, 9, 4, 0, 14, 11, 5, 0, 0, 1, 1, 1, 1, 0, 1, 1, 0, 1, 1, 0, 1, 1, 0]
Fitness: 1109.315321 	[1, 5, 0, 6, 12, 7, 2, 11, 15, 8, 0, 4, 9, 14, 0, 10, 3, 13, 0, 1, 0, 1, 1, 1, 0, 1, 0, 1, 1, 1, 0, 1, 1, 0]
Fitness: 1200.317426 	[9, 4, 0, 15, 1, 6, 0, 5, 11, 14, 0, 10, 12, 7, 2, 13, 3, 8, 0, 1, 0, 1, 1, 1, 0, 1, 1, 0, 1, 1, 0, 1, 1, 0]
Fitness: 1172.097819 	[3, 10, 15, 7, 0, 11, 13, 1, 0, 5, 6, 0, 12, 9, 4, 2, 8, 14, 0, 1, 0, 1, 0, 1, 1, 0, 1, 1, 1, 1, 0, 1, 1, 0]
Fitness: 1200.317426 	[10, 12, 7, 2, 13, 3, 8, 0, 9, 4, 0, 5, 6, 0, 1, 11, 15, 14, 0, 0, 1, 1, 1, 1, 0, 1, 1, 0, 1, 1, 0, 1, 1, 0]
Fitness: 1149.609895 	[11, 6, 1, 0, 15, 8, 5, 4, 7, 0, 9, 2, 12, 14, 10, 0, 13, 3, 0, 0, 1, 1, 1, 0, 1, 1, 1, 0, 1, 1, 0, 1, 1, 0]
Fitness: 1200.317426 	[9, 4, 0, 10, 12, 7, 2, 13, 3, 8, 0, 5, 11, 14, 0, 15, 1, 6, 0, 0, 1, 1, 1, 1, 0, 1, 1, 0, 1, 1, 0, 1, 1, 0]
Fitness: 1149.609895 	[8, 4, 0, 9, 2, 12, 14, 10, 0, 13, 3, 0, 15, 1, 6, 11, 5, 7, 0, 0, 1, 1, 1, 0, 1, 1, 1, 0, 1, 1, 0, 1, 1, 0]
Fitness: 1223.360590 	[2, 5, 1, 9, 0, 3, 0, 4, 0, 11, 6, 7, 8, 10, 12, 13, 14, 15, 0, 1, 0, 1, 1, 1, 1, 1, 0, 1, 1, 1, 0, 0, 1, 0]
Fitness: 1181.252562 	[9, 10, 6, 0, 7, 8, 2, 12, 13, 15, 4, 0, 3, 1, 0, 5, 14, 11, 0, 1, 0, 1, 0, 1, 1, 1, 1, 1, 0, 1, 0, 1, 1, 0]
Fitness: 1153.826578 	[3, 6, 0, 12, 9, 4, 2, 8, 14, 10, 0, 11, 13, 1, 0, 15, 7, 5, 0, 1, 0, 1, 0, 1, 1, 0, 1, 1, 1, 1, 0, 1, 1, 0]
Fitness: 1259.096965 	[1, 0, 9, 6, 4, 0, 5, 11, 14, 12, 0, 10, 7, 2, 13, 3, 8, 15, 0, 0, 1, 0, 1, 1, 0, 1, 1, 0, 1, 1, 1, 1, 1, 0]
Fitness: 1172.715523 	[15, 1, 6, 0, 5, 11, 14, 0, 4, 0, 10, 12, 7, 2, 13, 3, 8, 9, 0, 0, 1, 1, 1, 0, 0, 1, 1, 0, 1, 1, 1, 1, 1, 0]
Fitness: 1136.348573 	[5, 9, 1, 6, 0, 14, 12, 13, 4, 0, 7, 15, 10, 11, 0, 3, 8, 2, 0, 1, 0, 1, 1, 1, 1, 0, 1, 1, 0, 1, 0, 1, 1, 0]
Fitness: 1149.532474 	[1, 6, 0, 9, 14, 11, 0, 15, 8, 5, 4, 7, 0, 10, 2, 13, 3, 12, 0, 0, 1, 1, 1, 0, 1, 1, 1, 0, 1, 1, 1, 1, 0, 0]
Fitness: 1259.096965 	[1, 11, 0, 9, 6, 4, 0, 5, 14, 0, 10, 12, 7, 2, 13, 3, 8, 15, 0, 0, 1, 1, 1, 1, 1, 1, 1, 0, 1, 0, 0, 1, 1, 0]
Fitness: 1117.137920 	[5, 11, 14, 0, 15, 1, 6, 9, 0, 3, 2, 7, 0, 8, 4, 10, 12, 13, 0, 0, 1, 1, 0, 1, 0, 1, 1, 0, 1, 1, 1, 1, 1, 0]
Fitness: 1186.316120 	[5, 11, 14, 0, 15, 1, 6, 0, 9, 4, 3, 0, 10, 12, 7, 2, 13, 8, 0, 0, 1, 1, 1, 1, 0, 1, 1, 1, 1, 1, 0, 1, 0, 0]
Fitness: 1121.347041 	[14, 0, 15, 8, 5, 4, 7, 0, 13, 6, 12, 2, 11, 9, 0, 3, 1, 10, 0, 0, 1, 0, 1, 0, 1, 1, 1, 0, 1, 1, 1, 1, 1, 0]
Fitness: 1174.434935 	[2, 1, 6, 0, 3, 10, 14, 0, 15, 8, 5, 4, 7, 0, 11, 9, 12, 13, 0, 0, 0, 1, 1, 1, 1, 1, 1, 0, 1, 1, 0, 1, 1, 0]
Fitness: 1200.317426 	[9, 4, 5, 0, 15, 1, 6, 0, 11, 14, 0, 10, 12, 7, 2, 13, 3, 8, 0, 0, 1, 0, 1, 1, 0, 1, 1, 0, 1, 1, 1, 1, 1, 0]
Fitness: 1172.097819 	[3, 10, 15, 7, 0, 12, 9, 4, 2, 8, 14, 5, 0, 6, 0, 11, 13, 1, 0, 1, 0, 1, 1, 1, 1, 0, 1, 0, 1, 1, 0, 1, 1, 0]
Fitness: 1218.004049 	[6, 0, 9, 4, 0, 5, 11, 14, 10, 3, 0, 7, 8, 2, 12, 13, 15, 1, 0, 1, 0, 1, 1, 1, 1, 1, 1, 0, 1, 0, 0, 1, 1, 0]
Fitness: 1108.573033 	[8, 11, 12, 14, 15, 7, 13, 0, 6, 1, 2, 5, 0, 4, 9, 10, 0, 3, 0, 1, 1, 0, 0, 1, 1, 1, 0, 1, 0, 1, 1, 1, 1, 0]
Fitness: 1109.315321 	[12, 6, 1, 15, 0, 7, 5, 8, 11, 2, 0, 4, 9, 14, 0, 10, 3, 13, 0, 1, 0, 1, 1, 1, 1, 0, 0, 1, 1, 1, 0, 1, 1, 0]
Fitness: 1170.470112 	[15, 1, 0, 9, 4, 6, 0, 2, 5, 14, 0, 10, 3, 7, 8, 11, 12, 13, 0, 1, 1, 1, 1, 1, 0, 1, 0, 0, 1, 1, 0, 1, 1, 0]
Fitness: 1153.826578 	[3, 10, 15, 7, 0, 11, 13, 1, 14, 0, 12, 9, 4, 2, 8, 0, 5, 6, 0, 1, 0, 1, 0, 1, 0, 1, 1, 1, 1, 0, 1, 1, 1, 0]
Fitness: 1153.826578 	[10, 15, 7, 0, 11, 13, 1, 0, 5, 6, 0, 12, 9, 4, 2, 8, 14, 3, 0, 1, 0, 1, 1, 1, 1, 0, 1, 1, 1, 0, 1, 0, 1, 0]
Fitness: 1203.073280 	[2, 7, 10, 9, 4, 0, 11, 13, 1, 0, 5, 6, 0, 15, 3, 8, 12, 14, 0, 1, 0, 1, 0, 1, 1, 0, 1, 1, 1, 1, 1, 0, 1, 0]
Fitness: 1124.951891 	[15, 1, 14, 0, 9, 4, 0, 5, 11, 0, 10, 12, 7, 2, 13, 3, 8, 6, 0, 0, 1, 1, 1, 1, 0, 1, 1, 1, 1, 1, 0, 1, 0, 0]
Fitness: 1200.317426 	[9, 4, 0, 10, 12, 2, 13, 3, 8, 0, 5, 11, 14, 0, 15, 1, 6, 7, 0, 1, 1, 1, 1, 1, 0, 1, 1, 0, 1, 0, 0, 1, 1, 0]
Fitness: 1263.164821 	[1, 5, 0, 10, 12, 7, 2, 13, 3, 0, 9, 4, 8, 0, 6, 11, 14, 15, 0, 0, 1, 1, 0, 1, 0, 1, 1, 1, 1, 1, 0, 1, 1, 0]
Fitness: 1129.895531 	[15, 6, 11, 10, 0, 13, 8, 14, 0, 2, 3, 9, 7, 12, 5, 0, 4, 1, 0, 1, 0, 0, 1, 1, 0, 1, 1, 1, 0, 1, 1, 1, 1, 0]
Fitness: 1129.895531 	[15, 6, 11, 10, 0, 13, 8, 1, 14, 0, 7, 12, 5, 4, 0, 2, 3, 9, 0, 1, 1, 0, 1, 1, 0, 1, 0, 1, 0, 1, 1, 1, 1, 0]
Fitness: 1126.560590 	[11, 9, 10, 0, 6, 14, 13, 4, 0, 5, 12, 8, 0, 1, 2, 3, 7, 15, 0, 1, 0, 1, 1, 1, 1, 1, 1, 0, 1, 1, 1, 0, 0, 0]
Fitness: 1200.317426 	[9, 4, 0, 1, 6, 0, 5, 11, 14, 0, 10, 12, 7, 2, 13, 3, 8, 15, 0, 1, 1, 1, 1, 1, 0, 0, 1, 0, 1, 1, 0, 1, 1, 0]
Fitness: 1141.443445 	[4, 9, 14, 0, 12, 6, 13, 1, 0, 7, 5, 2, 8, 0, 10, 11, 15, 3, 0, 0, 0, 1, 1, 1, 0, 1, 1, 0, 1, 1, 1, 1, 1, 0]
Fitness: 1116.329468 	[12, 15, 6, 5, 0, 9, 1, 3, 2, 0, 4, 11, 0, 13, 8, 10, 7, 14, 0, 1, 0, 1, 1, 1, 0, 1, 1, 0, 1, 1, 1, 0, 1, 0]
Fitness: 1127.650360 	[9, 4, 0, 10, 12, 7, 2, 13, 3, 8, 6, 0, 5, 11, 14, 1, 0, 15, 0, 0, 1, 1, 1, 1, 0, 1, 1, 0, 1, 1, 1, 0, 1, 0]
Fitness: 1181.395653 	[9, 4, 14, 0, 10, 3, 7, 8, 11, 12, 13, 5, 0, 15, 1, 6, 0, 2, 0, 1, 1, 1, 1, 1, 0, 1, 0, 0, 1, 1, 0, 1, 1, 0]
Fitness: 1198.625593 	[3, 1, 0, 7, 8, 2, 12, 13, 15, 14, 0, 4, 5, 0, 6, 9, 10, 11, 0, 1, 1, 1, 0, 1, 0, 1, 0, 1, 1, 1, 0, 1, 1, 0]
Fitness: 1172.097819 	[13, 11, 0, 3, 15, 7, 0, 12, 9, 4, 2, 8, 14, 0, 5, 1, 6, 10, 0, 1, 0, 1, 1, 1, 1, 0, 1, 1, 0, 1, 0, 1, 1, 0]
Fitness: 1172.715523 	[15, 1, 0, 9, 4, 0, 5, 11, 14, 6, 0, 10, 12, 7, 2, 13, 3, 8, 0, 0, 1, 1, 1, 1, 0, 0, 1, 1, 1, 1, 0, 1, 1, 0]
Fitness: 1149.532474 	[1, 11, 6, 0, 14, 0, 15, 8, 5, 4, 7, 9, 0, 10, 2, 13, 3, 12, 0, 0, 0, 1, 1, 1, 1, 1, 1, 0, 1, 1, 0, 1, 1, 0]
Fitness: 1125.826350 	[12, 15, 6, 5, 13, 0, 11, 0, 9, 1, 3, 2, 0, 8, 10, 7, 14, 4, 0, 1, 1, 0, 1, 1, 0, 1, 1, 0, 1, 1, 1, 0, 1, 0]
Fitness: 1259.096965 	[4, 9, 7, 0, 5, 11, 14, 0, 10, 12, 2, 13, 3, 8, 15, 0, 6, 1, 0, 0, 1, 1, 1, 1, 0, 1, 1, 1, 0, 1, 0, 1, 1, 0]
Fitness: 1197.928752 	[3, 1, 6, 4, 0, 9, 10, 0, 13, 0, 2, 14, 11, 8, 5, 7, 12, 15, 0, 1, 1, 1, 0, 1, 1, 0, 1, 1, 1, 1, 0, 0, 1, 0]
Fitness: 1181.252562 	[9, 10, 4, 6, 0, 7, 8, 2, 12, 15, 0, 3, 1, 0, 5, 14, 11, 13, 0, 1, 0, 1, 0, 1, 1, 1, 1, 0, 1, 1, 0, 1, 1, 0]
Fitness: 1153.826578 	[3, 10, 15, 7, 0, 11, 13, 1, 0, 9, 4, 2, 8, 14, 0, 5, 6, 12, 0, 1, 0, 1, 0, 0, 1, 0, 1, 1, 1, 1, 1, 1, 1, 0]
Fitness: 1126.560590 	[11, 9, 10, 0, 6, 14, 13, 4, 0, 5, 12, 8, 0, 1, 2, 3, 7, 15, 0, 1, 0, 1, 1, 1, 1, 1, 1, 0, 0, 1, 1, 0, 1, 0]
Fitness: 1186.316120 	[5, 14, 0, 15, 1, 6, 0, 9, 4, 0, 10, 12, 7, 2, 13, 3, 8, 11, 0, 0, 1, 1, 1, 1, 0, 1, 0, 0, 1, 1, 1, 1, 1, 0]
Fitness: 1148.922274 	[9, 10, 4, 6, 0, 7, 2, 12, 13, 15, 0, 5, 14, 11, 8, 0, 3, 1, 0, 0, 1, 1, 0, 1, 0, 1, 1, 1, 1, 1, 0, 1, 1, 0]
Fitness: 1141.443445 	[4, 9, 14, 0, 12, 6, 13, 1, 8, 0, 7, 5, 2, 10, 11, 15, 0, 3, 0, 1, 0, 1, 1, 1, 0, 1, 1, 0, 0, 1, 1, 1, 1, 0]
Fitness: 1108.573033 	[9, 10, 4, 6, 0, 13, 3, 0, 8, 11, 12, 14, 15, 7, 2, 0, 1, 5, 0, 1, 1, 0, 1, 0, 1, 1, 1, 1, 0, 1, 0, 1, 1, 0]
Fitness: 1149.172766 	[3, 1, 6, 2, 0, 11, 14, 0, 9, 4, 0, 7, 8, 10, 12, 13, 15, 5, 0, 1, 1, 1, 0, 1, 1, 1, 1, 0, 1, 0, 0, 1, 1, 0]
Fitness: 1200.317426 	[9, 4, 7, 0, 15, 1, 6, 0, 5, 11, 14, 0, 10, 12, 2, 13, 3, 8, 0, 0, 1, 1, 1, 1, 0, 1, 1, 0, 1, 1, 1, 0, 1, 0]
Fitness: 1151.056355 	[3, 2, 6, 0, 9, 5, 13, 0, 14, 1, 11, 0, 4, 15, 7, 8, 10, 12, 0, 0, 1, 1, 0, 1, 1, 0, 1, 1, 1, 1, 1, 0, 1, 0]
Fitness: 1110.180995 	[4, 0, 2, 5, 9, 11, 0, 13, 6, 12, 7, 14, 15, 0, 3, 1, 10, 8, 0, 1, 0, 1, 1, 1, 1, 1, 1, 1, 0, 0, 1, 1, 0, 0]
Fitness: 1151.056355 	[14, 1, 11, 0, 3, 2, 6, 0, 9, 5, 0, 4, 15, 7, 8, 10, 12, 13, 0, 0, 1, 1, 0, 1, 1, 1, 1, 1, 0, 1, 1, 0, 1, 0]
Fitness: 1200.317426 	[9, 4, 0, 15, 1, 6, 0, 5, 11, 14, 0, 10, 12, 7, 2, 13, 3, 8, 0, 0, 1, 1, 1, 1, 0, 1, 1, 0, 1, 1, 0, 1, 1, 0]
Fitness: 1200.317426 	[10, 12, 7, 2, 13, 3, 8, 0, 15, 1, 6, 0, 9, 4, 0, 5, 11, 14, 0, 0, 1, 1, 1, 1, 0, 1, 1, 0, 1, 1, 0, 1, 1, 0]
Fitness: 1108.573033 	[9, 10, 4, 6, 0, 8, 11, 12, 14, 15, 7, 0, 13, 3, 0, 2, 1, 5, 0, 1, 1, 0, 1, 0, 1, 1, 0, 1, 0, 1, 1, 1, 1, 0]
Fitness: 1181.252562 	[9, 10, 4, 6, 0, 5, 14, 11, 0, 3, 1, 0, 7, 8, 2, 12, 13, 15, 0, 1, 0, 1, 0, 1, 0, 1, 1, 1, 1, 1, 0, 1, 1, 0]
Fitness: 1200.317426 	[9, 4, 0, 15, 1, 6, 0, 5, 11, 14, 0, 10, 12, 7, 2, 13, 3, 8, 0, 0, 1, 1, 1, 1, 0, 1, 1, 0, 1, 1, 0, 1, 1, 0]
Fitness: 1200.317426 	[10, 12, 7, 2, 13, 3, 8, 0, 15, 1, 6, 0, 9, 4, 0, 11, 5, 14, 0, 0, 1, 1, 1, 1, 0, 1, 1, 0, 1, 1, 0, 1, 1, 0]
Fitness: 1172.097819 	[13, 11, 0, 3, 10, 15, 7, 0, 5, 1, 6, 0, 12, 9, 4, 2, 8, 14, 0, 1, 0, 1, 0, 1, 1, 0, 1, 1, 1, 1, 0, 1, 1, 0]
Fitness: 1198.625593 	[4, 5, 0, 7, 8, 2, 12, 13, 15, 0, 3, 1, 0, 14, 6, 9, 10, 11, 0, 1, 0, 1, 0, 1, 0, 1, 1, 1, 1, 1, 0, 1, 1, 0]
Fitness: 1181.252562 	[9, 10, 6, 0, 7, 8, 2, 12, 13, 15, 4, 0, 5, 14, 11, 0, 3, 1, 0, 1, 0, 1, 0, 1, 1, 1, 1, 1, 0, 1, 0, 1, 1, 0]
Fitness: 1141.443445 	[4, 9, 14, 0, 7, 5, 2, 10, 11, 15, 0, 12, 6, 13, 1, 8, 0, 3, 0, 1, 0, 1, 1, 1, 0, 1, 1, 0, 0, 1, 1, 1, 1, 0]
Fitness: 1110.180995 	[3, 15, 1, 10, 8, 0, 2, 5, 9, 11, 0, 13, 6, 12, 7, 14, 0, 4, 0, 1, 0, 1, 1, 1, 1, 0, 1, 1, 1, 0, 1, 1, 0, 0]
Fitness: 1181.252562 	[9, 10, 4, 6, 0, 5, 14, 11, 13, 0, 3, 1, 0, 7, 8, 2, 12, 15, 0, 1, 0, 1, 0, 1, 1, 1, 1, 0, 1, 1, 0, 1, 1, 0]
Fitness: 1223.360590 	[4, 0, 3, 0, 2, 5, 1, 9, 0, 11, 6, 7, 8, 10, 12, 13, 14, 15, 0, 1, 0, 1, 1, 1, 1, 1, 0, 1, 1, 1, 0, 0, 1, 0]
Fitness: 1223.360590 	[2, 5, 1, 0, 4, 0, 9, 3, 0, 11, 6, 7, 8, 10, 12, 13, 14, 15, 0, 1, 0, 1, 1, 1, 0, 1, 0, 1, 1, 1, 1, 0, 1, 0]
Fitness: 1259.096965 	[5, 11, 14, 0, 4, 9, 7, 0, 10, 12, 2, 13, 3, 8, 15, 0, 6, 1, 0, 0, 1, 1, 1, 1, 0, 1, 1, 1, 0, 1, 0, 1, 1, 0]
Fitness: 1129.895531 	[13, 8, 14, 0, 15, 6, 11, 10, 0, 2, 3, 9, 7, 12, 5, 0, 4, 1, 0, 1, 0, 0, 1, 1, 0, 1, 1, 1, 0, 1, 1, 1, 1, 0]
Fitness: 1136.348573 	[7, 15, 10, 11, 6, 0, 14, 12, 13, 4, 0, 5, 9, 1, 0, 3, 8, 2, 0, 1, 0, 1, 1, 1, 1, 0, 1, 0, 1, 1, 0, 1, 1, 0]
Fitness: 1124.951891 	[10, 12, 7, 2, 13, 3, 8, 6, 0, 9, 4, 0, 5, 11, 0, 15, 1, 14, 0, 0, 1, 1, 1, 1, 0, 1, 1, 1, 1, 1, 0, 1, 0, 0]
Fitness: 1200.317426 	[15, 1, 6, 0, 9, 4, 0, 5, 11, 14, 0, 10, 12, 7, 2, 13, 3, 8, 0, 0, 1, 1, 1, 1, 0, 1, 1, 0, 1, 1, 0, 1, 1, 0]
Fitness: 1148.922274 	[9, 10, 4, 6, 0, 7, 8, 2, 12, 13, 15, 0, 3, 1, 0, 5, 14, 11, 0, 1, 0, 1, 0, 1, 0, 1, 1, 1, 1, 1, 0, 1, 1, 0]
Fitness: 1151.056355 	[14, 1, 11, 0, 9, 5, 13, 0, 3, 2, 6, 0, 4, 15, 7, 8, 10, 12, 0, 0, 1, 1, 0, 1, 1, 0, 1, 1, 1, 1, 1, 0, 1, 0]
Fitness: 1181.395653 	[9, 4, 14, 0, 10, 3, 7, 8, 11, 12, 13, 5, 0, 2, 0, 15, 1, 6, 0, 1, 1, 1, 1, 1, 0, 1, 0, 0, 1, 1, 0, 1, 1, 0]
Fitness: 1186.316120 	[9, 4, 0, 15, 1, 6, 0, 5, 11, 14, 0, 10, 12, 7, 2, 13, 3, 8, 0, 0, 1, 1, 1, 1, 0, 1, 1, 0, 1, 1, 0, 1, 1, 0]
Fitness: 1181.395653 	[9, 4, 14, 0, 2, 5, 0, 15, 1, 6, 0, 10, 3, 7, 8, 11, 12, 13, 0, 0, 1, 1, 1, 1, 0, 1, 1, 0, 1, 1, 0, 1, 1, 0]
Fitness: 1127.650360 	[9, 4, 0, 5, 11, 14, 1, 0, 10, 12, 7, 2, 13, 3, 8, 0, 6, 15, 0, 0, 1, 1, 1, 1, 0, 1, 1, 0, 1, 1, 0, 1, 1, 0]
Fitness: 1126.560590 	[4, 0, 5, 8, 9, 10, 11, 12, 0, 6, 14, 13, 0, 1, 2, 3, 7, 15, 0, 1, 0, 1, 1, 1, 1, 1, 1, 0, 1, 0, 1, 0, 1, 0]
Fitness: 1110.180995 	[4, 0, 3, 1, 10, 8, 0, 13, 6, 12, 7, 14, 15, 0, 2, 5, 9, 11, 0, 1, 0, 1, 1, 1, 1, 1, 1, 1, 0, 0, 1, 1, 0, 0]
Fitness: 1149.609895 	[11, 6, 1, 0, 15, 8, 5, 4, 7, 0, 13, 3, 0, 9, 2, 12, 14, 10, 0, 0, 1, 1, 1, 0, 1, 1, 1, 0, 1, 1, 0, 1, 1, 0]
Fitness: 1200.317426 	[10, 12, 7, 2, 13, 3, 8, 0, 9, 4, 0, 1, 11, 15, 14, 0, 5, 6, 0, 0, 1, 1, 1, 1, 0, 1, 1, 0, 1, 1, 0, 1, 1, 0]
Fitness: 1170.470112 	[15, 1, 6, 0, 10, 3, 7, 8, 11, 12, 13, 0, 2, 5, 14, 0, 9, 4, 0, 0, 1, 1, 1, 1, 0, 1, 1, 0, 1, 1, 0, 1, 1, 0]
Fitness: 1172.097819 	[5, 1, 6, 10, 0, 3, 15, 7, 0, 12, 9, 4, 2, 8, 14, 0, 13, 11, 0, 1, 0, 1, 1, 1, 1, 0, 1, 1, 0, 1, 0, 1, 1, 0]
Fitness: 1203.073280 	[2, 7, 10, 9, 0, 5, 6, 0, 11, 13, 1, 0, 15, 3, 4, 8, 12, 14, 0, 1, 0, 1, 0, 1, 1, 0, 1, 1, 1, 1, 0, 1, 1, 0]
Fitness: 1186.316120 	[5, 11, 14, 0, 10, 12, 7, 2, 13, 3, 8, 0, 15, 1, 6, 0, 9, 4, 0, 0, 1, 1, 1, 1, 0, 1, 1, 0, 1, 1, 0, 1, 1, 0]
Fitness: 1141.443445 	[12, 6, 13, 1, 0, 4, 9, 14, 0, 7, 5, 2, 8, 10, 11, 15, 0, 3, 0, 1, 0, 1, 1, 1, 0, 1, 1, 0, 1, 1, 0, 1, 1, 0]
Fitness: 1216.462543 	[4, 0, 1, 0, 11, 9, 10, 5, 12, 8, 0, 3, 6, 7, 2, 14, 13, 15, 0, 1, 0, 1, 1, 1, 1, 0, 1, 1, 1, 0, 1, 0, 1, 0]
Fitness: 1186.316120 	[5, 11, 14, 0, 15, 1, 6, 0, 10, 12, 7, 2, 13, 3, 8, 0, 9, 4, 0, 0, 1, 1, 1, 1, 0, 1, 1, 0, 1, 1, 0, 1, 1, 0]
Fitness: 1250.657445 	[9, 4, 0, 10, 12, 7, 2, 13, 3, 8, 0, 1, 6, 15, 0, 5, 11, 14, 0, 1, 0, 1, 1, 1, 1, 0, 1, 0, 1, 1, 0, 1, 1, 0]
Fitness: 1109.352913 	[1, 11, 0, 10, 12, 6, 2, 13, 3, 0, 14, 9, 0, 15, 8, 5, 4, 7, 0, 0, 1, 1, 1, 0, 1, 1, 1, 0, 1, 1, 0, 1, 1, 0]
Fitness: 1172.097819 	[3, 10, 15, 7, 0, 11, 13, 1, 0, 12, 9, 4, 2, 8, 14, 0, 5, 6, 0, 1, 0, 1, 0, 1, 1, 0, 1, 1, 1, 1, 0, 1, 1, 0]
Fitness: 1184.415765 	[5, 4, 0, 7, 8, 2, 10, 12, 13, 15, 0, 3, 1, 6, 0, 14, 9, 11, 0, 0, 1, 1, 1, 1, 0, 1, 1, 0, 1, 1, 0, 1, 1, 0]
Fitness: 1153.826578 	[5, 6, 12, 0, 11, 13, 1, 0, 9, 4, 2, 8, 14, 0, 3, 10, 15, 7, 0, 1, 0, 1, 0, 0, 1, 0, 1, 1, 1, 1, 1, 1, 1, 0]
Fitness: 1200.317426 	[15, 1, 6, 0, 10, 12, 7, 2, 13, 3, 8, 0, 5, 11, 14, 0, 9, 4, 0, 0, 1, 1, 1, 1, 0, 1, 1, 0, 1, 1, 0, 1, 1, 0]
Fitness: 1200.317426 	[15, 1, 6, 0, 5, 11, 14, 0, 10, 12, 7, 2, 13, 3, 8, 0, 9, 4, 0, 0, 1, 1, 1, 1, 0, 1, 1, 0, 1, 1, 0, 1, 1, 0]
Fitness: 1201.004275 	[3, 1, 6, 0, 7, 8, 2, 10, 12, 13, 15, 0, 9, 4, 0, 5, 11, 14, 0, 0, 1, 1, 1, 1, 0, 1, 1, 0, 1, 1, 0, 1, 1, 0]
Fitness: 1109.315321 	[12, 6, 1, 15, 0, 4, 9, 14, 0, 7, 5, 8, 11, 2, 0, 10, 3, 13, 0, 1, 0, 1, 1, 1, 1, 0, 0, 1, 1, 1, 0, 1, 1, 0]
Fitness: 1109.315321 	[1, 5, 0, 10, 3, 13, 0, 4, 9, 14, 0, 6, 12, 7, 2, 11, 15, 8, 0, 1, 0, 1, 1, 1, 0, 1, 0, 1, 1, 1, 0, 1, 1, 0]
Fitness: 1172.715523 	[4, 0, 5, 11, 14, 0, 15, 1, 6, 0, 10, 12, 7, 2, 13, 3, 8, 9, 0, 0, 1, 1, 1, 0, 0, 1, 1, 0, 1, 1, 1, 1, 1, 0]
Fitness: 1224.388568 	[4, 0, 6, 14, 13, 0, 1, 2, 3, 7, 15, 0, 11, 9, 10, 5, 12, 8, 0, 1, 0, 1, 1, 1, 0, 1, 1, 1, 1, 0, 1, 0, 1, 0]
Fitness: 1200.317426 	[10, 12, 7, 2, 13, 3, 8, 0, 15, 1, 6, 0, 5, 11, 14, 0, 9, 4, 0, 0, 1, 1, 1, 1, 0, 1, 1, 0, 1, 1, 0, 1, 1, 0]
Time: 0.48040