Fitness: 1276.612504 	[1, 5, 0, 6, 12, 7, 2, 11, 15, 8, 0, 4, 9, 14, 0, 10, 3, 13, 0, 1, 0, 1, 1, 1, 0, 1, 0, 1, 1, 1, 0, 1, 1, 0]
Fitness: 1263.164821 	[1, 5, 0, 10, 12, 7, 2, 13, 3, 8, 0, 9, 4, 0, 6, 11, 14, 15, 0, 0, 1, 1, 1, 1, 0, 1, 1, 0, 1, 1, 0, 1, 1, 0]
Fitness: 1259.096965 	[1, 0, 9, 6, 4, 0, 5, 11, 14, 0, 10, 12, 7, 2, 13, 3, 8, 15, 0, 0, 1, 1, 1, 1, 0, 1, 1, 0, 1, 1, 0, 1, 1, 0]
Fitness: 1259.096965 	[1, 0, 9, 6, 4, 0, 5, 11, 14, 0, 10, 12, 7, 2, 13, 3, 8, 15, 0, 0, 1, 1, 1, 1, 0, 1, 1, 0, 1, 1, 0, 1, 1, 0]
Fitness: 1256.083807 	[5, 4, 0, 7, 8, 2, 10, 12, 13, 15, 0, 3, 1, 6, 0, 14, 9, 11, 0, 0, 1, 1, 1, 1, 0, 1, 1, 0, 1, 1, 0, 1, 1, 0]
Fitness: 1250.657445 	[9, 4, 0, 10, 12, 7, 2, 13, 3, 8, 0, 5, 11, 14, 0, 1, 6, 15, 0, 1, 0, 1, 1, 1, 1, 0, 1, 0, 1, 1, 0, 1, 1, 0]
Fitness: 1250.657445 	[9, 4, 0, 10, 12, 7, 2, 13, 3, 8, 0, 1, 6, 15, 0, 5, 11, 14, 0, 1, 0, 1, 1, 1, 1, 0, 1, 0, 1, 1, 0, 1, 1, 0]
Fitness: 1246.903020 	[1, 5, 0, 10, 3, 13, 0, 4, 9, 14, 0, 6, 12, 7, 2, 11, 15, 8, 0, 1, 0, 1, 1, 1, 0, 1, 0, 1, 1, 1, 0, 1, 1, 0]
Fitness: 1242.532091 	[1, 6, 0, 10, 8, 11, 14, 13, 15, 0, 2, 3, 9, 7, 12, 5, 0, 4, 0, 1, 0, 1, 1, 1, 0, 1, 0, 1, 0, 1, 1, 1, 1, 0]
Fitness: 1241.271005 	[9, 4, 0, 15, 1, 6, 0, 5, 11, 14, 0, 10, 12, 7, 2, 13, 3, 8, 0, 1, 0, 1, 1, 1, 0, 1, 1, 0, 1, 1, 0, 1, 1, 0]
Fitness: 1240.461123 	[2, 7, 10, 9, 0, 5, 6, 0, 11, 13, 1, 0, 15, 3, 4, 8, 12, 14, 0, 1, 0, 1, 0, 1, 1, 0, 1, 1, 1, 1, 0, 1, 1, 0]
Fitness: 1233.927947 	[5, 4, 0, 14, 9, 0, 11, 6, 1, 0, 10, 12, 7, 2, 13, 3, 8, 15, 0, 0, 1, 1, 1, 0, 1, 1, 1, 0, 1, 1, 0, 1, 1, 0]
Fitness: 1224.388568 	[4, 0, 6, 14, 13, 0, 1, 2, 3, 7, 15, 0, 11, 9, 10, 5, 12, 8, 0, 1, 0, 1, 1, 1, 0, 1, 1, 1, 1, 0, 1, 0, 1, 0]
Fitness: 1224.388568 	[4, 0, 6, 14, 13, 0, 11, 9, 10, 5, 12, 8, 0, 1, 2, 3, 7, 15, 0, 1, 0, 1, 1, 1, 0, 1, 1, 1, 1, 0, 1, 0, 1, 0]
Fitness: 1224.388568 	[4, 0, 6, 14, 13, 0, 11, 9, 10, 5, 12, 8, 0, 1, 2, 3, 7, 15, 0, 1, 0, 1, 1, 1, 0, 1, 1, 1, 1, 0, 1, 0, 1, 0]
Fitness: 1224.388568 	[4, 0, 6, 14, 13, 0, 11, 9, 10, 5, 12, 8, 0, 1, 2, 3, 7, 15, 0, 1, 0, 1, 1, 1, 0, 1, 1, 1, 1, 0, 1, 0, 1, 0]
Fitness: 1223.360590 	[2, 5, 1, 0, 9, 3, 0, 4, 0, 11, 6, 7, 8, 10, 12, 13, 14, 15, 0, 1, 0, 1, 1, 1, 0, 1, 0, 1, 1, 1, 1, 0, 1, 0]
Fitness: 1223.360590 	[2, 5, 1, 0, 9, 3, 0, 4, 0, 11, 6, 7, 8, 10, 12, 13, 14, 15, 0, 1, 0, 1, 1, 1, 0, 1, 0, 1, 1, 1, 1, 0, 1, 0]
Fitness: 1222.423398 	[1, 0, 4, 0, 11, 9, 10, 5, 12, 8, 0, 3, 6, 7, 2, 14, 13, 15, 0, 1, 0, 1, 1, 1, 1, 0, 1, 1, 1, 0, 1, 0, 1, 0]
Fitness: 1222.073318 	[1, 11, 0, 9, 4, 0, 10, 12, 7, 2, 13, 3, 8, 0, 6, 15, 5, 14, 0, 0, 1, 1, 1, 1, 0, 1, 1, 0, 1, 1, 0, 1, 1, 0]
Fitness: 1218.004049 	[1, 6, 0, 9, 4, 0, 5, 11, 14, 10, 3, 0, 7, 8, 2, 12, 13, 15, 0, 1, 0, 1, 1, 1, 0, 1, 1, 0, 1, 1, 0, 1, 1, 0]
Fitness: 1218.004049 	[1, 6, 0, 9, 4, 0, 5, 11, 14, 10, 3, 0, 7, 8, 2, 12, 13, 15, 0, 1, 0, 1, 1, 1, 0, 1, 1, 0, 1, 1, 0, 1, 1, 0]
Fitness: 1216.462543 	[1, 0, 4, 0, 11, 9, 10, 5, 12, 8, 0, 3, 6, 7, 2, 14, 13, 15, 0, 1, 0, 1, 1, 1, 0, 1, 1, 1, 1, 0, 1, 0, 1, 0]
Fitness: 1216.462543 	[4, 0, 1, 0, 11, 9, 10, 5, 12, 8, 0, 3, 6, 7, 2, 14, 13, 15, 0, 1, 0, 1, 1, 1, 1, 0, 1, 1, 1, 0, 1, 0, 1, 0]
Fitness: 1215.035375 	[4, 0, 10, 12, 7, 2, 13, 3, 8, 0, 1, 6, 15, 0, 5, 9, 11, 14, 0, 0, 1, 1, 1, 1, 0, 1, 1, 0, 1, 1, 0, 1, 1, 0]
Fitness: 1213.085511 	[4, 9, 0, 5, 11, 14, 0, 10, 12, 7, 2, 13, 3, 8, 15, 0, 6, 1, 0, 0, 1, 1, 1, 1, 0, 1, 1, 0, 1, 1, 0, 1, 1, 0]
Fitness: 1203.073280 	[2, 7, 10, 9, 0, 11, 13, 1, 0, 5, 6, 0, 15, 3, 4, 8, 12, 14, 0, 1, 0, 1, 0, 1, 1, 0, 1, 1, 1, 1, 0, 1, 1, 0]
Fitness: 1203.073280 	[2, 7, 10, 9, 0, 11, 13, 1, 0, 5, 6, 0, 15, 3, 4, 8, 12, 14, 0, 1, 0, 1, 0, 1, 1, 0, 1, 1, 1, 1, 0, 1, 1, 0]
Fitness: 1201.004275 	[3, 1, 6, 0, 9, 4, 0, 5, 11, 14, 0, 7, 8, 2, 10, 12, 13, 15, 0, 0, 1, 1, 1, 1, 0, 1, 1, 0, 1, 1, 0, 1, 1, 0]
Fitness: 1201.004275 	[3, 1, 6, 0, 5, 11, 14, 0, 9, 4, 0, 7, 8, 2, 10, 12, 13, 15, 0, 0, 1, 1, 1, 1, 0, 1, 1, 0, 1, 1, 0, 1, 1, 0]
Fitness: 1201.004275 	[3, 1, 6, 0, 7, 8, 2, 10, 12, 13, 15, 0, 9, 4, 0, 5, 11, 14, 0, 0, 1, 1, 1, 1, 0, 1, 1, 0, 1, 1, 0, 1, 1, 0]
Fitness: 1200.317426 	[9, 4, 0, 5, 11, 14, 0, 10, 12, 7, 2, 13, 3, 8, 0, 15, 1, 6, 0, 0, 1, 1, 1, 1, 0, 1, 1, 0, 1, 1, 0, 1, 1, 0]
Fitness: 1200.317426 	[9, 4, 0, 5, 11, 14, 0, 10, 12, 7, 2, 13, 3, 8, 0, 15, 1, 6, 0, 0, 1, 1, 1, 1, 0, 1, 1, 0, 1, 1, 0, 1, 1, 0]
Fitness: 1200.317426 	[9, 4, 0, 15, 1, 6, 0, 5, 11, 14, 0, 10, 12, 7, 2, 13, 3, 8, 0, 0, 1, 1, 1, 1, 0, 1, 1, 0, 1, 1, 0, 1, 1, 0]
Fitness: 1200.317426 	[9, 4, 0, 15, 1, 6, 0, 5, 11, 14, 0, 10, 12, 7, 2, 13, 3, 8, 0, 0, 1, 1, 1, 1, 0, 1, 1, 0, 1, 1, 0, 1, 1, 0]
Fitness: 1200.317426 	[9, 4, 0, 15, 1, 6, 0, 5, 11, 14, 0, 10, 12, 7, 2, 13, 3, 8, 0, 0, 1, 1, 1, 1, 0, 1, 1, 0, 1, 1, 0, 1, 1, 0]
Fitness: 1200.317426 	[9, 4, 0, 10, 12, 7, 2, 13, 3, 8, 0, 5, 11, 14, 0, 1, 6, 15, 0, 0, 1, 1, 1, 1, 0, 1, 1, 0, 1, 1, 0, 1, 1, 0]
Fitness: 1200.317426 	[9, 4, 0, 15, 1, 6, 0, 5, 11, 14, 0, 10, 12, 7, 2, 13, 3, 8, 0, 0, 1, 1, 1, 1, 0, 1, 1, 0, 1, 1, 0, 1, 1, 0]
Fitness: 1200.317426 	[9, 4, 0, 15, 1, 6, 0, 10, 12, 7, 2, 13, 3, 8, 0, 5, 11, 14, 0, 0, 1, 1, 1, 1, 0, 1, 1, 0, 1, 1, 0, 1, 1, 0]
Fitness: 1200.317426 	[9, 4, 0, 15, 1, 6, 0, 5, 11, 14, 0, 10, 12, 7, 2, 13, 3, 8, 0, 0, 1, 1, 1, 1, 0, 1, 1, 0, 1, 1, 0, 1, 1, 0]
Fitness: 1200.317426 	[9, 4, 0, 15, 1, 6, 0, 5, 11, 14, 0, 10, 12, 7, 2, 13, 3, 8, 0, 0, 1, 1, 1, 1, 0, 1, 1, 0, 1, 1, 0, 1, 1, 0]
Fitness: 1200.317426 	[9, 4, 0, 15, 1, 6, 0, 5, 11, 14, 0, 10, 12, 7, 2, 13, 3, 8, 0, 0, 1, 1, 1, 1, 0, 1, 1, 0, 1, 1, 0, 1, 1, 0]
Fitness: 1200.317426 	[9, 4, 0, 15, 1, 6, 0, 10, 12, 7, 2, 13, 3, 8, 0, 5, 11, 14, 0, 0, 1, 1, 1, 1, 0, 1, 1, 0, 1, 1, 0, 1, 1, 0]
Fitness: 1200.317426 	[9, 4, 0, 15, 1, 6, 0, 5, 11, 14, 0, 10, 12, 7, 2, 13, 3, 8, 0, 0, 1, 1, 1, 1, 0, 1, 1, 0, 1, 1, 0, 1, 1, 0]
Fitness: 1200.317426 	[9, 4, 0, 15, 1, 6, 0, 5, 11, 14, 0, 10, 12, 7, 2, 13, 3, 8, 0, 0, 1, 1, 1, 1, 0, 1, 1, 0, 1, 1, 0, 1, 1, 0]
Fitness: 1200.317426 	[9, 4, 0, 15, 1, 6, 0, 5, 11, 14, 0, 10, 12, 7, 2, 13, 3, 8, 0, 0, 1, 1, 1, 1, 0, 1, 1, 0, 1, 1, 0, 1, 1, 0]
Fitness: 1200.317426 	[9, 4, 0, 15, 1, 6, 0, 5, 11, 14, 0, 10, 12, 7, 2, 13, 3, 8, 0, 0, 1, 1, 1, 1, 0, 1, 1, 0, 1, 1, 0, 1, 1, 0]
Fitness: 1200.317426 	[9, 4, 0, 15, 1, 6, 0, 5, 11, 14, 0, 10, 12, 7, 2, 13, 3, 8, 0, 0, 1, 1, 1, 1, 0, 1, 1, 0, 1, 1, 0, 1, 1, 0]
Fitness: 1200.317426 	[9, 4, 0, 10, 12, 7, 2, 13, 3, 8, 0, 5, 11, 14, 0, 15, 1, 6, 0, 0, 1, 1, 1, 1, 0, 1, 1, 0, 1, 1, 0, 1, 1, 0]
Fitness: 1200.317426 	[9, 4, 0, 10, 12, 7, 2, 13, 3, 8, 0, 5, 11, 14, 0, 15, 1, 6, 0, 0, 1, 1, 1, 1, 0, 1, 1, 0, 1, 1, 0, 1, 1, 0]
Fitness: 1200.317426 	[9, 4, 0, 10, 12, 7, 2, 13, 3, 8, 0, 5, 11, 14, 0, 15, 1, 6, 0, 0, 1, 1, 1, 1, 0, 1, 1, 0, 1, 1, 0, 1, 1, 0]
Fitness: 1200.317426 	[9, 4, 0, 10, 12, 7, 2, 13, 3, 8, 0, 5, 11, 14, 0, 15, 1, 6, 0, 0, 1, 1, 1, 1, 0, 1, 1, 0, 1, 1, 0, 1, 1, 0]
Fitness: 1200.317426 	[9, 4, 0, 10, 12, 7, 2, 13, 3, 8, 0, 5, 11, 14, 0, 15, 1, 6, 0, 0, 1, 1, 1, 1, 0, 1, 1, 0, 1, 1, 0, 1, 1, 0]
Fitness: 1200.317426 	[9, 4, 0, 10, 12, 7, 2, 13, 3, 8, 0, 5, 11, 14, 0, 15, 1, 6, 0, 0, 1, 1, 1, 1, 0, 1, 1, 0, 1, 1, 0, 1, 1, 0]
Fitness: 1200.317426 	[9, 4, 0, 10, 12, 7, 2, 13, 3, 8, 0, 5, 11, 14, 0, 15, 1, 6, 0, 0, 1, 1, 1, 1, 0, 1, 1, 0, 1, 1, 0, 1, 1, 0]
Fitness: 1200.317426 	[9, 4, 0, 10, 12, 7, 2, 13, 3, 8, 0, 5, 11, 14, 0, 15, 1, 6, 0, 0, 1, 1, 1, 1, 0, 1, 1, 0, 1, 1, 0, 1, 1, 0]
Fitness: 1200.317426 	[9, 4, 0, 10, 12, 7, 2, 13, 3, 8, 0, 5, 11, 14, 0, 15, 1, 6, 0, 0, 1, 1, 1, 1, 0, 1, 1, 0, 1, 1, 0, 1, 1, 0]
Fitness: 1200.317426 	[9, 4, 0, 10, 12, 7, 2, 13, 3, 8, 0, 5, 11, 14, 0, 15, 1, 6, 0, 0, 1, 1, 1, 1, 0, 1, 1, 0, 1, 1, 0, 1, 1, 0]
Fitness: 1198.625593 	[3, 1, 0, 7, 8, 2, 12, 13, 15, 0, 4, 5, 0, 14, 6, 9, 10, 11, 0, 1, 0, 1, 0, 1, 0, 1, 1, 1, 1, 1, 0, 1, 1, 0]
Fitness: 1197.928752 	[3, 1, 6, 0, 9, 10, 4, 0, 13, 0, 2, 14, 11, 8, 5, 7, 12, 15, 0, 0, 1, 1, 0, 1, 1, 0, 1, 1, 1, 1, 0, 1, 1, 0]
Fitness: 1193.424115 	[14, 1, 11, 0, 9, 4, 0, 10, 12, 7, 2, 13, 3, 8, 0, 5, 6, 15, 0, 0, 1, 1, 1, 1, 0, 1, 1, 0, 1, 1, 0, 1, 1, 0]
Fitness: 1186.770439 	[5, 1, 14, 0, 7, 15, 10, 11, 6, 0, 3, 8, 2, 0, 4, 12, 9, 13, 0, 1, 0, 1, 1, 1, 1, 0, 1, 0, 1, 1, 0, 1, 1, 0]
Fitness: 1186.316120 	[5, 11, 14, 0, 15, 1, 6, 0, 10, 12, 7, 2, 13, 3, 8, 0, 9, 4, 0, 0, 1, 1, 1, 1, 0, 1, 1, 0, 1, 1, 0, 1, 1, 0]
Fitness: 1186.316120 	[5, 11, 14, 0, 15, 1, 6, 0, 9, 4, 0, 10, 12, 7, 2, 13, 3, 8, 0, 0, 1, 1, 1, 1, 0, 1, 1, 0, 1, 1, 0, 1, 1, 0]
Fitness: 1186.316120 	[5, 11, 14, 0, 15, 1, 6, 0, 9, 4, 0, 10, 12, 7, 2, 13, 3, 8, 0, 0, 1, 1, 1, 1, 0, 1, 1, 0, 1, 1, 0, 1, 1, 0]
Fitness: 1186.316120 	[5, 11, 14, 0, 15, 1, 6, 0, 9, 4, 0, 10, 12, 7, 2, 13, 3, 8, 0, 0, 1, 1, 1, 1, 0, 1, 1, 0, 1, 1, 0, 1, 1, 0]
Fitness: 1186.316120 	[5, 11, 14, 0, 15, 1, 6, 0, 9, 4, 0, 10, 12, 7, 2, 13, 3, 8, 0, 0, 1, 1, 1, 1, 0, 1, 1, 0, 1, 1, 0, 1, 1, 0]
Fitness: 1186.316120 	[5, 11, 14, 0, 15, 1, 6, 0, 9, 4, 0, 10, 12, 7, 2, 13, 3, 8, 0, 0, 1, 1, 1, 1, 0, 1, 1, 0, 1, 1, 0, 1, 1, 0]
Fitness: 1186.316120 	[5, 11, 14, 0, 15, 1, 6, 0, 9, 4, 0, 10, 12, 7, 2, 13, 3, 8, 0, 0, 1, 1, 1, 1, 0, 1, 1, 0, 1, 1, 0, 1, 1, 0]
Fitness: 1186.316120 	[5, 11, 14, 0, 15, 1, 6, 0, 9, 4, 0, 10, 12, 7, 2, 13, 3, 8, 0, 0, 1, 1, 1, 1, 0, 1, 1, 0, 1, 1, 0, 1, 1, 0]
Fitness: 1186.316120 	[5, 11, 14, 0, 15, 1, 6, 0, 9, 4, 0, 10, 12, 7, 2, 13, 3, 8, 0, 0, 1, 1, 1, 1, 0, 1, 1, 0, 1, 1, 0, 1, 1, 0]
Fitness: 1186.316120 	[5, 11, 14, 0, 10, 12, 7, 2, 13, 3, 8, 0, 9, 4, 0, 15, 1, 6, 0, 0, 1, 1, 1, 1, 0, 1, 1, 0, 1, 1, 0, 1, 1, 0]
Fitness: 1186.316120 	[5, 11, 14, 0, 10, 12, 7, 2, 13, 3, 8, 0, 15, 1, 6, 0, 9, 4, 0, 0, 1, 1, 1, 1, 0, 1, 1, 0, 1, 1, 0, 1, 1, 0]
Fitness: 1184.415765 	[14, 9, 11, 0, 7, 8, 2, 10, 12, 13, 15, 0, 3, 1, 6, 0, 5, 4, 0, 0, 1, 1, 1, 1, 0, 1, 1, 0, 1, 1, 0, 1, 1, 0]
Fitness: 1184.415765 	[14, 9, 11, 0, 7, 8, 2, 10, 12, 13, 15, 0, 3, 1, 6, 0, 5, 4, 0, 0, 1, 1, 1, 1, 0, 1, 1, 0, 1, 1, 0, 1, 1, 0]
Fitness: 1184.415765 	[14, 9, 11, 0, 7, 8, 2, 10, 12, 13, 15, 0, 3, 1, 6, 0, 5, 4, 0, 0, 1, 1, 1, 1, 0, 1, 1, 0, 1, 1, 0, 1, 1, 0]
Fitness: 1181.395653 	[9, 4, 14, 0, 10, 3, 7, 8, 11, 12, 13, 0, 15, 1, 6, 0, 2, 5, 0, 0, 1, 1, 1, 1, 0, 1, 1, 0, 1, 1, 0, 1, 1, 0]
Fitness: 1181.395653 	[9, 4, 14, 0, 2, 5, 0, 15, 1, 6, 0, 10, 3, 7, 8, 11, 12, 13, 0, 0, 1, 1, 1, 1, 0, 1, 1, 0, 1, 1, 0, 1, 1, 0]
Fitness: 1181.252562 	[9, 10, 4, 6, 0, 7, 8, 2, 12, 13, 15, 0, 3, 1, 0, 5, 14, 11, 0, 1, 0, 1, 0, 1, 0, 1, 1, 1, 1, 1, 0, 1, 1, 0]
Fitness: 1181.252562 	[9, 10, 4, 6, 0, 7, 8, 2, 12, 13, 15, 0, 3, 1, 0, 5, 14, 11, 0, 1, 0, 1, 0, 1, 0, 1, 1, 1, 1, 1, 0, 1, 1, 0]
Fitness: 1181.252562 	[9, 10, 4, 6, 0, 7, 8, 2, 12, 13, 15, 0, 3, 1, 0, 5, 14, 11, 0, 1, 0, 1, 0, 1, 0, 1, 1, 1, 1, 1, 0, 1, 1, 0]
Fitness: 1181.252562 	[9, 10, 4, 6, 0, 7, 8, 2, 12, 13, 15, 0, 3, 1, 0, 5, 14, 11, 0, 1, 0, 1, 0, 1, 0, 1, 1, 1, 1, 1, 0, 1, 1, 0]
Fitness: 1181.252562 	[9, 10, 4, 6, 0, 7, 8, 2, 12, 13, 15, 0, 3, 1, 0, 5, 14, 11, 0, 1, 0, 1, 0, 1, 0, 1, 1, 1, 1, 1, 0, 1, 1, 0]
Fitness: 1181.252562 	[9, 10, 4, 6, 0, 7, 8, 2, 12, 13, 15, 0, 3, 1, 0, 5, 14, 11, 0, 1, 0, 1, 0, 1, 0, 1, 1, 1, 1, 1, 0, 1, 1, 0]
Fitness: 1180.681694 	[12, 15, 6, 5, 0, 9, 1, 3, 2, 0, 4, 11, 0, 13, 8, 10, 7, 14, 0, 1, 0, 1, 1, 1, 0, 1, 1, 0, 1, 1, 1, 0, 1, 0]
Fitness: 1180.532948 	[3, 1, 6, 0, 13, 2, 0, 4, 9, 0, 8, 11, 12, 14, 15, 7, 10, 5, 0, 1, 0, 1, 1, 0, 1, 1, 1, 1, 0, 1, 1, 1, 0, 0]
Fitness: 1179.756213 	[3, 1, 7, 0, 15, 6, 11, 10, 0, 4, 13, 0, 12, 9, 5, 2, 8, 14, 0, 1, 0, 1, 1, 1, 0, 1, 0, 1, 1, 1, 1, 0, 1, 0]
Fitness: 1174.434935 	[11, 9, 14, 0, 6, 1, 0, 10, 2, 13, 3, 12, 0, 15, 8, 5, 4, 7, 0, 0, 1, 1, 1, 0, 1, 1, 1, 0, 1, 1, 0, 1, 1, 0]
Fitness: 1174.430039 	[2, 7, 10, 9, 4, 0, 11, 13, 1, 0, 5, 6, 0, 15, 3, 8, 12, 14, 0, 1, 0, 1, 0, 1, 1, 0, 1, 1, 1, 1, 1, 0, 1, 0]
Fitness: 1173.433270 	[5, 4, 0, 10, 12, 7, 2, 13, 3, 8, 0, 9, 14, 0, 1, 11, 6, 15, 0, 0, 1, 1, 1, 0, 1, 1, 1, 0, 1, 1, 0, 1, 1, 0]
Fitness: 1172.715523 	[15, 1, 6, 0, 5, 11, 14, 0, 9, 4, 0, 10, 12, 7, 2, 13, 3, 8, 0, 0, 1, 1, 1, 1, 0, 1, 1, 0, 1, 1, 0, 1, 1, 0]
Fitness: 1172.715523 	[15, 1, 6, 0, 9, 4, 0, 5, 11, 14, 0, 10, 12, 7, 2, 13, 3, 8, 0, 0, 1, 1, 1, 1, 0, 1, 1, 0, 1, 1, 0, 1, 1, 0]
Fitness: 1172.715523 	[15, 1, 6, 0, 9, 4, 0, 5, 11, 14, 0, 10, 12, 7, 2, 13, 3, 8, 0, 0, 1, 1, 1, 1, 0, 1, 1, 0, 1, 1, 0, 1, 1, 0]
Fitness: 1172.715523 	[15, 1, 6, 0, 5, 11, 14, 0, 10, 12, 7, 2, 13, 3, 8, 0, 9, 4, 0, 0, 1, 1, 1, 1, 0, 1, 1, 0, 1, 1, 0, 1, 1, 0]
Fitness: 1172.715523 	[15, 1, 6, 0, 10, 12, 7, 2, 13, 3, 8, 0, 9, 4, 0, 14, 11, 5, 0, 0, 1, 1, 1, 1, 0, 1, 1, 0, 1, 1, 0, 1, 1, 0]
Fitness: 1172.715523 	[15, 1, 6, 0, 10, 12, 7, 2, 13, 3, 8, 0, 5, 11, 14, 0, 9, 4, 0, 0, 1, 1, 1, 1, 0, 1, 1, 0, 1, 1, 0, 1, 1, 0]
Fitness: 1172.715523 	[1, 15, 6, 0, 10, 12, 7, 2, 13, 3, 8, 0, 9, 4, 0, 5, 14, 11, 0, 0, 1, 1, 1, 1, 0, 1, 1, 0, 1, 1, 0, 1, 1, 0]
Fitness: 1172.097819 	[3, 10, 15, 7, 0, 12, 9, 4, 2, 8, 14, 0, 5, 6, 0, 11, 13, 1, 0, 1, 0, 1, 0, 1, 1, 0, 1, 1, 1, 1, 0, 1, 1, 0]
Fitness: 1172.097819 	[3, 10, 15, 7, 0, 12, 9, 4, 2, 8, 14, 0, 5, 6, 0, 11, 13, 1, 0, 1, 0, 1, 0, 1, 1, 0, 1, 1, 1, 1, 0, 1, 1, 0]
Fitness: 1172.097819 	[3, 10, 15, 7, 0, 11, 13, 1, 0, 5, 6, 0, 12, 9, 4, 2, 8, 14, 0, 1, 0, 1, 0, 1, 1, 0, 1, 1, 1, 1, 0, 1, 1, 0]
Fitness: 1213.085511 	[4, 9, 0, 5, 11, 14, 0, 10, 12, 7, 2, 13, 3, 8, 15, 0, 6, 1, 0, 0, 1, 1, 1, 1, 0, 1, 1, 0, 1, 1, 0, 1, 1, 0]
Fitness: 1186.316120 	[5, 11, 14, 0, 15, 1, 6, 0, 10, 12, 7, 2, 13, 3, 8, 0, 9, 4, 0, 0, 1, 1, 1, 1, 0, 1, 1, 0, 1, 1, 0, 1, 1, 0]
Fitness: 1213.085511 	[9, 4, 0, 1, 6, 0, 5, 11, 14, 0, 10, 12, 7, 2, 13, 3, 8, 15, 0, 0, 1, 1, 1, 1, 0, 1, 1, 0, 1, 1, 0, 1, 1, 0]
Fitness: 1172.715523 	[15, 1, 6, 0, 10, 12, 7, 2, 13, 3, 8, 0, 5, 11, 14, 0, 9, 4, 0, 0, 1, 1, 1, 1, 0, 1, 1, 0, 1, 1, 0, 1, 1, 0]
Fitness: 1200.317426 	[9, 4, 0, 15, 1, 6, 0, 5, 11, 14, 0, 10, 12, 7, 2, 13, 3, 8, 0, 0, 1, 1, 1, 1, 0, 1, 1, 0, 1, 1, 0, 1, 1, 0]
Fitness: 1172.715523 	[10, 12, 7, 2, 13, 3, 8, 0, 15, 1, 6, 0, 5, 11, 14, 0, 9, 4, 0, 0, 1, 1, 1, 1, 0, 1, 1, 0, 1, 1, 0, 1, 1, 0]
Fitness: 1174.430039 	[2, 7, 10, 9, 4, 0, 11, 13, 1, 0, 5, 6, 0, 15, 3, 8, 12, 14, 0, 1, 0, 1, 1, 1, 0, 1, 1, 0, 1, 1, 1, 0, 1, 0]
Fitness: 1200.317426 	[9, 4, 0, 10, 12, 7, 2, 13, 3, 8, 0, 5, 11, 14, 0, 15, 1, 6, 0, 0, 1, 1, 1, 1, 0, 1, 1, 0, 1, 1, 0, 1, 1, 0]
Fitness: 1174.430039 	[13, 11, 0, 15, 3, 8, 12, 14, 0, 2, 7, 10, 9, 4, 0, 5, 1, 6, 0, 1, 0, 1, 0, 1, 1, 0, 1, 1, 1, 1, 1, 0, 1, 0]
Fitness: 1241.271005 	[9, 4, 0, 15, 1, 6, 0, 5, 11, 14, 0, 10, 12, 7, 2, 13, 3, 8, 0, 1, 0, 1, 1, 1, 0, 1, 1, 0, 1, 1, 0, 1, 1, 0]
Fitness: 1200.317426 	[9, 4, 0, 5, 11, 14, 0, 10, 12, 7, 2, 13, 3, 8, 0, 15, 1, 6, 0, 0, 1, 1, 1, 1, 0, 1, 1, 0, 1, 1, 0, 1, 1, 0]
Fitness: 1241.271005 	[9, 4, 0, 5, 11, 14, 0, 10, 12, 7, 2, 13, 3, 8, 0, 15, 1, 6, 0, 1, 0, 1, 1, 1, 0, 1, 1, 0, 1, 1, 0, 1, 1, 0]
Fitness: 1224.388568 	[4, 0, 6, 14, 13, 0, 1, 2, 3, 7, 15, 0, 11, 9, 10, 5, 12, 8, 0, 1, 0, 1, 1, 1, 0, 1, 1, 1, 1, 0, 1, 0, 1, 0]
Fitness: 1200.317426 	[9, 4, 0, 15, 1, 6, 0, 5, 11, 14, 0, 10, 12, 7, 2, 13, 3, 8, 0, 0, 1, 1, 1, 1, 0, 1, 1, 0, 1, 1, 0, 1, 1, 0]
Fitness: 1224.388568 	[1, 4, 0, 6, 14, 13, 0, 11, 9, 10, 5, 12, 8, 0, 15, 7, 2, 3, 0, 1, 0, 1, 1, 1, 0, 1, 1, 1, 1, 0, 1, 0, 1, 0]
Fitness: 1203.073280 	[2, 7, 10, 9, 0, 11, 13, 1, 0, 5, 6, 0, 15, 3, 4, 8, 12, 14, 0, 1, 0, 1, 1, 0, 1, 1, 1, 1, 0, 1, 0, 1, 1, 0]
Fitness: 1180.532948 	[3, 1, 6, 0, 13, 2, 0, 4, 9, 0, 8, 11, 12, 14, 15, 7, 10, 5, 0, 1, 0, 1, 1, 0, 1, 1, 1, 1, 0, 1, 1, 1, 0, 0]
Fitness: 1203.073280 	[3, 4, 7, 0, 8, 2, 0, 5, 6, 0, 11, 13, 1, 9, 10, 12, 14, 15, 0, 1, 0, 1, 0, 1, 1, 0, 1, 1, 1, 1, 0, 1, 1, 0]
Fitness: 1240.461123 	[2, 7, 10, 9, 0, 5, 6, 0, 11, 13, 1, 0, 15, 3, 4, 8, 12, 14, 0, 1, 0, 1, 0, 1, 1, 1, 1, 0, 1, 1, 0, 1, 1, 0]
Fitness: 1200.317426 	[9, 4, 0, 10, 12, 7, 2, 13, 3, 8, 0, 5, 11, 14, 0, 15, 1, 6, 0, 0, 1, 1, 1, 1, 0, 1, 1, 0, 1, 1, 0, 1, 1, 0]
Fitness: 1240.461123 	[1, 4, 0, 11, 12, 14, 15, 13, 3, 8, 0, 5, 6, 0, 2, 7, 10, 9, 0, 1, 0, 1, 0, 1, 1, 0, 1, 1, 1, 1, 0, 1, 1, 0]
Fitness: 1200.317426 	[9, 4, 0, 15, 1, 6, 0, 5, 11, 14, 0, 10, 12, 7, 2, 13, 3, 8, 0, 0, 1, 1, 1, 1, 0, 1, 1, 0, 1, 1, 0, 1, 1, 0]
Fitness: 1200.317426 	[9, 4, 0, 10, 12, 7, 2, 13, 3, 8, 0, 5, 11, 14, 0, 15, 1, 6, 0, 0, 1, 1, 1, 1, 0, 1, 1, 0, 1, 1, 0, 1, 1, 0]
Fitness: 1200.317426 	[9, 4, 0, 11, 5, 14, 0, 15, 1, 6, 0, 10, 12, 7, 2, 13, 3, 8, 0, 0, 1, 1, 1, 1, 0, 1, 1, 0, 1, 1, 0, 1, 1, 0]
Fitness: 1172.715523 	[15, 1, 6, 0, 9, 4, 0, 5, 11, 14, 0, 10, 12, 7, 2, 13, 3, 8, 0, 0, 1, 1, 1, 1, 0, 1, 1, 0, 1, 1, 0, 1, 1, 0]
Fitness: 1200.317426 	[9, 4, 0, 15, 1, 6, 0, 5, 11, 14, 0, 10, 12, 7, 2, 13, 3, 8, 0, 0, 1, 1, 1, 1, 0, 1, 1, 0, 1, 1, 0, 1, 1, 0]
Fitness: 1172.715523 	[11, 5, 0, 9, 4, 0, 15, 1, 6, 0, 10, 12, 7, 2, 13, 3, 8, 14, 0, 0, 1, 1, 1, 1, 0, 1, 1, 0, 1, 1, 0, 1, 1, 0]
Fitness: 1201.004275 	[3, 1, 6, 0, 9, 4, 0, 5, 11, 14, 0, 7, 8, 2, 10, 12, 13, 15, 0, 0, 1, 1, 1, 1, 0, 1, 1, 0, 1, 1, 0, 1, 1, 0]
Fitness: 1181.395653 	[9, 4, 14, 0, 10, 3, 7, 8, 11, 12, 13, 0, 15, 1, 6, 0, 2, 5, 0, 0, 1, 1, 1, 1, 0, 1, 1, 0, 1, 1, 0, 1, 1, 0]
Fitness: 1201.004275 	[9, 4, 2, 0, 10, 15, 7, 8, 12, 13, 0, 5, 11, 14, 0, 3, 1, 6, 0, 0, 1, 1, 1, 1, 0, 1, 1, 0, 1, 1, 0, 1, 1, 0]
Fitness: 1224.388568 	[4, 0, 6, 14, 13, 0, 11, 9, 10, 5, 12, 8, 0, 1, 2, 3, 7, 15, 0, 1, 0, 1, 1, 1, 0, 1, 1, 1, 1, 0, 1, 0, 1, 0]
Fitness: 1216.462543 	[1, 0, 4, 0, 11, 9, 10, 5, 12, 8, 0, 3, 6, 7, 2, 14, 13, 15, 0, 1, 0, 1, 1, 1, 0, 1, 1, 1, 1, 0, 1, 0, 1, 0]
Fitness: 1224.388568 	[5, 0, 4, 0, 6, 14, 13, 0, 1, 2, 3, 7, 15, 8, 9, 10, 11, 12, 0, 1, 0, 1, 1, 1, 0, 1, 1, 1, 1, 0, 1, 0, 1, 0]
Fitness: 1181.252562 	[9, 10, 4, 6, 0, 7, 8, 2, 12, 13, 15, 0, 3, 1, 0, 5, 14, 11, 0, 1, 0, 1, 0, 1, 0, 1, 1, 1, 1, 1, 0, 1, 1, 0]
Fitness: 1172.097819 	[3, 10, 15, 7, 0, 12, 9, 4, 2, 8, 14, 0, 5, 6, 0, 11, 13, 1, 0, 1, 0, 1, 0, 1, 1, 0, 1, 1, 1, 1, 0, 1, 1, 0]
Fitness: 1181.252562 	[2, 5, 15, 7, 0, 9, 10, 4, 6, 0, 3, 1, 0, 11, 13, 8, 12, 14, 0, 1, 0, 1, 0, 1, 0, 1, 1, 1, 1, 1, 0, 1, 1, 0]
Fitness: 1186.316120 	[5, 11, 14, 0, 15, 1, 6, 0, 9, 4, 0, 10, 12, 7, 2, 13, 3, 8, 0, 0, 1, 1, 1, 1, 0, 1, 1, 0, 1, 1, 0, 1, 1, 0]
Fitness: 1184.415765 	[14, 9, 11, 0, 7, 8, 2, 10, 12, 13, 15, 0, 3, 1, 6, 0, 5, 4, 0, 0, 1, 1, 1, 1, 0, 1, 1, 0, 1, 1, 0, 1, 1, 0]
Fitness: 1186.316120 	[15, 1, 6, 0, 10, 12, 7, 2, 13, 3, 8, 0, 9, 11, 14, 0, 5, 4, 0, 0, 1, 1, 1, 1, 0, 1, 1, 0, 1, 1, 0, 1, 1, 0]
Fitness: 1197.928752 	[3, 1, 6, 0, 9, 10, 4, 0, 13, 0, 2, 14, 11, 8, 5, 7, 12, 15, 0, 0, 1, 1, 1, 1, 0, 0, 1, 1, 1, 1, 0, 1, 1, 0]
Fitness: 1200.317426 	[9, 4, 0, 10, 12, 7, 2, 13, 3, 8, 0, 5, 11, 14, 0, 15, 1, 6, 0, 0, 1, 1, 1, 1, 0, 1, 1, 0, 1, 1, 0, 1, 1, 0]
Fitness: 1197.928752 	[9, 4, 0, 10, 1, 6, 3, 0, 2, 14, 11, 8, 5, 7, 12, 15, 0, 13, 0, 0, 1, 1, 0, 1, 1, 0, 1, 1, 1, 1, 0, 1, 1, 0]
Fitness: 1172.097819 	[3, 10, 15, 7, 0, 12, 9, 4, 2, 8, 14, 0, 5, 6, 0, 11, 13, 1, 0, 1, 0, 1, 0, 1, 0, 1, 1, 1, 1, 1, 0, 1, 1, 0]
Fitness: 1181.252562 	[9, 10, 4, 6, 0, 7, 8, 2, 12, 13, 15, 0, 3, 1, 0, 5, 14, 11, 0, 1, 0, 1, 0, 1, 0, 1, 1, 1, 1, 1, 0, 1, 1, 0]
Fitness: 1172.097819 	[3, 10, 15, 6, 0, 11, 13, 1, 0, 12, 9, 4, 2, 8, 14, 0, 5, 7, 0, 1, 0, 1, 0, 1, 1, 0, 1, 1, 1, 1, 0, 1, 1, 0]
Fitness: 1200.317426 	[9, 4, 0, 10, 12, 7, 2, 13, 3, 8, 0, 5, 11, 14, 0, 15, 1, 6, 0, 0, 1, 1, 1, 1, 0, 1, 1, 0, 1, 1, 0, 1, 1, 0]
Fitness: 1186.316120 	[5, 11, 14, 0, 10, 12, 7, 2, 13, 3, 8, 0, 9, 4, 0, 15, 1, 6, 0, 0, 1, 1, 1, 1, 0, 1, 1, 0, 1, 1, 0, 1, 1, 0]
Fitness: 1200.317426 	[5, 11, 14, 0, 10, 12, 7, 2, 13, 3, 8, 0, 9, 4, 0, 15, 1, 6, 0, 0, 1, 1, 1, 1, 0, 1, 1, 0, 1, 1, 0, 1, 1, 0]
Fitness: 1181.252562 	[9, 10, 4, 6, 0, 7, 8, 2, 12, 13, 15, 0, 3, 1, 0, 5, 14, 11, 0, 1, 0, 1, 0, 1, 0, 1, 1, 1, 1, 1, 0, 1, 1, 0]
Fitness: 1186.316120 	[5, 11, 14, 0, 10, 12, 7, 2, 13, 3, 8, 0, 15, 1, 6, 0, 9, 4, 0, 0, 1, 1, 1, 1, 0, 1, 1, 0, 1, 1, 0, 1, 1, 0]
Fitness: 1181.252562 	[5, 11, 14, 0, 10, 9, 4, 6, 0, 7, 8, 2, 12, 13, 15, 0, 3, 1, 0, 1, 0, 1, 0, 1, 0, 1, 1, 1, 1, 1, 0, 1, 1, 0]
Fitness: 1200.317426 	[9, 4, 0, 15, 1, 6, 0, 5, 11, 14, 0, 10, 12, 7, 2, 13, 3, 8, 0, 0, 1, 1, 1, 1, 0, 1, 1, 0, 1, 1, 0, 1, 1, 0]
Fitness: 1201.004275 	[3, 1, 6, 0, 5, 11, 14, 0, 9, 4, 0, 7, 8, 2, 10, 12, 13, 15, 0, 0, 1, 1, 1, 1, 0, 1, 1, 0, 1, 1, 0, 1, 1, 0]
Fitness: 1200.317426 	[9, 4, 0, 5, 11, 14, 0, 1, 3, 0, 7, 8, 2, 10, 12, 13, 15, 6, 0, 0, 1, 1, 1, 1, 0, 1, 1, 0, 1, 1, 0, 1, 1, 0]
Fitness: 1259.096965 	[1, 0, 9, 6, 4, 0, 5, 11, 14, 0, 10, 12, 7, 2, 13, 3, 8, 15, 0, 1, 0, 1, 1, 1, 0, 1, 1, 1, 1, 0, 0, 1, 1, 0]
Fitness: 1224.388568 	[4, 0, 6, 14, 13, 0, 11, 9, 10, 5, 12, 8, 0, 1, 2, 3, 7, 15, 0, 1, 0, 1, 1, 1, 0, 1, 1, 1, 1, 0, 1, 0, 1, 0]
Fitness: 1259.096965 	[1, 0, 9, 6, 4, 0, 11, 13, 10, 5, 12, 8, 0, 14, 2, 3, 7, 15, 0, 0, 1, 1, 1, 1, 0, 1, 1, 0, 1, 1, 0, 1, 1, 0]
Fitness: 1222.423398 	[1, 0, 4, 0, 11, 9, 10, 5, 12, 8, 0, 3, 6, 7, 2, 14, 13, 15, 0, 1, 0, 1, 1, 1, 1, 0, 1, 0, 1, 1, 0, 1, 1, 0]
Fitness: 1184.415765 	[14, 9, 11, 0, 7, 8, 2, 10, 12, 13, 15, 0, 3, 1, 6, 0, 5, 4, 0, 0, 1, 1, 1, 1, 0, 1, 1, 0, 1, 1, 0, 1, 1, 0]
Fitness: 1222.423398 	[8, 9, 11, 0, 3, 6, 7, 2, 14, 13, 15, 0, 1, 0, 5, 4, 10, 12, 0, 1, 0, 1, 1, 1, 1, 0, 1, 1, 1, 0, 1, 0, 1, 0]
Fitness: 1218.004049 	[1, 6, 0, 9, 4, 0, 5, 11, 14, 10, 3, 0, 7, 8, 2, 12, 13, 15, 0, 1, 0, 1, 1, 1, 0, 1, 1, 0, 1, 1, 1, 0, 1, 0]
Fitness: 1180.681694 	[12, 15, 6, 5, 0, 9, 1, 3, 2, 0, 4, 11, 0, 13, 8, 10, 7, 14, 0, 1, 0, 1, 1, 1, 0, 1, 1, 0, 1, 1, 1, 0, 1, 0]
Fitness: 1218.004049 	[12, 15, 7, 5, 0, 8, 10, 3, 2, 0, 9, 4, 0, 1, 6, 11, 13, 14, 0, 1, 0, 1, 1, 1, 0, 1, 1, 0, 1, 1, 0, 1, 1, 0]
Fitness: 1186.770439 	[5, 1, 14, 0, 7, 15, 10, 11, 6, 0, 3, 8, 2, 0, 4, 12, 9, 13, 0, 1, 0, 1, 1, 1, 1, 0, 0, 1, 0, 1, 1, 1, 1, 0]
Fitness: 1242.532091 	[1, 6, 0, 10, 8, 11, 14, 13, 15, 0, 2, 3, 9, 7, 12, 5, 0, 4, 0, 1, 0, 1, 1, 1, 0, 1, 0, 1, 0, 1, 1, 1, 1, 0]
Fitness: 1186.770439 	[1, 9, 0, 12, 4, 5, 14, 13, 0, 3, 8, 2, 0, 7, 15, 10, 11, 6, 0, 1, 0, 1, 1, 1, 1, 0, 1, 0, 1, 1, 0, 1, 1, 0]
Fitness: 1246.903020 	[1, 5, 0, 10, 3, 13, 0, 4, 9, 14, 0, 6, 12, 7, 2, 11, 15, 8, 0, 1, 0, 1, 1, 1, 0, 1, 0, 1, 1, 1, 0, 1, 1, 0]
Fitness: 1179.756213 	[3, 1, 7, 0, 15, 6, 11, 10, 0, 4, 13, 0, 12, 9, 5, 2, 8, 14, 0, 1, 0, 1, 1, 1, 0, 1, 0, 1, 1, 1, 1, 0, 1, 0]
Fitness: 1246.903020 	[3, 10, 4, 0, 1, 5, 0, 6, 12, 7, 2, 11, 15, 8, 0, 13, 9, 14, 0, 1, 0, 1, 1, 1, 0, 1, 0, 1, 1, 1, 0, 1, 1, 0]
Fitness: 1186.316120 	[5, 11, 14, 0, 15, 1, 6, 0, 9, 4, 0, 10, 12, 7, 2, 13, 3, 8, 0, 0, 1, 1, 1, 1, 0, 1, 1, 0, 1, 1, 0, 1, 1, 0]
Fitness: 1250.657445 	[9, 4, 0, 10, 12, 7, 2, 13, 3, 8, 0, 1, 6, 15, 0, 5, 11, 14, 0, 1, 0, 1, 1, 1, 1, 0, 1, 0, 1, 1, 0, 1, 1, 0]
Fitness: 1186.316120 	[11, 5, 0, 10, 12, 7, 2, 13, 3, 8, 0, 9, 4, 0, 15, 1, 6, 14, 0, 0, 1, 1, 1, 1, 0, 1, 1, 0, 1, 1, 0, 1, 1, 0]
Fitness: 1201.004275 	[3, 1, 6, 0, 7, 8, 2, 10, 12, 13, 15, 0, 9, 4, 0, 5, 11, 14, 0, 0, 1, 1, 1, 1, 0, 1, 1, 0, 1, 1, 0, 1, 1, 0]
Fitness: 1200.317426 	[9, 4, 0, 15, 1, 6, 0, 5, 11, 14, 0, 10, 12, 7, 2, 13, 3, 8, 0, 0, 1, 1, 1, 1, 0, 1, 1, 0, 1, 1, 0, 1, 1, 0]
Fitness: 1201.004275 	[5, 11, 14, 0, 7, 8, 2, 10, 12, 13, 15, 0, 1, 4, 6, 0, 9, 3, 0, 0, 1, 1, 1, 1, 0, 1, 1, 0, 1, 1, 0, 1, 1, 0]
Fitness: 1172.097819 	[3, 10, 15, 7, 0, 11, 13, 1, 0, 5, 6, 14, 0, 12, 9, 4, 2, 8, 0, 1, 0, 1, 1, 1, 1, 0, 1, 1, 1, 1, 0, 0, 1, 0]
Fitness: 1181.252562 	[9, 10, 4, 6, 3, 0, 7, 8, 2, 12, 13, 15, 0, 1, 0, 5, 14, 11, 0, 1, 0, 1, 1, 1, 0, 1, 1, 1, 1, 1, 0, 1, 0, 0]
Fitness: 1259.096965 	[1, 0, 9, 6, 4, 3, 0, 11, 13, 10, 5, 12, 8, 0, 14, 2, 7, 15, 0, 0, 1, 1, 1, 1, 0, 0, 1, 0, 1, 1, 1, 1, 1, 0]
Fitness: 1172.715523 	[11, 5, 8, 0, 9, 4, 0, 15, 1, 6, 0, 10, 12, 7, 2, 13, 3, 14, 0, 0, 1, 1, 1, 1, 0, 1, 1, 1, 1, 0, 0, 1, 1, 0]
Fitness: 1186.316120 	[5, 14, 0, 15, 1, 6, 0, 9, 4, 11, 0, 10, 12, 7, 2, 13, 3, 8, 0, 1, 1, 1, 0, 1, 0, 1, 1, 0, 1, 1, 0, 1, 1, 0]
Fitness: 1200.317426 	[9, 4, 0, 5, 11, 14, 2, 0, 10, 12, 7, 13, 3, 8, 0, 15, 1, 6, 0, 0, 1, 1, 1, 1, 0, 1, 1, 1, 1, 0, 0, 1, 1, 0]
Fitness: 1200.317426 	[4, 0, 10, 12, 7, 2, 13, 3, 8, 9, 0, 5, 11, 14, 0, 15, 1, 6, 0, 1, 1, 1, 1, 1, 0, 1, 1, 0, 1, 0, 0, 1, 1, 0]
Fitness: 1181.252562 	[9, 10, 4, 6, 0, 7, 8, 2, 12, 13, 15, 1, 0, 3, 0, 5, 14, 11, 0, 0, 0, 1, 1, 1, 0, 1, 1, 1, 1, 1, 0, 1, 1, 0]
Fitness: 1240.461123 	[1, 4, 0, 11, 12, 14, 15, 13, 8, 0, 5, 6, 0, 2, 7, 10, 9, 3, 0, 1, 0, 1, 0, 0, 1, 1, 1, 1, 1, 1, 0, 1, 1, 0]
Fitness: 1200.317426 	[9, 4, 0, 10, 12, 7, 2, 13, 3, 8, 5, 0, 11, 14, 0, 15, 1, 6, 0, 0, 1, 1, 1, 1, 0, 0, 1, 0, 1, 1, 1, 1, 1, 0]
Fitness: 1181.395653 	[9, 4, 14, 15, 0, 2, 5, 0, 1, 6, 0, 10, 3, 7, 8, 11, 12, 13, 0, 0, 1, 1, 1, 1, 0, 1, 1, 0, 0, 1, 1, 1, 1, 0]
Fitness: 1172.097819 	[3, 10, 15, 0, 12, 9, 4, 2, 8, 14, 0, 5, 6, 7, 0, 11, 13, 1, 0, 1, 0, 1, 0, 1, 1, 1, 1, 1, 1, 0, 0, 1, 1, 0]
Fitness: 1180.681694 	[12, 15, 6, 5, 0, 9, 1, 3, 2, 4, 0, 11, 0, 13, 8, 10, 7, 14, 0, 1, 1, 1, 1, 1, 0, 1, 1, 0, 1, 1, 0, 0, 1, 0]
Fitness: 1180.532948 	[3, 1, 6, 13, 0, 2, 0, 4, 9, 0, 8, 11, 12, 14, 15, 7, 10, 5, 0, 1, 0, 1, 1, 1, 1, 1, 0, 1, 0, 1, 1, 1, 0, 0]
Fitness: 1200.317426 	[9, 0, 15, 1, 6, 0, 5, 11, 14, 0, 10, 12, 7, 2, 13, 3, 8, 4, 0, 0, 1, 1, 1, 1, 0, 1, 1, 0, 1, 1, 1, 1, 0, 0]
Fitness: 1222.423398 	[1, 4, 0, 3, 6, 7, 0, 11, 9, 10, 5, 12, 8, 0, 2, 14, 13, 15, 0, 1, 0, 1, 1, 1, 1, 1, 1, 1, 1, 0, 0, 0, 1, 0]
Fitness: 1172.715523 	[1, 6, 0, 10, 12, 7, 2, 13, 3, 8, 0, 9, 4, 15, 0, 5, 14, 11, 0, 1, 1, 1, 1, 1, 0, 1, 1, 0, 1, 1, 0, 1, 0, 0]
Fitness: 1216.462543 	[4, 1, 0, 3, 6, 7, 0, 11, 9, 10, 5, 12, 8, 0, 2, 14, 13, 15, 0, 1, 0, 1, 1, 1, 1, 0, 1, 0, 1, 0, 1, 1, 1, 0]
Fitness: 1224.388568 	[4, 0, 6, 14, 13, 11, 0, 9, 10, 5, 12, 8, 0, 1, 2, 3, 7, 15, 0, 1, 0, 1, 1, 1, 0, 1, 1, 0, 1, 0, 1, 1, 1, 0]
Fitness: 1184.415765 	[9, 11, 0, 7, 8, 2, 10, 12, 13, 15, 0, 3, 1, 6, 14, 0, 5, 4, 0, 0, 1, 1, 1, 1, 1, 1, 1, 0, 0, 1, 0, 1, 1, 0]
Fitness: 1216.462543 	[1, 0, 3, 6, 7, 2, 0, 11, 9, 10, 5, 12, 8, 0, 14, 13, 15, 4, 0, 1, 1, 0, 1, 1, 0, 1, 1, 1, 1, 0, 1, 0, 1, 0]
Fitness: 1180.681694 	[12, 15, 6, 5, 0, 9, 1, 3, 2, 0, 4, 11, 8, 0, 13, 10, 7, 14, 0, 1, 1, 1, 1, 0, 0, 1, 1, 0, 1, 1, 1, 0, 1, 0]
Fitness: 1201.004275 	[5, 11, 14, 0, 7, 8, 2, 10, 13, 15, 0, 1, 4, 6, 0, 9, 3, 12, 0, 0, 1, 1, 1, 1, 0, 1, 1, 0, 1, 1, 1, 0, 1, 0]
Fitness: 1197.928752 	[3, 1, 6, 0, 9, 10, 0, 13, 0, 2, 14, 11, 8, 5, 7, 12, 15, 4, 0, 0, 1, 1, 1, 1, 0, 1, 1, 1, 1, 1, 0, 0, 1, 0]
Fitness: 1179.756213 	[3, 1, 7, 0, 15, 6, 11, 10, 4, 0, 13, 0, 12, 9, 5, 2, 8, 14, 0, 1, 0, 0, 1, 1, 1, 1, 0, 1, 1, 1, 1, 0, 1, 0]
Fitness: 1215.035375 	[10, 12, 7, 0, 2, 13, 3, 8, 0, 1, 6, 15, 4, 0, 5, 9, 11, 14, 0, 0, 1, 1, 1, 1, 1, 1, 1, 0, 1, 0, 0, 1, 1, 0]
Fitness: 1213.085511 	[9, 0, 1, 6, 0, 5, 11, 14, 4, 0, 10, 12, 7, 2, 13, 3, 8, 15, 0, 0, 1, 1, 1, 1, 1, 0, 1, 0, 1, 1, 0, 1, 1, 0]
Fitness: 1222.423398 	[8, 9, 11, 3, 0, 6, 7, 2, 14, 13, 15, 0, 1, 0, 5, 4, 10, 12, 0, 1, 0, 1, 1, 1, 1, 1, 1, 0, 1, 0, 1, 0, 1, 0]
Fitness: 1201.004275 	[3, 1, 6, 7, 0, 5, 11, 14, 0, 9, 4, 0, 8, 2, 10, 12, 13, 15, 0, 0, 1, 1, 1, 1, 0, 1, 1, 0, 1, 1, 1, 0, 1, 0]
Fitness: 1200.317426 	[9, 0, 5, 11, 14, 4, 0, 10, 12, 7, 2, 13, 3, 8, 0, 15, 1, 6, 0, 0, 1, 1, 0, 1, 1, 1, 1, 0, 1, 1, 0, 1, 1, 0]
Fitness: 1201.004275 	[3, 1, 6, 0, 7, 8, 2, 10, 12, 13, 15, 0, 9, 0, 5, 11, 14, 4, 0, 0, 1, 1, 1, 1, 0, 1, 1, 1, 1, 1, 0, 0, 1, 0]
Fitness: 1186.316120 	[5, 11, 0, 10, 12, 7, 2, 13, 3, 8, 0, 9, 4, 14, 0, 15, 1, 6, 0, 1, 0, 1, 1, 1, 0, 1, 1, 0, 1, 1, 0, 1, 1, 0]
Fitness: 1256.083807 	[5, 4, 0, 7, 8, 2, 10, 12, 13, 15, 14, 0, 3, 1, 6, 0, 9, 11, 0, 0, 1, 1, 1, 1, 1, 1, 1, 0, 1, 1, 0, 0, 1, 0]
Fitness: 1193.424115 	[14, 1, 11, 15, 0, 9, 4, 0, 10, 12, 7, 2, 13, 3, 8, 0, 5, 6, 0, 0, 1, 1, 1, 1, 1, 1, 0, 0, 1, 1, 0, 1, 1, 0]
Fitness: 1200.317426 	[9, 4, 15, 0, 5, 11, 14, 0, 1, 3, 0, 7, 8, 2, 10, 12, 13, 6, 0, 0, 1, 1, 1, 1, 0, 1, 1, 0, 0, 1, 1, 1, 1, 0]
Fitness: 1200.317426 	[9, 4, 0, 15, 1, 6, 8, 0, 5, 11, 14, 0, 10, 12, 7, 2, 13, 3, 0, 0, 1, 1, 1, 0, 1, 1, 1, 0, 1, 1, 0, 1, 1, 0]
Fitness: 1181.252562 	[9, 10, 4, 6, 0, 7, 2, 12, 13, 15, 0, 3, 1, 8, 0, 5, 14, 11, 0, 1, 1, 1, 0, 1, 0, 0, 1, 1, 1, 1, 0, 1, 1, 0]
Fitness: 1200.317426 	[9, 4, 0, 15, 1, 0, 10, 12, 7, 2, 13, 3, 8, 0, 5, 11, 14, 6, 0, 0, 0, 1, 1, 1, 1, 1, 1, 0, 1, 1, 0, 1, 1, 0]
Fitness: 1213.085511 	[4, 9, 0, 5, 14, 0, 10, 12, 7, 2, 13, 3, 8, 15, 0, 6, 1, 11, 0, 0, 1, 1, 1, 0, 0, 1, 1, 1, 1, 1, 0, 1, 1, 0]
Fitness: 1201.004275 	[3, 1, 6, 0, 4, 0, 5, 11, 14, 0, 7, 8, 2, 10, 12, 13, 15, 9, 0, 1, 1, 1, 1, 1, 0, 1, 1, 0, 1, 0, 0, 1, 1, 0]
Fitness: 1200.317426 	[9, 4, 0, 10, 12, 7, 2, 13, 3, 8, 0, 5, 11, 14, 6, 0, 15, 1, 0, 0, 1, 1, 1, 1, 0, 1, 1, 0, 1, 0, 1, 1, 1, 0]
Fitness: 1200.317426 	[9, 4, 0, 1, 6, 0, 10, 12, 7, 2, 13, 3, 8, 0, 5, 11, 14, 15, 0, 0, 1, 1, 1, 0, 0, 1, 1, 0, 1, 1, 1, 1, 1, 0]
Fitness: 1200.317426 	[4, 0, 15, 1, 6, 0, 5, 11, 14, 0, 10, 12, 7, 2, 13, 3, 8, 9, 0, 0, 1, 1, 1, 1, 1, 1, 1, 0, 1, 1, 0, 0, 1, 0]
Fitness: 1276.612504 	[1, 5, 0, 6, 12, 7, 2, 11, 15, 8, 0, 4, 9, 0, 10, 3, 13, 14, 0, 1, 1, 1, 1, 0, 0, 1, 0, 1, 1, 1, 0, 1, 1, 0]
Fitness: 1201.004275 	[3, 1, 6, 12, 0, 7, 8, 2, 10, 13, 15, 0, 9, 4, 0, 5, 11, 14, 0, 0, 1, 1, 1, 1, 0, 1, 1, 1, 1, 1, 0, 1, 0, 0]
Fitness: 1172.715523 	[15, 1, 6, 0, 5, 14, 0, 10, 12, 7, 2, 13, 3, 8, 0, 9, 4, 11, 0, 0, 1, 1, 0, 1, 0, 1, 1, 0, 1, 1, 1, 1, 1, 0]
Fitness: 1174.434935 	[11, 9, 14, 0, 6, 1, 0, 10, 2, 3, 12, 0, 15, 8, 5, 4, 7, 13, 0, 1, 1, 1, 1, 0, 1, 1, 1, 0, 0, 1, 0, 1, 1, 0]
Fitness: 1259.096965 	[1, 0, 9, 6, 4, 5, 0, 11, 14, 0, 10, 12, 7, 2, 13, 3, 8, 15, 0, 0, 1, 1, 1, 1, 0, 1, 0, 1, 1, 1, 0, 1, 1, 0]
Fitness: 1197.928752 	[3, 6, 0, 9, 10, 4, 0, 13, 1, 0, 2, 14, 11, 8, 5, 7, 12, 15, 0, 0, 0, 1, 1, 1, 1, 0, 1, 1, 1, 1, 0, 1, 1, 0]
Fitness: 1203.073280 	[2, 10, 9, 0, 11, 13, 1, 0, 5, 6, 7, 0, 15, 3, 4, 8, 12, 14, 0, 1, 0, 1, 0, 1, 0, 1, 1, 1, 1, 1, 0, 1, 1, 0]
Fitness: 1200.317426 	[9, 4, 0, 5, 11, 14, 0, 10, 12, 7, 2, 13, 3, 8, 0, 15, 1, 6, 0, 0, 1, 1, 1, 1, 0, 1, 1, 0, 1, 1, 0, 1, 1, 0]
Fitness: 1218.004049 	[7, 8, 2, 12, 13, 15, 0, 9, 4, 0, 5, 11, 14, 10, 3, 0, 1, 6, 0, 1, 0, 1, 1, 1, 0, 1, 1, 0, 1, 1, 0, 1, 1, 0]
Fitness: 1200.317426 	[9, 4, 0, 15, 1, 6, 0, 10, 12, 7, 2, 13, 3, 8, 0, 5, 11, 14, 0, 0, 1, 1, 1, 1, 0, 1, 1, 0, 1, 1, 0, 1, 1, 0]
Fitness: 1224.388568 	[1, 4, 0, 6, 14, 13, 0, 15, 7, 2, 3, 0, 11, 9, 10, 5, 12, 8, 0, 1, 0, 1, 1, 1, 0, 1, 1, 1, 1, 0, 1, 0, 1, 0]
Fitness: 1181.252562 	[9, 10, 4, 6, 3, 0, 7, 8, 2, 12, 13, 15, 0, 5, 14, 11, 0, 1, 0, 1, 0, 1, 1, 1, 0, 1, 1, 1, 1, 1, 0, 1, 0, 0]
Fitness: 1203.073280 	[5, 6, 0, 11, 13, 1, 0, 2, 7, 10, 9, 0, 15, 3, 4, 8, 12, 14, 0, 1, 0, 1, 0, 1, 1, 0, 1, 1, 1, 1, 0, 1, 1, 0]
Fitness: 1172.097819 	[5, 6, 14, 0, 11, 13, 1, 0, 3, 10, 15, 7, 0, 12, 9, 4, 2, 8, 0, 1, 0, 1, 1, 1, 1, 0, 1, 1, 1, 1, 0, 0, 1, 0]
Fitness: 1200.317426 	[4, 0, 10, 12, 7, 2, 13, 3, 8, 9, 0, 15, 1, 6, 0, 5, 11, 14, 0, 1, 1, 1, 1, 1, 0, 1, 1, 0, 1, 0, 0, 1, 1, 0]
Fitness: 1193.424115 	[14, 1, 11, 15, 0, 5, 6, 0, 10, 12, 7, 2, 13, 3, 8, 0, 9, 4, 0, 0, 1, 1, 1, 1, 1, 1, 0, 0, 1, 1, 0, 1, 1, 0]
Fitness: 1186.316120 	[5, 11, 14, 0, 9, 4, 0, 15, 1, 6, 0, 10, 12, 7, 2, 13, 3, 8, 0, 0, 1, 1, 1, 1, 0, 1, 1, 0, 1, 1, 0, 1, 1, 0]
Fitness: 1213.085511 	[5, 11, 14, 4, 0, 1, 6, 0, 9, 0, 10, 12, 7, 2, 13, 3, 8, 15, 0, 0, 1, 1, 1, 1, 1, 0, 1, 0, 1, 1, 0, 1, 1, 0]
Fitness: 1200.317426 	[9, 4, 0, 5, 11, 14, 0, 15, 1, 6, 0, 10, 12, 7, 2, 13, 3, 8, 0, 0, 1, 1, 1, 1, 0, 1, 1, 0, 1, 1, 0, 1, 1, 0]
Fitness: 1200.317426 	[9, 4, 0, 10, 12, 7, 2, 13, 3, 8, 5, 0, 15, 1, 6, 0, 11, 14, 0, 0, 1, 1, 1, 1, 0, 0, 1, 0, 1, 1, 1, 1, 1, 0]
Fitness: 1186.316120 	[15, 1, 6, 0, 5, 11, 14, 0, 9, 4, 0, 10, 12, 7, 2, 13, 3, 8, 0, 0, 1, 1, 1, 1, 0, 1, 1, 0, 1, 1, 0, 1, 1, 0]
Fitness: 1172.097819 	[3, 10, 15, 7, 0, 11, 13, 1, 0, 12, 9, 4, 2, 8, 14, 0, 5, 6, 0, 1, 0, 1, 0, 1, 1, 0, 1, 1, 1, 1, 0, 1, 1, 0]
Fitness: 1240.461123 	[1, 4, 0, 2, 7, 10, 9, 0, 5, 6, 0, 11, 12, 14, 15, 13, 3, 8, 0, 1, 0, 1, 0, 1, 1, 0, 1, 1, 1, 1, 0, 1, 1, 0]
Fitness: 1276.612504 	[4, 9, 0, 6, 12, 7, 2, 11, 15, 8, 0, 1, 5, 0, 10, 3, 13, 14, 0, 1, 1, 1, 1, 0, 0, 1, 0, 1, 1, 1, 0, 1, 1, 0]
Fitness: 1233.927947 	[10, 12, 7, 2, 13, 3, 8, 15, 0, 14, 9, 0, 11, 6, 1, 0, 5, 4, 0, 0, 1, 1, 1, 0, 1, 1, 1, 0, 1, 1, 0, 1, 1, 0]
Fitness: 1181.252562 	[9, 10, 4, 6, 0, 5, 14, 11, 0, 3, 1, 8, 0, 7, 2, 12, 13, 15, 0, 1, 1, 1, 0, 1, 0, 0, 1, 1, 1, 1, 0, 1, 1, 0]
Fitness: 1259.096965 	[10, 12, 7, 2, 13, 3, 8, 15, 0, 9, 6, 4, 0, 5, 11, 14, 0, 1, 0, 0, 1, 1, 1, 1, 0, 1, 1, 0, 1, 1, 0, 1, 1, 0]
Fitness: 1222.423398 	[8, 9, 11, 0, 3, 6, 7, 2, 14, 13, 15, 0, 5, 4, 10, 12, 0, 1, 0, 1, 0, 1, 1, 1, 1, 0, 1, 1, 1, 0, 1, 0, 1, 0]
Fitness: 1246.903020 	[1, 5, 0, 6, 12, 7, 2, 11, 15, 8, 0, 4, 9, 14, 0, 10, 3, 13, 0, 1, 0, 1, 1, 1, 0, 1, 0, 1, 1, 1, 0, 1, 1, 0]
Fitness: 1200.317426 	[10, 12, 7, 2, 13, 3, 8, 0, 15, 1, 6, 0, 5, 11, 14, 0, 9, 4, 0, 0, 1, 1, 1, 1, 0, 1, 1, 0, 1, 1, 0, 1, 1, 0]
Fitness: 1200.317426 	[5, 11, 14, 0, 15, 1, 6, 0, 9, 4, 0, 10, 12, 7, 2, 13, 3, 8, 0, 0, 1, 1, 1, 1, 0, 1, 1, 0, 1, 1, 0, 1, 1, 0]
Fitness: 1201.004275 	[7, 8, 2, 10, 12, 13, 15, 0, 5, 11, 14, 0, 1, 4, 6, 0, 9, 3, 0, 0, 1, 1, 1, 1, 0, 1, 1, 0, 1, 1, 0, 1, 1, 0]
Fitness: 1216.462543 	[1, 0, 11, 9, 10, 5, 12, 8, 0, 4, 0, 3, 6, 7, 2, 14, 13, 15, 0, 1, 0, 1, 1, 1, 0, 1, 1, 1, 1, 0, 1, 0, 1, 0]
Fitness: 1216.462543 	[11, 9, 10, 5, 12, 8, 0, 4, 0, 1, 0, 3, 6, 7, 2, 14, 13, 15, 0, 1, 0, 1, 1, 1, 0, 1, 1, 1, 1, 0, 1, 0, 1, 0]
Fitness: 1200.317426 	[5, 11, 14, 0, 15, 1, 6, 0, 9, 4, 0, 10, 12, 7, 2, 13, 3, 8, 0, 0, 1, 1, 1, 1, 0, 1, 1, 0, 1, 1, 0, 1, 1, 0]
Fitness: 1200.317426 	[9, 4, 0, 10, 12, 7, 2, 13, 3, 0, 5, 11, 14, 0, 15, 1, 6, 8, 0, 0, 1, 1, 1, 0, 1, 1, 1, 0, 1, 1, 0, 1, 1, 0]
Fitness: 1259.096965 	[1, 0, 9, 6, 4, 0, 10, 12, 7, 2, 13, 3, 8, 15, 0, 5, 11, 14, 0, 0, 1, 1, 1, 1, 0, 1, 1, 0, 1, 1, 0, 1, 1, 0]
Fitness: 1222.423398 	[1, 0, 3, 6, 7, 2, 14, 13, 15, 0, 11, 9, 10, 5, 12, 8, 0, 4, 0, 1, 0, 1, 1, 1, 1, 0, 1, 0, 1, 1, 0, 1, 1, 0]
Fitness: 1197.928752 	[9, 10, 0, 3, 1, 6, 0, 13, 0, 2, 14, 11, 8, 5, 7, 12, 15, 4, 0, 0, 1, 1, 1, 1, 0, 1, 1, 1, 1, 1, 0, 0, 1, 0]
Fitness: 1172.715523 	[10, 12, 7, 2, 13, 3, 14, 0, 9, 4, 0, 15, 1, 6, 0, 11, 5, 8, 0, 0, 1, 1, 1, 1, 0, 1, 1, 1, 1, 0, 0, 1, 1, 0]
Fitness: 1181.252562 	[9, 10, 4, 6, 0, 7, 8, 2, 12, 13, 15, 0, 5, 14, 11, 0, 3, 1, 0, 1, 0, 1, 0, 1, 0, 1, 1, 1, 1, 1, 0, 1, 1, 0]
Fitness: 1172.097819 	[3, 10, 15, 0, 12, 9, 4, 2, 8, 14, 0, 11, 13, 1, 0, 5, 6, 7, 0, 1, 0, 1, 0, 1, 1, 1, 1, 1, 1, 0, 0, 1, 1, 0]
Fitness: 1186.316120 	[15, 1, 6, 0, 10, 12, 7, 2, 13, 3, 8, 0, 9, 4, 14, 0, 5, 11, 0, 1, 0, 1, 1, 1, 0, 1, 1, 0, 1, 1, 0, 1, 1, 0]
Fitness: 1213.085511 	[4, 9, 0, 5, 11, 14, 0, 6, 1, 0, 10, 12, 7, 2, 13, 3, 8, 15, 0, 0, 1, 1, 1, 1, 0, 1, 1, 0, 1, 1, 0, 1, 1, 0]
Fitness: 1200.317426 	[9, 4, 0, 10, 12, 7, 2, 13, 3, 8, 0, 5, 11, 14, 0, 15, 1, 6, 0, 0, 1, 1, 1, 1, 0, 1, 1, 0, 1, 1, 0, 1, 1, 0]
Fitness: 1172.097819 	[3, 10, 15, 6, 0, 12, 9, 4, 2, 8, 14, 0, 11, 13, 1, 0, 5, 7, 0, 1, 0, 1, 0, 1, 1, 0, 1, 1, 1, 1, 0, 1, 1, 0]
Fitness: 1200.317426 	[9, 4, 0, 7, 8, 2, 10, 12, 13, 15, 6, 0, 1, 3, 0, 5, 11, 14, 0, 0, 1, 1, 1, 1, 0, 1, 1, 0, 1, 1, 0, 1, 1, 0]
Fitness: 1276.612504 	[1, 5, 0, 4, 9, 14, 0, 6, 12, 7, 2, 11, 15, 8, 0, 10, 3, 13, 0, 1, 0, 1, 1, 1, 0, 1, 0, 1, 1, 1, 0, 1, 1, 0]
Fitness: 1213.085511 	[4, 9, 0, 5, 11, 14, 0, 6, 1, 0, 10, 12, 7, 2, 13, 3, 8, 15, 0, 0, 1, 1, 1, 1, 0, 1, 1, 0, 1, 1, 0, 1, 1, 0]
Fitness: 1186.316120 	[5, 11, 14, 0, 15, 1, 6, 0, 9, 4, 0, 10, 12, 7, 2, 13, 3, 8, 0, 0, 1, 1, 1, 1, 0, 1, 1, 0, 1, 1, 0, 1, 1, 0]
Fitness: 1184.415765 	[9, 11, 0, 5, 4, 0, 3, 1, 6, 14, 0, 7, 8, 2, 10, 12, 13, 15, 0, 0, 1, 1, 1, 1, 1, 1, 1, 0, 0, 1, 0, 1, 1, 0]
Fitness: 1200.317426 	[5, 11, 14, 0, 15, 1, 6, 0, 9, 0, 10, 12, 7, 2, 13, 3, 8, 4, 0, 0, 1, 1, 1, 1, 0, 1, 1, 0, 1, 1, 1, 1, 0, 0]
Fitness: 1173.433270 	[9, 14, 0, 10, 12, 7, 2, 13, 3, 8, 0, 5, 4, 0, 1, 11, 6, 15, 0, 0, 1, 1, 1, 0, 1, 1, 1, 0, 1, 1, 0, 1, 1, 0]
Fitness: 1181.252562 	[9, 10, 4, 6, 0, 3, 1, 0, 7, 8, 2, 12, 13, 15, 0, 5, 14, 11, 0, 1, 0, 1, 0, 1, 0, 1, 1, 1, 1, 1, 0, 1, 1, 0]
Fitness: 1222.423398 	[11, 9, 10, 5, 12, 8, 0, 3, 6, 7, 0, 1, 4, 0, 2, 14, 13, 15, 0, 1, 0, 1, 1, 1, 1, 1, 1, 1, 1, 0, 0, 0, 1, 0]
Fitness: 1180.532948 	[13, 2, 0, 3, 1, 6, 0, 4, 9, 0, 8, 11, 12, 14, 15, 7, 10, 5, 0, 1, 0, 1, 1, 0, 1, 1, 1, 1, 0, 1, 1, 1, 0, 0]
Fitness: 1172.715523 	[15, 1, 6, 0, 9, 4, 0, 5, 11, 14, 0, 10, 12, 7, 2, 13, 3, 8, 0, 0, 1, 1, 1, 1, 0, 1, 1, 0, 1, 1, 0, 1, 1, 0]
Time: 0.49993