Fitness: 1276.612504 	[1, 5, 0, 6, 12, 7, 2, 11, 15, 8, 0, 4, 9, 14, 0, 10, 3, 13, 0, 1, 0, 1, 1, 1, 0, 1, 0, 1, 1, 1, 0, 1, 1, 0]
Fitness: 1276.612504 	[1, 5, 0, 6, 12, 7, 2, 11, 15, 8, 0, 4, 9, 14, 0, 10, 3, 13, 0, 1, 0, 1, 1, 1, 0, 1, 0, 1, 1, 1, 0, 1, 1, 0]
Fitness: 1263.357940 	[1, 4, 0, 6, 14, 13, 0, 11, 9, 10, 5, 12, 8, 0, 15, 7, 2, 3, 0, 1, 0, 1, 1, 1, 0, 1, 1, 1, 1, 0, 1, 0, 1, 0]
Fitness: 1263.357940 	[1, 4, 0, 6, 14, 13, 0, 15, 7, 2, 3, 0, 11, 9, 10, 5, 12, 8, 0, 1, 0, 1, 1, 1, 0, 1, 1, 1, 1, 0, 1, 0, 1, 0]
Fitness: 1263.164821 	[1, 5, 0, 10, 12, 7, 2, 13, 3, 8, 0, 9, 4, 0, 6, 11, 14, 15, 0, 0, 1, 1, 1, 1, 0, 1, 1, 0, 1, 1, 0, 1, 1, 0]
Fitness: 1259.096965 	[1, 0, 9, 6, 4, 0, 5, 11, 14, 0, 10, 12, 7, 2, 13, 3, 8, 15, 0, 0, 1, 1, 1, 1, 0, 1, 1, 0, 1, 1, 0, 1, 1, 0]
Fitness: 1259.096965 	[1, 0, 9, 6, 4, 0, 5, 11, 14, 0, 10, 12, 7, 2, 13, 3, 8, 15, 0, 0, 1, 1, 1, 1, 0, 1, 1, 0, 1, 1, 0, 1, 1, 0]
Fitness: 1259.096965 	[1, 0, 9, 6, 4, 0, 10, 12, 7, 2, 13, 3, 8, 15, 0, 5, 11, 14, 0, 0, 1, 1, 1, 1, 0, 1, 1, 0, 1, 1, 0, 1, 1, 0]
Fitness: 1256.083807 	[5, 4, 0, 7, 8, 2, 10, 12, 13, 15, 0, 3, 1, 6, 0, 14, 9, 11, 0, 0, 1, 1, 1, 1, 0, 1, 1, 0, 1, 1, 0, 1, 1, 0]
Fitness: 1250.993428 	[4, 1, 0, 3, 6, 7, 0, 11, 9, 10, 5, 12, 8, 0, 2, 14, 13, 15, 0, 1, 0, 1, 1, 1, 1, 0, 1, 0, 1, 0, 1, 1, 1, 0]
Fitness: 1250.657445 	[9, 4, 0, 10, 12, 7, 2, 13, 3, 8, 0, 5, 11, 14, 0, 1, 6, 15, 0, 1, 0, 1, 1, 1, 1, 0, 1, 0, 1, 1, 0, 1, 1, 0]
Fitness: 1250.657445 	[9, 4, 0, 10, 12, 7, 2, 13, 3, 8, 0, 1, 6, 15, 0, 5, 11, 14, 0, 1, 0, 1, 1, 1, 1, 0, 1, 0, 1, 1, 0, 1, 1, 0]
Fitness: 1250.657445 	[9, 4, 0, 10, 12, 7, 2, 13, 3, 8, 0, 1, 6, 15, 0, 5, 11, 14, 0, 1, 0, 1, 1, 1, 1, 0, 1, 0, 1, 1, 0, 1, 1, 0]
Fitness: 1246.903020 	[1, 5, 0, 10, 3, 13, 0, 4, 9, 14, 0, 6, 12, 7, 2, 11, 15, 8, 0, 1, 0, 1, 1, 1, 0, 1, 0, 1, 1, 1, 0, 1, 1, 0]
Fitness: 1246.903020 	[1, 5, 0, 10, 3, 13, 0, 4, 9, 14, 0, 6, 12, 7, 2, 11, 15, 8, 0, 1, 0, 1, 1, 1, 0, 1, 0, 1, 1, 1, 0, 1, 1, 0]
Fitness: 1243.346647 	[5, 11, 0, 10, 12, 7, 2, 13, 3, 8, 0, 9, 4, 14, 0, 15, 1, 6, 0, 1, 0, 1, 1, 1, 0, 1, 1, 0, 1, 1, 0, 1, 1, 0]
Fitness: 1242.532091 	[1, 6, 0, 10, 8, 11, 14, 13, 15, 0, 2, 3, 9, 7, 12, 5, 0, 4, 0, 1, 0, 1, 1, 1, 0, 1, 0, 1, 0, 1, 1, 1, 1, 0]
Fitness: 1242.532091 	[1, 6, 0, 10, 8, 11, 14, 13, 15, 0, 2, 3, 9, 7, 12, 5, 0, 4, 0, 1, 0, 1, 1, 1, 0, 1, 0, 1, 0, 1, 1, 1, 1, 0]
Fitness: 1241.271005 	[9, 4, 0, 5, 11, 14, 0, 10, 12, 7, 2, 13, 3, 8, 0, 15, 1, 6, 0, 1, 0, 1, 1, 1, 0, 1, 1, 0, 1, 1, 0, 1, 1, 0]
Fitness: 1241.271005 	[9, 4, 0, 15, 1, 6, 0, 5, 11, 14, 0, 10, 12, 7, 2, 13, 3, 8, 0, 1, 0, 1, 1, 1, 0, 1, 1, 0, 1, 1, 0, 1, 1, 0]
Fitness: 1241.271005 	[9, 4, 0, 15, 1, 6, 0, 5, 11, 14, 0, 10, 12, 7, 2, 13, 3, 8, 0, 1, 0, 1, 1, 1, 0, 1, 1, 0, 1, 1, 0, 1, 1, 0]
Fitness: 1240.461123 	[2, 7, 10, 9, 0, 5, 6, 0, 11, 13, 1, 0, 15, 3, 4, 8, 12, 14, 0, 1, 0, 1, 0, 1, 1, 0, 1, 1, 1, 1, 0, 1, 1, 0]
Fitness: 1233.927947 	[5, 4, 0, 14, 9, 0, 11, 6, 1, 0, 10, 12, 7, 2, 13, 3, 8, 15, 0, 0, 1, 1, 1, 0, 1, 1, 1, 0, 1, 1, 0, 1, 1, 0]
Fitness: 1233.344233 	[1, 0, 9, 6, 4, 0, 11, 13, 10, 5, 12, 8, 0, 14, 2, 3, 7, 15, 0, 0, 1, 1, 1, 1, 0, 1, 1, 0, 1, 1, 0, 1, 1, 0]
Fitness: 1225.970065 	[15, 1, 6, 0, 10, 12, 7, 2, 13, 3, 8, 0, 9, 4, 14, 0, 5, 11, 0, 1, 0, 1, 1, 1, 0, 1, 1, 0, 1, 1, 0, 1, 1, 0]
Fitness: 1224.388568 	[4, 0, 6, 14, 13, 0, 1, 2, 3, 7, 15, 0, 11, 9, 10, 5, 12, 8, 0, 1, 0, 1, 1, 1, 0, 1, 1, 1, 1, 0, 1, 0, 1, 0]
Fitness: 1224.388568 	[4, 0, 6, 14, 13, 0, 1, 2, 3, 7, 15, 0, 11, 9, 10, 5, 12, 8, 0, 1, 0, 1, 1, 1, 0, 1, 1, 1, 1, 0, 1, 0, 1, 0]
Fitness: 1224.388568 	[4, 0, 6, 14, 13, 0, 11, 9, 10, 5, 12, 8, 0, 1, 2, 3, 7, 15, 0, 1, 0, 1, 1, 1, 0, 1, 1, 1, 1, 0, 1, 0, 1, 0]
Fitness: 1224.388568 	[4, 0, 6, 14, 13, 0, 11, 9, 10, 5, 12, 8, 0, 1, 2, 3, 7, 15, 0, 1, 0, 1, 1, 1, 0, 1, 1, 1, 1, 0, 1, 0, 1, 0]
Fitness: 1224.388568 	[4, 0, 6, 14, 13, 0, 11, 9, 10, 5, 12, 8, 0, 1, 2, 3, 7, 15, 0, 1, 0, 1, 1, 1, 0, 1, 1, 1, 1, 0, 1, 0, 1, 0]
Fitness: 1224.388568 	[4, 0, 6, 14, 13, 0, 11, 9, 10, 5, 12, 8, 0, 1, 2, 3, 7, 15, 0, 1, 0, 1, 1, 1, 0, 1, 1, 1, 1, 0, 1, 0, 1, 0]
Fitness: 1224.388568 	[4, 0, 6, 14, 13, 0, 11, 9, 10, 5, 12, 8, 0, 1, 2, 3, 7, 15, 0, 1, 0, 1, 1, 1, 0, 1, 1, 1, 1, 0, 1, 0, 1, 0]
Fitness: 1223.360590 	[2, 5, 1, 0, 9, 3, 0, 4, 0, 11, 6, 7, 8, 10, 12, 13, 14, 15, 0, 1, 0, 1, 1, 1, 0, 1, 0, 1, 1, 1, 1, 0, 1, 0]
Fitness: 1223.360590 	[2, 5, 1, 0, 9, 3, 0, 4, 0, 11, 6, 7, 8, 10, 12, 13, 14, 15, 0, 1, 0, 1, 1, 1, 0, 1, 0, 1, 1, 1, 1, 0, 1, 0]
Fitness: 1222.423398 	[1, 0, 4, 0, 11, 9, 10, 5, 12, 8, 0, 3, 6, 7, 2, 14, 13, 15, 0, 1, 0, 1, 1, 1, 1, 0, 1, 1, 1, 0, 1, 0, 1, 0]
Fitness: 1222.073318 	[1, 11, 0, 9, 4, 0, 10, 12, 7, 2, 13, 3, 8, 0, 6, 15, 5, 14, 0, 0, 1, 1, 1, 1, 0, 1, 1, 0, 1, 1, 0, 1, 1, 0]
Fitness: 1218.004049 	[1, 6, 0, 9, 4, 0, 5, 11, 14, 10, 3, 0, 7, 8, 2, 12, 13, 15, 0, 1, 0, 1, 1, 1, 0, 1, 1, 0, 1, 1, 0, 1, 1, 0]
Fitness: 1218.004049 	[1, 6, 0, 9, 4, 0, 5, 11, 14, 10, 3, 0, 7, 8, 2, 12, 13, 15, 0, 1, 0, 1, 1, 1, 0, 1, 1, 0, 1, 1, 0, 1, 1, 0]
Fitness: 1216.462543 	[1, 0, 4, 0, 11, 9, 10, 5, 12, 8, 0, 3, 6, 7, 2, 14, 13, 15, 0, 1, 0, 1, 1, 1, 0, 1, 1, 1, 1, 0, 1, 0, 1, 0]
Fitness: 1216.462543 	[4, 0, 1, 0, 11, 9, 10, 5, 12, 8, 0, 3, 6, 7, 2, 14, 13, 15, 0, 1, 0, 1, 1, 1, 1, 0, 1, 1, 1, 0, 1, 0, 1, 0]
Fitness: 1216.462543 	[1, 0, 4, 0, 11, 9, 10, 5, 12, 8, 0, 3, 6, 7, 2, 14, 13, 15, 0, 1, 0, 1, 1, 1, 0, 1, 1, 1, 1, 0, 1, 0, 1, 0]
Fitness: 1215.372236 	[9, 4, 0, 7, 8, 2, 10, 12, 13, 15, 6, 0, 1, 3, 0, 5, 11, 14, 0, 0, 1, 1, 1, 1, 0, 1, 1, 0, 1, 1, 0, 1, 1, 0]
Fitness: 1215.372236 	[9, 4, 0, 5, 11, 14, 0, 1, 3, 0, 7, 8, 2, 10, 12, 13, 15, 6, 0, 0, 1, 1, 1, 1, 0, 1, 1, 0, 1, 1, 0, 1, 1, 0]
Fitness: 1215.035375 	[4, 0, 10, 12, 7, 2, 13, 3, 8, 0, 1, 6, 15, 0, 5, 9, 11, 14, 0, 0, 1, 1, 1, 1, 0, 1, 1, 0, 1, 1, 0, 1, 1, 0]
Fitness: 1213.648035 	[1, 6, 0, 9, 4, 0, 5, 11, 14, 10, 3, 0, 7, 8, 2, 12, 13, 15, 0, 1, 0, 1, 1, 1, 0, 1, 1, 0, 1, 1, 1, 0, 1, 0]
Fitness: 1213.085511 	[4, 9, 0, 5, 11, 14, 0, 10, 12, 7, 2, 13, 3, 8, 15, 0, 6, 1, 0, 0, 1, 1, 1, 1, 0, 1, 1, 0, 1, 1, 0, 1, 1, 0]
Fitness: 1213.085511 	[4, 9, 0, 5, 11, 14, 0, 10, 12, 7, 2, 13, 3, 8, 15, 0, 6, 1, 0, 0, 1, 1, 1, 1, 0, 1, 1, 0, 1, 1, 0, 1, 1, 0]
Fitness: 1213.085511 	[4, 9, 0, 5, 11, 14, 0, 6, 1, 0, 10, 12, 7, 2, 13, 3, 8, 15, 0, 0, 1, 1, 1, 1, 0, 1, 1, 0, 1, 1, 0, 1, 1, 0]
Fitness: 1213.085511 	[4, 9, 0, 5, 11, 14, 0, 6, 1, 0, 10, 12, 7, 2, 13, 3, 8, 15, 0, 0, 1, 1, 1, 1, 0, 1, 1, 0, 1, 1, 0, 1, 1, 0]
Fitness: 1213.085511 	[9, 4, 0, 1, 6, 0, 5, 11, 14, 0, 10, 12, 7, 2, 13, 3, 8, 15, 0, 0, 1, 1, 1, 1, 0, 1, 1, 0, 1, 1, 0, 1, 1, 0]
Fitness: 1206.182201 	[11, 5, 0, 10, 12, 7, 2, 13, 3, 8, 0, 9, 4, 0, 15, 1, 6, 14, 0, 0, 1, 1, 1, 1, 0, 1, 1, 0, 1, 1, 0, 1, 1, 0]
Fitness: 1203.073280 	[2, 7, 10, 9, 0, 5, 6, 0, 11, 13, 1, 0, 15, 3, 4, 8, 12, 14, 0, 1, 0, 1, 0, 1, 1, 1, 1, 0, 1, 1, 0, 1, 1, 0]
Fitness: 1203.073280 	[2, 7, 10, 9, 0, 11, 13, 1, 0, 5, 6, 0, 15, 3, 4, 8, 12, 14, 0, 1, 0, 1, 0, 1, 1, 0, 1, 1, 1, 1, 0, 1, 1, 0]
Fitness: 1203.073280 	[2, 7, 10, 9, 0, 11, 13, 1, 0, 5, 6, 0, 15, 3, 4, 8, 12, 14, 0, 1, 0, 1, 0, 1, 1, 0, 1, 1, 1, 1, 0, 1, 1, 0]
Fitness: 1201.317711 	[4, 0, 6, 14, 13, 11, 0, 9, 10, 5, 12, 8, 0, 1, 2, 3, 7, 15, 0, 1, 0, 1, 1, 1, 0, 1, 1, 0, 1, 0, 1, 1, 1, 0]
Fitness: 1201.004275 	[3, 1, 6, 0, 9, 4, 0, 5, 11, 14, 0, 7, 8, 2, 10, 12, 13, 15, 0, 0, 1, 1, 1, 1, 0, 1, 1, 0, 1, 1, 0, 1, 1, 0]
Fitness: 1201.004275 	[3, 1, 6, 0, 5, 11, 14, 0, 9, 4, 0, 7, 8, 2, 10, 12, 13, 15, 0, 0, 1, 1, 1, 1, 0, 1, 1, 0, 1, 1, 0, 1, 1, 0]
Fitness: 1201.004275 	[3, 1, 6, 0, 9, 4, 0, 5, 11, 14, 0, 7, 8, 2, 10, 12, 13, 15, 0, 0, 1, 1, 1, 1, 0, 1, 1, 0, 1, 1, 0, 1, 1, 0]
Fitness: 1201.004275 	[3, 1, 6, 0, 5, 11, 14, 0, 9, 4, 0, 7, 8, 2, 10, 12, 13, 15, 0, 0, 1, 1, 1, 1, 0, 1, 1, 0, 1, 1, 0, 1, 1, 0]
Fitness: 1201.004275 	[3, 1, 6, 0, 7, 8, 2, 10, 12, 13, 15, 0, 9, 4, 0, 5, 11, 14, 0, 0, 1, 1, 1, 1, 0, 1, 1, 0, 1, 1, 0, 1, 1, 0]
Fitness: 1201.004275 	[3, 1, 6, 0, 7, 8, 2, 10, 12, 13, 15, 0, 9, 4, 0, 5, 11, 14, 0, 0, 1, 1, 1, 1, 0, 1, 1, 0, 1, 1, 0, 1, 1, 0]
Fitness: 1200.317426 	[9, 4, 0, 11, 5, 14, 0, 15, 1, 6, 0, 10, 12, 7, 2, 13, 3, 8, 0, 0, 1, 1, 1, 1, 0, 1, 1, 0, 1, 1, 0, 1, 1, 0]
Fitness: 1200.317426 	[9, 4, 0, 5, 11, 14, 0, 10, 12, 7, 2, 13, 3, 8, 0, 15, 1, 6, 0, 0, 1, 1, 1, 1, 0, 1, 1, 0, 1, 1, 0, 1, 1, 0]
Fitness: 1200.317426 	[9, 4, 0, 5, 11, 14, 0, 10, 12, 7, 2, 13, 3, 8, 0, 15, 1, 6, 0, 0, 1, 1, 1, 1, 0, 1, 1, 0, 1, 1, 0, 1, 1, 0]
Fitness: 1200.317426 	[9, 4, 0, 5, 11, 14, 0, 10, 12, 7, 2, 13, 3, 8, 0, 15, 1, 6, 0, 0, 1, 1, 1, 1, 0, 1, 1, 0, 1, 1, 0, 1, 1, 0]
Fitness: 1200.317426 	[9, 4, 0, 5, 11, 14, 0, 10, 12, 7, 2, 13, 3, 8, 0, 15, 1, 6, 0, 0, 1, 1, 1, 1, 0, 1, 1, 0, 1, 1, 0, 1, 1, 0]
Fitness: 1200.317426 	[9, 4, 0, 5, 11, 14, 0, 15, 1, 6, 0, 10, 12, 7, 2, 13, 3, 8, 0, 0, 1, 1, 1, 1, 0, 1, 1, 0, 1, 1, 0, 1, 1, 0]
Fitness: 1200.317426 	[9, 4, 0, 15, 1, 6, 0, 5, 11, 14, 0, 10, 12, 7, 2, 13, 3, 8, 0, 0, 1, 1, 1, 1, 0, 1, 1, 0, 1, 1, 0, 1, 1, 0]
Fitness: 1200.317426 	[9, 4, 0, 15, 1, 6, 0, 5, 11, 14, 0, 10, 12, 7, 2, 13, 3, 8, 0, 0, 1, 1, 1, 1, 0, 1, 1, 0, 1, 1, 0, 1, 1, 0]
Fitness: 1200.317426 	[9, 4, 0, 15, 1, 6, 0, 5, 11, 14, 0, 10, 12, 7, 2, 13, 3, 8, 0, 0, 1, 1, 1, 1, 0, 1, 1, 0, 1, 1, 0, 1, 1, 0]
Fitness: 1200.317426 	[9, 4, 0, 10, 12, 7, 2, 13, 3, 8, 0, 5, 11, 14, 0, 1, 6, 15, 0, 0, 1, 1, 1, 1, 0, 1, 1, 0, 1, 1, 0, 1, 1, 0]
Fitness: 1200.317426 	[9, 4, 0, 15, 1, 6, 0, 5, 11, 14, 0, 10, 12, 7, 2, 13, 3, 8, 0, 0, 1, 1, 1, 1, 0, 1, 1, 0, 1, 1, 0, 1, 1, 0]
Fitness: 1200.317426 	[9, 4, 0, 15, 1, 6, 0, 10, 12, 7, 2, 13, 3, 8, 0, 5, 11, 14, 0, 0, 1, 1, 1, 1, 0, 1, 1, 0, 1, 1, 0, 1, 1, 0]
Fitness: 1200.317426 	[9, 4, 0, 15, 1, 6, 0, 5, 11, 14, 0, 10, 12, 7, 2, 13, 3, 8, 0, 0, 1, 1, 1, 1, 0, 1, 1, 0, 1, 1, 0, 1, 1, 0]
Fitness: 1200.317426 	[9, 4, 0, 15, 1, 6, 0, 5, 11, 14, 0, 10, 12, 7, 2, 13, 3, 8, 0, 0, 1, 1, 1, 1, 0, 1, 1, 0, 1, 1, 0, 1, 1, 0]
Fitness: 1200.317426 	[9, 4, 0, 15, 1, 6, 0, 5, 11, 14, 0, 10, 12, 7, 2, 13, 3, 8, 0, 0, 1, 1, 1, 1, 0, 1, 1, 0, 1, 1, 0, 1, 1, 0]
Fitness: 1200.317426 	[9, 4, 0, 15, 1, 6, 0, 10, 12, 7, 2, 13, 3, 8, 0, 5, 11, 14, 0, 0, 1, 1, 1, 1, 0, 1, 1, 0, 1, 1, 0, 1, 1, 0]
Fitness: 1200.317426 	[9, 4, 0, 15, 1, 6, 0, 5, 11, 14, 0, 10, 12, 7, 2, 13, 3, 8, 0, 0, 1, 1, 1, 1, 0, 1, 1, 0, 1, 1, 0, 1, 1, 0]
Fitness: 1200.317426 	[9, 4, 0, 15, 1, 6, 0, 5, 11, 14, 0, 10, 12, 7, 2, 13, 3, 8, 0, 0, 1, 1, 1, 1, 0, 1, 1, 0, 1, 1, 0, 1, 1, 0]
Fitness: 1200.317426 	[9, 4, 0, 15, 1, 6, 0, 5, 11, 14, 0, 10, 12, 7, 2, 13, 3, 8, 0, 0, 1, 1, 1, 1, 0, 1, 1, 0, 1, 1, 0, 1, 1, 0]
Fitness: 1200.317426 	[9, 4, 0, 15, 1, 6, 0, 5, 11, 14, 0, 10, 12, 7, 2, 13, 3, 8, 0, 0, 1, 1, 1, 1, 0, 1, 1, 0, 1, 1, 0, 1, 1, 0]
Fitness: 1200.317426 	[9, 4, 0, 15, 1, 6, 0, 5, 11, 14, 0, 10, 12, 7, 2, 13, 3, 8, 0, 0, 1, 1, 1, 1, 0, 1, 1, 0, 1, 1, 0, 1, 1, 0]
Fitness: 1200.317426 	[9, 4, 0, 15, 1, 6, 0, 5, 11, 14, 0, 10, 12, 7, 2, 13, 3, 8, 0, 0, 1, 1, 1, 1, 0, 1, 1, 0, 1, 1, 0, 1, 1, 0]
Fitness: 1200.317426 	[9, 4, 0, 15, 1, 6, 0, 5, 11, 14, 0, 10, 12, 7, 2, 13, 3, 8, 0, 0, 1, 1, 1, 1, 0, 1, 1, 0, 1, 1, 0, 1, 1, 0]
Fitness: 1200.317426 	[9, 4, 0, 15, 1, 6, 0, 5, 11, 14, 0, 10, 12, 7, 2, 13, 3, 8, 0, 0, 1, 1, 1, 1, 0, 1, 1, 0, 1, 1, 0, 1, 1, 0]
Fitness: 1200.317426 	[9, 4, 0, 15, 1, 6, 0, 5, 11, 14, 0, 10, 12, 7, 2, 13, 3, 8, 0, 0, 1, 1, 1, 1, 0, 1, 1, 0, 1, 1, 0, 1, 1, 0]
Fitness: 1200.317426 	[9, 4, 0, 15, 1, 6, 0, 5, 11, 14, 0, 10, 12, 7, 2, 13, 3, 8, 0, 0, 1, 1, 1, 1, 0, 1, 1, 0, 1, 1, 0, 1, 1, 0]
Fitness: 1200.317426 	[9, 4, 0, 15, 1, 6, 0, 5, 11, 14, 0, 10, 12, 7, 2, 13, 3, 8, 0, 0, 1, 1, 1, 1, 0, 1, 1, 0, 1, 1, 0, 1, 1, 0]
Fitness: 1200.317426 	[9, 4, 0, 15, 1, 6, 0, 10, 12, 7, 2, 13, 3, 8, 0, 5, 11, 14, 0, 0, 1, 1, 1, 1, 0, 1, 1, 0, 1, 1, 0, 1, 1, 0]
Fitness: 1200.317426 	[9, 4, 0, 10, 12, 7, 2, 13, 3, 8, 0, 5, 11, 14, 0, 15, 1, 6, 0, 0, 1, 1, 1, 1, 0, 1, 1, 0, 1, 1, 0, 1, 1, 0]
Fitness: 1200.317426 	[9, 4, 0, 10, 12, 7, 2, 13, 3, 8, 0, 5, 11, 14, 0, 15, 1, 6, 0, 0, 1, 1, 1, 1, 0, 1, 1, 0, 1, 1, 0, 1, 1, 0]
Fitness: 1200.317426 	[9, 4, 0, 10, 12, 7, 2, 13, 3, 8, 0, 5, 11, 14, 0, 15, 1, 6, 0, 0, 1, 1, 1, 1, 0, 1, 1, 0, 1, 1, 0, 1, 1, 0]
Fitness: 1200.317426 	[9, 4, 0, 10, 12, 7, 2, 13, 3, 8, 0, 5, 11, 14, 0, 15, 1, 6, 0, 0, 1, 1, 1, 1, 0, 1, 1, 0, 1, 1, 0, 1, 1, 0]
Fitness: 1200.317426 	[9, 4, 0, 10, 12, 7, 2, 13, 3, 8, 0, 5, 11, 14, 0, 15, 1, 6, 0, 0, 1, 1, 1, 1, 0, 1, 1, 0, 1, 1, 0, 1, 1, 0]
Fitness: 1200.317426 	[9, 4, 0, 10, 12, 7, 2, 13, 3, 8, 0, 5, 11, 14, 0, 15, 1, 6, 0, 0, 1, 1, 1, 1, 0, 1, 1, 0, 1, 1, 0, 1, 1, 0]
Fitness: 1200.317426 	[9, 4, 0, 10, 12, 7, 2, 13, 3, 8, 0, 5, 11, 14, 0, 15, 1, 6, 0, 0, 1, 1, 1, 1, 0, 1, 1, 0, 1, 1, 0, 1, 1, 0]
Fitness: 1200.317426 	[9, 4, 0, 10, 12, 7, 2, 13, 3, 8, 0, 5, 11, 14, 0, 15, 1, 6, 0, 0, 1, 1, 1, 1, 0, 1, 1, 0, 1, 1, 0, 1, 1, 0]
Fitness: 1200.317426 	[9, 4, 0, 10, 12, 7, 2, 13, 3, 8, 0, 5, 11, 14, 0, 15, 1, 6, 0, 0, 1, 1, 1, 1, 0, 1, 1, 0, 1, 1, 0, 1, 1, 0]
Fitness: 1200.317426 	[9, 4, 0, 10, 12, 7, 2, 13, 3, 8, 0, 5, 11, 14, 0, 15, 1, 6, 0, 0, 1, 1, 1, 1, 0, 1, 1, 0, 1, 1, 0, 1, 1, 0]
Fitness: 1200.317426 	[9, 4, 0, 10, 12, 7, 2, 13, 3, 8, 0, 5, 11, 14, 0, 15, 1, 6, 0, 0, 1, 1, 1, 1, 0, 1, 1, 0, 1, 1, 0, 1, 1, 0]
Fitness: 1215.035375 	[4, 0, 10, 12, 7, 2, 13, 3, 8, 0, 1, 6, 15, 0, 5, 9, 11, 14, 0, 0, 1, 1, 0, 1, 1, 0, 1, 1, 1, 1, 0, 1, 1, 0]
Fitness: 1240.461123 	[2, 7, 10, 9, 0, 5, 6, 0, 11, 13, 1, 0, 15, 3, 4, 8, 12, 14, 0, 1, 0, 1, 0, 1, 1, 0, 1, 1, 1, 1, 0, 1, 1, 0]
Fitness: 1215.035375 	[1, 6, 15, 0, 5, 9, 11, 14, 0, 2, 13, 10, 0, 7, 3, 4, 8, 12, 0, 0, 1, 1, 1, 1, 0, 1, 1, 0, 1, 1, 0, 1, 1, 0]
Fitness: 1241.271005 	[9, 4, 0, 15, 1, 6, 0, 5, 11, 14, 0, 10, 12, 7, 2, 13, 3, 8, 0, 1, 0, 1, 1, 1, 1, 0, 1, 0, 1, 1, 0, 1, 1, 0]
Fitness: 1250.657445 	[9, 4, 0, 10, 12, 7, 2, 13, 3, 8, 0, 5, 11, 14, 0, 1, 6, 15, 0, 1, 0, 1, 1, 1, 1, 0, 1, 0, 1, 1, 0, 1, 1, 0]
Fitness: 1241.271005 	[1, 5, 0, 6, 11, 14, 15, 0, 10, 12, 7, 2, 13, 3, 8, 0, 9, 4, 0, 1, 0, 1, 1, 1, 0, 1, 1, 0, 1, 1, 0, 1, 1, 0]
Fitness: 1213.085511 	[9, 4, 0, 1, 6, 0, 5, 11, 14, 0, 10, 12, 7, 2, 13, 3, 8, 15, 0, 0, 1, 1, 1, 1, 0, 1, 1, 0, 1, 1, 0, 1, 1, 0]
Fitness: 1200.317426 	[9, 4, 0, 10, 12, 7, 2, 13, 3, 8, 0, 5, 11, 14, 0, 15, 1, 6, 0, 0, 1, 1, 1, 1, 0, 1, 1, 0, 1, 1, 0, 1, 1, 0]
Fitness: 1213.085511 	[2, 3, 0, 1, 6, 0, 9, 4, 0, 15, 5, 7, 8, 10, 11, 12, 13, 14, 0, 0, 1, 1, 1, 1, 0, 1, 1, 0, 1, 1, 0, 1, 1, 0]
Fitness: 1246.903020 	[1, 5, 0, 10, 3, 13, 0, 4, 9, 14, 0, 6, 12, 7, 2, 11, 15, 8, 0, 1, 0, 1, 1, 1, 1, 0, 1, 1, 1, 0, 0, 1, 1, 0]
Fitness: 1222.423398 	[1, 0, 4, 0, 11, 9, 10, 5, 12, 8, 0, 3, 6, 7, 2, 14, 13, 15, 0, 1, 0, 1, 1, 1, 1, 0, 1, 1, 1, 0, 1, 0, 1, 0]
Fitness: 1246.903020 	[1, 0, 4, 9, 14, 0, 6, 12, 7, 2, 11, 15, 8, 0, 3, 10, 5, 13, 0, 1, 0, 1, 1, 1, 0, 1, 0, 1, 1, 1, 0, 1, 1, 0]
Fitness: 1200.317426 	[9, 4, 0, 10, 12, 7, 2, 13, 3, 8, 0, 5, 11, 14, 0, 15, 1, 6, 0, 0, 1, 1, 1, 1, 0, 1, 1, 0, 1, 1, 0, 1, 1, 0]
Fitness: 1200.317426 	[9, 4, 0, 15, 1, 6, 0, 5, 11, 14, 0, 10, 12, 7, 2, 13, 3, 8, 0, 0, 1, 1, 1, 1, 0, 1, 1, 0, 1, 1, 0, 1, 1, 0]
Fitness: 1200.317426 	[9, 4, 0, 5, 11, 14, 0, 1, 6, 15, 0, 10, 12, 7, 2, 13, 3, 8, 0, 0, 1, 1, 1, 1, 0, 1, 1, 0, 1, 1, 0, 1, 1, 0]
Fitness: 1200.317426 	[10, 12, 7, 2, 13, 3, 8, 0, 9, 4, 0, 11, 5, 1, 0, 15, 6, 14, 0, 0, 1, 1, 1, 1, 0, 1, 1, 0, 1, 1, 0, 1, 1, 0]
Fitness: 1200.317426 	[9, 4, 0, 10, 12, 7, 2, 13, 3, 8, 0, 5, 11, 14, 0, 15, 1, 6, 0, 0, 1, 1, 1, 1, 0, 1, 1, 0, 1, 1, 0, 1, 1, 0]
Fitness: 1241.271005 	[9, 4, 0, 5, 11, 14, 0, 10, 12, 7, 2, 13, 3, 8, 0, 15, 1, 6, 0, 1, 0, 1, 1, 1, 0, 1, 1, 0, 1, 1, 0, 1, 1, 0]
Fitness: 1200.317426 	[2, 3, 0, 5, 11, 14, 0, 15, 1, 6, 0, 9, 4, 7, 8, 10, 12, 13, 0, 0, 1, 1, 1, 1, 0, 1, 1, 0, 1, 1, 0, 1, 1, 0]
Fitness: 1201.004275 	[3, 1, 6, 0, 7, 8, 2, 10, 12, 13, 15, 0, 9, 4, 0, 5, 11, 14, 0, 0, 1, 1, 1, 1, 0, 1, 1, 0, 1, 1, 0, 1, 1, 0]
Fitness: 1200.317426 	[9, 4, 0, 15, 1, 6, 0, 10, 12, 7, 2, 13, 3, 8, 0, 5, 11, 14, 0, 0, 1, 1, 1, 1, 0, 1, 1, 0, 1, 1, 0, 1, 1, 0]
Fitness: 1201.004275 	[1, 2, 0, 5, 11, 14, 0, 9, 4, 0, 3, 6, 7, 8, 10, 12, 13, 15, 0, 0, 1, 1, 1, 1, 0, 1, 1, 0, 1, 1, 0, 1, 1, 0]
Fitness: 1263.164821 	[1, 5, 0, 10, 12, 7, 2, 13, 3, 8, 0, 9, 4, 0, 6, 11, 14, 15, 0, 0, 1, 1, 1, 1, 0, 1, 1, 0, 1, 1, 0, 1, 1, 0]
Fitness: 1215.372236 	[9, 4, 0, 5, 11, 14, 0, 1, 3, 0, 7, 8, 2, 10, 12, 13, 15, 6, 0, 0, 1, 1, 1, 1, 0, 1, 1, 0, 1, 1, 0, 1, 1, 0]
Fitness: 1263.164821 	[1, 2, 0, 5, 3, 7, 0, 6, 11, 14, 15, 0, 9, 4, 8, 10, 12, 13, 0, 0, 1, 1, 1, 1, 0, 1, 1, 0, 1, 1, 0, 1, 1, 0]
Fitness: 1242.532091 	[1, 6, 0, 10, 8, 11, 14, 13, 15, 0, 2, 3, 9, 7, 12, 5, 0, 4, 0, 1, 0, 1, 1, 1, 0, 1, 0, 1, 0, 1, 1, 1, 1, 0]
Fitness: 1263.357940 	[1, 4, 0, 6, 14, 13, 0, 15, 7, 2, 3, 0, 11, 9, 10, 5, 12, 8, 0, 1, 0, 1, 1, 1, 0, 1, 1, 1, 1, 0, 1, 0, 1, 0]
Fitness: 1242.532091 	[8, 4, 0, 10, 14, 13, 0, 1, 6, 0, 2, 3, 9, 7, 12, 5, 11, 15, 0, 1, 0, 1, 1, 1, 0, 1, 0, 1, 0, 1, 1, 1, 1, 0]
Fitness: 1241.271005 	[9, 4, 0, 15, 1, 6, 0, 5, 11, 14, 0, 10, 12, 7, 2, 13, 3, 8, 0, 1, 0, 1, 1, 1, 0, 1, 1, 0, 1, 1, 0, 1, 1, 0]
Fitness: 1250.993428 	[4, 1, 0, 3, 6, 7, 0, 11, 9, 10, 5, 12, 8, 0, 2, 14, 13, 15, 0, 1, 0, 1, 1, 1, 1, 0, 1, 0, 1, 0, 1, 1, 1, 0]
Fitness: 1241.271005 	[4, 2, 0, 3, 8, 7, 0, 5, 11, 14, 0, 15, 1, 6, 9, 10, 12, 13, 0, 1, 0, 1, 1, 1, 0, 1, 1, 0, 1, 1, 0, 1, 1, 0]
Fitness: 1213.648035 	[1, 6, 0, 9, 4, 0, 5, 11, 14, 10, 3, 0, 7, 8, 2, 12, 13, 15, 0, 1, 0, 1, 1, 1, 0, 1, 1, 0, 1, 1, 1, 0, 1, 0]
Fitness: 1224.388568 	[4, 0, 6, 14, 13, 0, 11, 9, 10, 5, 12, 8, 0, 1, 2, 3, 7, 15, 0, 1, 0, 1, 1, 1, 0, 1, 1, 1, 1, 0, 1, 0, 1, 0]
Fitness: 1213.648035 	[7, 8, 2, 12, 13, 15, 0, 5, 11, 14, 10, 3, 0, 4, 9, 6, 0, 1, 0, 1, 0, 1, 1, 1, 0, 1, 1, 0, 1, 1, 1, 0, 1, 0]
Fitness: 1200.317426 	[15, 1, 6, 0, 10, 12, 7, 0, 5, 11, 14, 9, 4, 0, 2, 13, 3, 8, 0, 0, 1, 1, 1, 1, 0, 1, 1, 0, 1, 1, 0, 1, 1, 0]
Fitness: 1200.317426 	[9, 4, 0, 10, 12, 7, 2, 13, 3, 8, 0, 5, 11, 14, 0, 15, 1, 6, 0, 0, 1, 1, 1, 1, 0, 1, 1, 0, 1, 1, 0, 1, 1, 0]
Fitness: 1243.346647 	[5, 11, 0, 10, 12, 7, 2, 13, 3, 8, 0, 9, 4, 14, 0, 15, 1, 6, 0, 1, 0, 1, 1, 1, 0, 1, 1, 0, 1, 1, 0, 1, 1, 0]
Fitness: 1200.317426 	[9, 4, 0, 10, 12, 7, 2, 13, 3, 8, 0, 5, 11, 14, 0, 15, 1, 6, 0, 0, 1, 1, 1, 1, 0, 1, 1, 0, 1, 1, 0, 1, 1, 0]
Fitness: 1259.096965 	[1, 0, 9, 6, 4, 0, 5, 11, 14, 0, 10, 12, 7, 2, 13, 3, 8, 15, 0, 0, 1, 1, 1, 1, 0, 1, 0, 1, 1, 1, 0, 1, 1, 0]
Fitness: 1246.903020 	[1, 5, 0, 10, 3, 13, 0, 4, 9, 14, 0, 6, 12, 7, 2, 11, 15, 8, 0, 1, 0, 1, 1, 1, 0, 1, 0, 1, 1, 1, 0, 1, 1, 0]
Fitness: 1259.096965 	[5, 11, 14, 0, 9, 6, 4, 0, 1, 10, 3, 0, 13, 12, 7, 2, 15, 8, 0, 0, 1, 1, 1, 1, 0, 1, 1, 0, 1, 1, 0, 1, 1, 0]
Fitness: 1200.317426 	[9, 4, 0, 5, 11, 14, 0, 15, 1, 6, 0, 10, 12, 7, 2, 13, 3, 8, 0, 0, 1, 1, 1, 1, 0, 1, 1, 0, 1, 1, 0, 1, 1, 0]
Fitness: 1200.317426 	[9, 4, 0, 11, 5, 14, 0, 15, 1, 6, 0, 10, 12, 7, 2, 13, 3, 8, 0, 0, 1, 1, 1, 1, 0, 1, 1, 0, 1, 1, 0, 1, 1, 0]
Fitness: 1200.317426 	[11, 5, 0, 15, 1, 6, 0, 9, 4, 0, 10, 12, 7, 2, 13, 3, 8, 14, 0, 0, 1, 1, 1, 1, 0, 1, 1, 0, 1, 1, 0, 1, 1, 0]
Fitness: 1200.317426 	[9, 4, 0, 15, 1, 6, 0, 5, 11, 14, 0, 10, 12, 7, 2, 13, 3, 8, 0, 0, 1, 1, 1, 1, 0, 1, 1, 0, 1, 1, 0, 1, 1, 0]
Fitness: 1222.073318 	[1, 11, 0, 9, 4, 0, 10, 12, 7, 2, 13, 3, 8, 0, 6, 15, 5, 14, 0, 0, 1, 1, 1, 1, 0, 1, 1, 0, 1, 1, 0, 1, 1, 0]
Fitness: 1200.317426 	[1, 2, 0, 5, 11, 14, 0, 9, 4, 0, 6, 15, 3, 7, 8, 10, 12, 13, 0, 0, 1, 1, 1, 1, 0, 1, 1, 0, 1, 1, 0, 1, 1, 0]
Fitness: 1200.317426 	[9, 4, 0, 10, 12, 7, 2, 13, 3, 8, 0, 5, 11, 14, 0, 15, 1, 6, 0, 0, 1, 1, 1, 1, 0, 1, 1, 0, 1, 1, 0, 1, 1, 0]
Fitness: 1200.317426 	[9, 4, 0, 10, 12, 7, 2, 13, 3, 8, 0, 5, 11, 14, 0, 15, 1, 6, 0, 0, 1, 1, 1, 1, 0, 1, 1, 0, 1, 1, 0, 1, 1, 0]
Fitness: 1200.317426 	[9, 4, 0, 15, 1, 6, 0, 10, 12, 7, 2, 13, 3, 8, 0, 11, 5, 14, 0, 0, 1, 1, 1, 1, 0, 1, 1, 0, 1, 1, 0, 1, 1, 0]
Fitness: 1200.317426 	[10, 12, 7, 2, 13, 3, 8, 0, 5, 11, 14, 0, 9, 4, 6, 0, 1, 15, 0, 0, 1, 1, 1, 1, 0, 1, 1, 0, 1, 1, 0, 1, 1, 0]
Fitness: 1224.388568 	[4, 0, 6, 14, 13, 0, 11, 9, 10, 5, 12, 8, 0, 1, 2, 3, 7, 15, 0, 1, 0, 1, 1, 1, 0, 1, 1, 1, 1, 0, 1, 0, 1, 0]
Fitness: 1216.462543 	[1, 0, 4, 0, 11, 9, 10, 5, 12, 8, 0, 3, 6, 7, 2, 14, 13, 15, 0, 1, 0, 1, 1, 1, 0, 1, 1, 1, 1, 0, 1, 0, 1, 0]
Fitness: 1224.388568 	[6, 14, 13, 0, 11, 9, 10, 5, 12, 8, 0, 1, 4, 0, 3, 7, 2, 15, 0, 1, 0, 1, 1, 1, 0, 1, 1, 1, 1, 0, 1, 0, 1, 0]
Fitness: 1200.317426 	[9, 4, 0, 15, 1, 6, 0, 5, 11, 14, 0, 10, 12, 7, 2, 13, 3, 8, 0, 0, 1, 1, 1, 1, 0, 1, 1, 0, 1, 1, 0, 1, 1, 0]
Fitness: 1215.372236 	[9, 4, 0, 7, 8, 2, 10, 12, 13, 15, 6, 0, 1, 3, 0, 5, 11, 14, 0, 0, 1, 1, 1, 1, 0, 1, 1, 0, 1, 1, 0, 1, 1, 0]
Fitness: 1200.317426 	[5, 11, 14, 0, 15, 1, 6, 0, 2, 3, 0, 4, 7, 8, 9, 10, 12, 13, 0, 0, 1, 1, 1, 1, 0, 1, 1, 0, 1, 1, 0, 1, 1, 0]
Fitness: 1200.317426 	[9, 4, 0, 10, 12, 7, 2, 13, 3, 8, 0, 5, 11, 14, 0, 15, 1, 6, 0, 0, 1, 1, 1, 1, 0, 1, 0, 1, 1, 1, 1, 0, 1, 0]
Fitness: 1223.360590 	[2, 5, 1, 0, 9, 3, 0, 4, 0, 11, 6, 7, 8, 10, 12, 13, 14, 15, 0, 1, 0, 1, 1, 1, 0, 1, 0, 1, 1, 1, 1, 0, 1, 0]
Fitness: 1200.317426 	[2, 4, 7, 0, 9, 3, 0, 15, 1, 6, 0, 5, 11, 14, 8, 10, 12, 13, 0, 0, 1, 1, 1, 1, 0, 1, 1, 0, 1, 1, 0, 1, 1, 0]
Fitness: 1259.096965 	[1, 0, 9, 6, 4, 0, 5, 11, 14, 0, 10, 12, 7, 2, 13, 3, 8, 15, 0, 0, 1, 1, 1, 1, 0, 1, 1, 0, 1, 1, 0, 1, 1, 0]
Fitness: 1233.344233 	[1, 0, 9, 6, 4, 0, 11, 13, 10, 5, 12, 8, 0, 14, 2, 3, 7, 15, 0, 0, 1, 1, 1, 1, 0, 1, 1, 0, 1, 1, 0, 1, 1, 0]
Fitness: 1259.096965 	[4, 0, 1, 0, 10, 12, 7, 2, 13, 3, 8, 15, 0, 14, 5, 6, 9, 11, 0, 0, 1, 1, 1, 1, 0, 1, 1, 0, 1, 1, 0, 1, 1, 0]
Fitness: 1224.388568 	[4, 0, 6, 14, 13, 0, 11, 9, 10, 5, 12, 8, 0, 1, 2, 3, 7, 15, 0, 1, 1, 1, 1, 0, 1, 1, 1, 0, 1, 0, 1, 0, 1, 0]
Fitness: 1233.927947 	[5, 4, 0, 14, 9, 0, 11, 6, 1, 0, 10, 12, 7, 2, 13, 3, 8, 15, 0, 0, 1, 1, 1, 0, 1, 1, 1, 0, 1, 1, 0, 1, 1, 0]
Fitness: 1224.388568 	[5, 1, 0, 2, 9, 0, 4, 0, 6, 14, 13, 3, 7, 8, 10, 11, 12, 15, 0, 1, 0, 1, 1, 1, 0, 1, 1, 1, 1, 0, 1, 0, 1, 0]
Fitness: 1200.317426 	[9, 4, 0, 10, 12, 7, 2, 13, 3, 8, 0, 5, 11, 14, 0, 15, 1, 6, 0, 0, 1, 1, 1, 1, 0, 1, 1, 0, 1, 1, 0, 1, 1, 0]
Fitness: 1203.073280 	[2, 7, 10, 9, 0, 11, 13, 1, 0, 5, 6, 0, 15, 3, 4, 8, 12, 14, 0, 1, 0, 1, 0, 1, 1, 0, 1, 1, 1, 1, 0, 1, 1, 0]
Fitness: 1200.317426 	[5, 11, 14, 0, 9, 4, 0, 1, 6, 0, 15, 3, 2, 8, 12, 7, 10, 13, 0, 0, 1, 1, 1, 1, 0, 1, 1, 0, 1, 1, 0, 1, 1, 0]
Fitness: 1259.096965 	[1, 0, 6, 4, 0, 5, 11, 14, 9, 0, 10, 12, 7, 2, 13, 3, 8, 15, 0, 0, 1, 1, 1, 1, 0, 1, 0, 0, 1, 1, 1, 1, 1, 0]
Fitness: 1200.317426 	[9, 4, 0, 15, 1, 6, 0, 5, 11, 14, 12, 0, 10, 7, 2, 13, 3, 8, 0, 0, 1, 0, 1, 1, 1, 1, 1, 0, 1, 1, 0, 1, 1, 0]
Fitness: 1246.903020 	[1, 5, 2, 0, 10, 3, 13, 0, 4, 9, 14, 0, 6, 12, 7, 11, 15, 8, 0, 1, 0, 1, 1, 1, 0, 0, 1, 1, 1, 1, 0, 1, 1, 0]
Fitness: 1200.317426 	[2, 4, 7, 8, 0, 9, 3, 0, 15, 1, 6, 0, 5, 11, 14, 10, 12, 13, 0, 0, 0, 1, 1, 1, 0, 1, 1, 0, 1, 1, 1, 1, 1, 0]
Fitness: 1213.085511 	[9, 4, 0, 1, 6, 5, 0, 11, 14, 0, 10, 12, 7, 2, 13, 3, 8, 15, 0, 1, 1, 0, 1, 1, 0, 1, 1, 0, 1, 1, 0, 1, 1, 0]
Fitness: 1213.085511 	[4, 0, 5, 11, 14, 9, 0, 6, 1, 0, 10, 12, 7, 2, 13, 3, 8, 15, 0, 0, 1, 1, 1, 1, 0, 1, 1, 0, 0, 1, 1, 1, 1, 0]
Fitness: 1225.970065 	[1, 6, 0, 10, 12, 7, 2, 13, 3, 8, 0, 9, 4, 14, 15, 0, 5, 11, 0, 1, 0, 1, 1, 1, 1, 1, 1, 0, 1, 1, 0, 1, 0, 0]
Fitness: 1213.085511 	[4, 9, 0, 5, 11, 14, 0, 10, 12, 7, 2, 13, 3, 8, 15, 6, 0, 1, 0, 1, 1, 1, 1, 1, 0, 1, 1, 0, 0, 1, 0, 1, 1, 0]
Fitness: 1200.317426 	[9, 4, 0, 15, 1, 6, 0, 5, 11, 14, 13, 0, 10, 12, 7, 2, 3, 8, 0, 0, 1, 1, 1, 1, 0, 0, 1, 1, 1, 1, 0, 1, 1, 0]
Fitness: 1200.317426 	[5, 11, 14, 0, 9, 4, 0, 1, 6, 13, 0, 15, 3, 2, 8, 12, 7, 10, 0, 1, 1, 1, 1, 1, 0, 0, 1, 0, 1, 1, 0, 1, 1, 0]
Fitness: 1201.004275 	[3, 1, 6, 11, 0, 7, 8, 2, 10, 12, 13, 15, 0, 9, 4, 0, 5, 14, 0, 0, 1, 1, 1, 1, 0, 1, 1, 1, 1, 1, 0, 1, 0, 0]
Fitness: 1222.423398 	[1, 0, 4, 0, 11, 10, 5, 12, 8, 0, 3, 6, 7, 2, 14, 13, 15, 9, 0, 1, 0, 1, 1, 1, 1, 0, 1, 0, 1, 0, 1, 1, 1, 0]
Fitness: 1200.317426 	[15, 1, 6, 2, 0, 10, 12, 7, 0, 5, 11, 14, 9, 4, 0, 13, 3, 8, 0, 0, 1, 1, 1, 1, 1, 1, 1, 0, 1, 1, 0, 1, 0, 0]
Fitness: 1224.388568 	[4, 0, 6, 13, 0, 11, 9, 10, 5, 12, 8, 0, 1, 2, 3, 7, 15, 14, 0, 1, 0, 1, 1, 1, 1, 1, 0, 1, 1, 0, 1, 0, 1, 0]
Fitness: 1200.317426 	[9, 0, 15, 1, 6, 4, 0, 5, 11, 14, 0, 10, 12, 7, 2, 13, 3, 8, 0, 0, 1, 1, 1, 1, 1, 1, 1, 0, 0, 1, 0, 1, 1, 0]
Fitness: 1241.271005 	[9, 4, 0, 5, 14, 0, 10, 12, 7, 2, 13, 3, 8, 11, 0, 15, 1, 6, 0, 1, 0, 1, 1, 0, 0, 1, 1, 1, 1, 1, 0, 1, 1, 0]
Fitness: 1233.927947 	[5, 4, 0, 14, 9, 0, 11, 6, 1, 7, 0, 10, 12, 2, 13, 3, 8, 15, 0, 1, 1, 1, 1, 0, 1, 0, 1, 0, 1, 1, 0, 1, 1, 0]
Fitness: 1200.317426 	[9, 4, 0, 15, 1, 6, 0, 5, 11, 14, 13, 0, 10, 12, 7, 2, 3, 8, 0, 0, 1, 1, 1, 1, 1, 1, 1, 0, 0, 1, 0, 1, 1, 0]
Fitness: 1215.035375 	[4, 0, 10, 12, 7, 2, 13, 3, 8, 11, 0, 1, 6, 15, 0, 5, 9, 14, 0, 1, 1, 1, 0, 1, 1, 0, 1, 1, 1, 0, 0, 1, 1, 0]
Fitness: 1218.004049 	[1, 6, 0, 9, 4, 0, 5, 11, 14, 10, 3, 13, 0, 7, 8, 2, 12, 15, 0, 1, 0, 1, 1, 1, 0, 1, 1, 0, 1, 0, 1, 1, 1, 0]
Fitness: 1200.317426 	[9, 4, 0, 5, 11, 14, 6, 0, 10, 12, 7, 2, 13, 3, 8, 0, 15, 1, 0, 1, 0, 1, 1, 1, 0, 1, 1, 0, 1, 1, 0, 1, 1, 0]
Fitness: 1200.317426 	[9, 4, 0, 15, 1, 6, 14, 0, 5, 11, 0, 10, 12, 7, 2, 13, 3, 8, 0, 1, 1, 1, 1, 1, 0, 1, 1, 0, 0, 1, 0, 1, 1, 0]
Fitness: 1203.073280 	[2, 7, 10, 9, 0, 11, 13, 1, 6, 0, 5, 0, 15, 3, 4, 8, 12, 14, 0, 1, 0, 0, 0, 1, 1, 1, 1, 1, 1, 1, 0, 1, 1, 0]
Fitness: 1246.903020 	[1, 0, 10, 3, 13, 0, 4, 9, 14, 0, 6, 12, 7, 2, 11, 15, 8, 5, 0, 0, 0, 1, 1, 1, 1, 1, 0, 1, 1, 1, 0, 1, 1, 0]
Fitness: 1200.317426 	[10, 12, 7, 2, 13, 3, 8, 0, 5, 11, 14, 15, 0, 9, 4, 6, 0, 1, 0, 0, 1, 0, 1, 1, 1, 1, 1, 0, 1, 1, 0, 1, 1, 0]
Fitness: 1200.317426 	[9, 4, 0, 10, 12, 7, 2, 13, 3, 0, 5, 11, 14, 0, 15, 1, 6, 8, 0, 0, 1, 1, 0, 1, 1, 1, 1, 0, 1, 1, 0, 1, 1, 0]
Fitness: 1200.317426 	[9, 4, 0, 15, 1, 6, 14, 0, 10, 12, 7, 2, 13, 3, 8, 0, 5, 11, 0, 0, 1, 1, 1, 0, 0, 1, 1, 0, 1, 1, 1, 1, 1, 0]
Fitness: 1200.317426 	[4, 0, 15, 1, 6, 0, 5, 11, 14, 0, 10, 12, 7, 2, 13, 3, 8, 9, 0, 1, 1, 1, 1, 1, 0, 1, 0, 0, 1, 1, 0, 1, 1, 0]
Fitness: 1224.388568 	[6, 14, 0, 11, 9, 10, 5, 12, 8, 0, 1, 4, 13, 0, 3, 7, 2, 15, 0, 1, 0, 1, 1, 1, 0, 1, 1, 1, 1, 0, 1, 1, 0, 0]
Fitness: 1200.317426 	[9, 4, 0, 10, 7, 2, 13, 3, 8, 0, 5, 11, 14, 12, 0, 15, 1, 6, 0, 1, 1, 1, 1, 1, 0, 1, 1, 0, 0, 1, 0, 1, 1, 0]
Fitness: 1259.096965 	[10, 12, 7, 2, 0, 9, 6, 4, 0, 5, 11, 14, 1, 0, 13, 3, 8, 15, 0, 0, 1, 1, 1, 1, 0, 0, 1, 0, 1, 1, 1, 1, 1, 0]
Fitness: 1200.317426 	[9, 0, 5, 11, 14, 0, 1, 6, 15, 4, 0, 10, 12, 7, 2, 13, 3, 8, 0, 1, 1, 1, 1, 1, 0, 0, 1, 0, 1, 1, 0, 1, 1, 0]
Fitness: 1200.317426 	[1, 2, 0, 5, 11, 14, 9, 0, 4, 0, 6, 15, 3, 7, 8, 10, 12, 13, 0, 0, 1, 1, 1, 1, 1, 1, 1, 0, 0, 1, 0, 1, 1, 0]
Fitness: 1200.317426 	[9, 4, 14, 0, 10, 12, 7, 2, 13, 3, 8, 0, 5, 11, 0, 15, 1, 6, 0, 0, 0, 1, 1, 1, 0, 1, 1, 0, 1, 1, 1, 1, 1, 0]
Fitness: 1200.317426 	[9, 0, 15, 1, 6, 0, 5, 11, 14, 0, 10, 12, 7, 2, 13, 3, 8, 4, 0, 0, 1, 0, 1, 1, 1, 1, 1, 0, 1, 1, 0, 1, 1, 0]
Fitness: 1200.317426 	[9, 4, 0, 10, 12, 7, 2, 13, 3, 8, 15, 0, 5, 11, 14, 0, 1, 6, 0, 0, 1, 0, 1, 1, 1, 1, 1, 0, 1, 1, 0, 1, 1, 0]
Fitness: 1224.388568 	[4, 0, 14, 13, 0, 1, 2, 3, 7, 15, 0, 11, 9, 10, 5, 12, 8, 6, 0, 1, 0, 0, 1, 1, 0, 1, 1, 1, 1, 0, 1, 1, 1, 0]
Fitness: 1224.388568 	[5, 1, 4, 0, 2, 9, 0, 6, 14, 13, 3, 7, 0, 8, 10, 11, 12, 15, 0, 1, 0, 1, 0, 1, 0, 1, 1, 1, 1, 1, 1, 0, 1, 0]
Fitness: 1200.317426 	[9, 4, 0, 15, 6, 0, 5, 11, 14, 0, 10, 12, 7, 2, 13, 3, 8, 1, 0, 1, 1, 1, 1, 1, 0, 1, 1, 0, 1, 0, 0, 1, 1, 0]
Fitness: 1200.317426 	[9, 0, 15, 1, 6, 0, 5, 11, 14, 0, 10, 12, 7, 2, 13, 3, 8, 4, 0, 0, 1, 1, 1, 1, 1, 1, 1, 0, 0, 1, 0, 1, 1, 0]
Fitness: 1200.317426 	[9, 4, 8, 0, 10, 12, 7, 2, 13, 3, 0, 5, 11, 14, 0, 15, 1, 6, 0, 0, 0, 1, 1, 1, 0, 1, 1, 1, 1, 1, 0, 1, 1, 0]
Fitness: 1243.346647 	[5, 11, 0, 10, 12, 7, 2, 3, 8, 0, 9, 4, 14, 13, 0, 15, 1, 6, 0, 1, 0, 1, 1, 1, 0, 1, 1, 0, 1, 1, 1, 0, 1, 0]
Fitness: 1223.360590 	[2, 5, 1, 3, 0, 9, 0, 4, 0, 11, 6, 7, 8, 10, 12, 13, 14, 15, 0, 1, 0, 1, 1, 1, 1, 1, 0, 1, 1, 1, 1, 0, 0, 0]
Fitness: 1224.388568 	[4, 8, 0, 6, 14, 13, 0, 11, 9, 10, 5, 12, 0, 1, 2, 3, 7, 15, 0, 1, 0, 0, 1, 1, 1, 1, 1, 1, 1, 0, 1, 0, 1, 0]
Fitness: 1233.344233 	[11, 13, 10, 0, 9, 6, 4, 0, 5, 12, 8, 1, 0, 14, 2, 3, 7, 15, 0, 0, 0, 1, 1, 1, 1, 1, 1, 0, 1, 1, 0, 1, 1, 0]
Fitness: 1215.035375 	[1, 15, 0, 5, 9, 11, 14, 0, 2, 13, 10, 0, 7, 3, 4, 8, 12, 6, 0, 0, 1, 1, 1, 1, 1, 1, 1, 0, 1, 0, 0, 1, 1, 0]
Fitness: 1222.073318 	[1, 11, 3, 0, 9, 4, 0, 10, 12, 7, 2, 13, 8, 0, 6, 15, 5, 14, 0, 0, 1, 1, 1, 1, 1, 0, 1, 0, 1, 1, 0, 1, 1, 0]
Fitness: 1213.648035 	[7, 8, 2, 12, 13, 0, 5, 11, 14, 10, 3, 15, 0, 4, 9, 6, 0, 1, 0, 1, 0, 1, 1, 1, 0, 0, 1, 0, 1, 1, 1, 1, 1, 0]
Fitness: 1246.903020 	[1, 5, 0, 3, 13, 0, 4, 9, 14, 0, 6, 12, 7, 2, 11, 15, 8, 10, 0, 1, 0, 1, 1, 1, 1, 1, 0, 1, 0, 1, 0, 1, 1, 0]
Fitness: 1200.317426 	[9, 4, 0, 15, 1, 6, 13, 0, 5, 11, 14, 0, 10, 12, 7, 2, 3, 8, 0, 0, 1, 1, 1, 0, 0, 1, 1, 0, 1, 1, 1, 1, 1, 0]
Fitness: 1200.317426 	[9, 4, 0, 10, 12, 7, 2, 13, 3, 8, 0, 5, 11, 0, 15, 1, 6, 14, 0, 1, 1, 1, 1, 1, 0, 1, 1, 0, 0, 1, 0, 1, 1, 0]
Fitness: 1223.360590 	[4, 0, 9, 3, 0, 2, 5, 1, 0, 11, 6, 7, 8, 10, 12, 13, 14, 15, 0, 1, 0, 1, 1, 1, 0, 1, 0, 1, 1, 1, 1, 0, 1, 0]
Fitness: 1246.903020 	[4, 9, 14, 0, 1, 0, 6, 12, 7, 2, 11, 15, 8, 0, 3, 10, 5, 13, 0, 1, 0, 1, 1, 1, 0, 1, 0, 1, 1, 1, 0, 1, 1, 0]
Fitness: 1201.004275 	[3, 1, 6, 0, 7, 8, 2, 10, 12, 13, 15, 0, 5, 11, 14, 0, 9, 4, 0, 0, 1, 1, 1, 1, 0, 1, 1, 0, 1, 1, 0, 1, 1, 0]
Fitness: 1200.317426 	[10, 12, 7, 2, 13, 3, 8, 0, 15, 1, 6, 0, 5, 11, 14, 0, 9, 4, 0, 0, 1, 1, 1, 1, 0, 1, 1, 0, 1, 1, 0, 1, 1, 0]
Fitness: 1200.317426 	[9, 4, 0, 10, 12, 7, 2, 13, 3, 8, 0, 5, 11, 14, 0, 15, 1, 6, 0, 0, 1, 1, 1, 1, 0, 1, 1, 0, 1, 1, 0, 1, 1, 0]
Fitness: 1200.317426 	[5, 11, 14, 0, 15, 1, 6, 0, 9, 4, 0, 10, 12, 7, 2, 13, 3, 8, 0, 0, 1, 1, 1, 1, 0, 1, 1, 0, 1, 1, 0, 1, 1, 0]
Fitness: 1200.317426 	[9, 4, 0, 5, 11, 14, 0, 10, 12, 7, 2, 13, 3, 8, 15, 0, 1, 6, 0, 0, 1, 0, 1, 1, 1, 1, 1, 0, 1, 1, 0, 1, 1, 0]
Fitness: 1224.388568 	[4, 0, 6, 14, 13, 0, 1, 2, 3, 7, 15, 0, 11, 9, 10, 5, 12, 8, 0, 1, 0, 1, 1, 1, 0, 1, 1, 1, 1, 0, 1, 0, 1, 0]
Fitness: 1246.903020 	[6, 12, 7, 2, 11, 15, 8, 0, 10, 3, 13, 0, 4, 9, 14, 0, 1, 5, 0, 1, 0, 1, 1, 1, 0, 1, 0, 1, 1, 1, 0, 1, 1, 0]
Fitness: 1242.532091 	[1, 6, 0, 10, 8, 11, 14, 13, 15, 0, 4, 0, 2, 3, 9, 7, 12, 5, 0, 1, 0, 1, 1, 1, 0, 1, 0, 1, 0, 1, 1, 1, 1, 0]
Fitness: 1200.317426 	[9, 4, 0, 15, 1, 6, 0, 10, 12, 7, 2, 13, 3, 8, 0, 5, 11, 14, 0, 0, 1, 1, 1, 1, 0, 1, 1, 0, 1, 1, 0, 1, 1, 0]
Fitness: 1224.388568 	[5, 1, 4, 0, 6, 14, 13, 3, 7, 0, 2, 9, 0, 8, 10, 11, 12, 15, 0, 1, 0, 1, 0, 1, 0, 1, 1, 1, 1, 1, 1, 0, 1, 0]
Fitness: 1203.073280 	[15, 3, 4, 8, 12, 14, 0, 11, 13, 1, 0, 5, 6, 0, 2, 7, 10, 9, 0, 1, 0, 1, 0, 1, 1, 0, 1, 1, 1, 1, 0, 1, 1, 0]
Fitness: 1200.317426 	[9, 4, 0, 10, 12, 7, 2, 13, 3, 8, 0, 5, 11, 14, 6, 0, 15, 1, 0, 1, 0, 1, 1, 1, 0, 1, 1, 0, 1, 1, 0, 1, 1, 0]
Fitness: 1241.271005 	[9, 4, 0, 15, 1, 6, 0, 10, 12, 7, 2, 13, 3, 8, 0, 5, 11, 14, 0, 1, 0, 1, 1, 1, 0, 1, 1, 0, 1, 1, 0, 1, 1, 0]
Fitness: 1241.271005 	[5, 11, 14, 0, 9, 4, 0, 10, 12, 7, 2, 13, 3, 8, 0, 15, 1, 6, 0, 1, 0, 1, 1, 1, 0, 1, 1, 0, 1, 1, 0, 1, 1, 0]
Fitness: 1259.096965 	[1, 0, 5, 11, 14, 0, 9, 6, 4, 0, 10, 12, 7, 2, 13, 3, 8, 15, 0, 0, 1, 1, 1, 1, 0, 1, 1, 0, 1, 1, 0, 1, 1, 0]
Fitness: 1250.657445 	[9, 4, 0, 1, 6, 15, 0, 5, 11, 14, 0, 10, 12, 7, 2, 13, 3, 8, 0, 1, 0, 1, 1, 1, 1, 0, 1, 0, 1, 1, 0, 1, 1, 0]
Fitness: 1200.317426 	[9, 0, 10, 12, 7, 2, 13, 3, 8, 0, 5, 11, 14, 0, 15, 1, 6, 4, 0, 0, 1, 1, 1, 1, 1, 1, 1, 0, 0, 1, 0, 1, 1, 0]
Fitness: 1200.317426 	[5, 11, 14, 0, 15, 1, 6, 0, 4, 7, 8, 9, 10, 12, 13, 0, 2, 3, 0, 0, 1, 1, 1, 1, 0, 1, 1, 0, 1, 1, 0, 1, 1, 0]
Fitness: 1200.317426 	[5, 11, 14, 0, 10, 12, 7, 2, 13, 3, 8, 0, 9, 4, 0, 15, 1, 6, 0, 0, 1, 1, 1, 1, 0, 1, 1, 0, 1, 1, 0, 1, 1, 0]
Fitness: 1256.083807 	[3, 1, 6, 0, 7, 8, 2, 10, 12, 13, 15, 0, 5, 4, 0, 14, 9, 11, 0, 0, 1, 1, 1, 1, 0, 1, 1, 0, 1, 1, 0, 1, 1, 0]
Fitness: 1216.462543 	[11, 9, 10, 5, 12, 8, 0, 4, 0, 1, 0, 3, 6, 7, 2, 14, 13, 15, 0, 1, 0, 1, 1, 1, 0, 1, 1, 1, 1, 0, 1, 0, 1, 0]
Fitness: 1233.344233 	[11, 13, 10, 5, 12, 8, 0, 9, 6, 4, 0, 1, 0, 14, 2, 3, 7, 15, 0, 0, 1, 1, 1, 1, 0, 1, 1, 0, 1, 1, 0, 1, 1, 0]
Fitness: 1200.317426 	[9, 4, 0, 15, 1, 6, 0, 10, 12, 7, 2, 13, 3, 8, 0, 5, 11, 14, 0, 0, 1, 1, 1, 1, 0, 1, 1, 0, 1, 1, 0, 1, 1, 0]
Fitness: 1200.317426 	[10, 12, 7, 2, 13, 3, 8, 4, 0, 15, 1, 6, 0, 5, 11, 14, 0, 9, 0, 0, 1, 0, 1, 1, 1, 1, 1, 0, 1, 1, 0, 1, 1, 0]
Fitness: 1201.004275 	[5, 11, 14, 0, 1, 2, 0, 9, 4, 0, 3, 6, 7, 8, 10, 12, 13, 15, 0, 0, 1, 1, 1, 1, 0, 1, 1, 0, 1, 1, 0, 1, 1, 0]
Fitness: 1259.096965 	[13, 3, 8, 15, 0, 9, 6, 4, 0, 5, 11, 14, 1, 0, 10, 12, 7, 2, 0, 0, 1, 1, 1, 1, 0, 0, 1, 0, 1, 1, 1, 1, 1, 0]
Fitness: 1224.388568 	[6, 14, 13, 0, 4, 0, 1, 2, 3, 7, 15, 0, 11, 9, 10, 5, 12, 8, 0, 1, 0, 1, 1, 1, 0, 1, 1, 1, 1, 0, 1, 0, 1, 0]
Fitness: 1200.317426 	[15, 1, 6, 0, 10, 7, 2, 13, 3, 8, 0, 5, 11, 14, 12, 0, 9, 4, 0, 1, 1, 1, 1, 1, 0, 1, 1, 0, 0, 1, 0, 1, 1, 0]
Fitness: 1213.085511 	[1, 6, 5, 0, 9, 4, 0, 11, 14, 0, 10, 12, 7, 2, 13, 3, 8, 15, 0, 1, 1, 0, 1, 1, 0, 1, 1, 0, 1, 1, 0, 1, 1, 0]
Fitness: 1222.423398 	[3, 6, 7, 2, 14, 13, 15, 9, 0, 4, 0, 11, 10, 5, 12, 8, 0, 1, 0, 1, 0, 1, 1, 1, 1, 0, 1, 0, 1, 0, 1, 1, 1, 0]
Fitness: 1200.317426 	[15, 1, 6, 0, 10, 12, 7, 2, 13, 3, 8, 0, 5, 11, 14, 0, 9, 4, 0, 0, 1, 1, 1, 1, 0, 1, 1, 0, 1, 1, 0, 1, 1, 0]
Fitness: 1241.271005 	[4, 2, 0, 15, 1, 6, 9, 10, 12, 13, 0, 5, 11, 14, 0, 3, 8, 7, 0, 1, 0, 1, 1, 1, 0, 1, 1, 0, 1, 1, 0, 1, 1, 0]
Fitness: 1201.004275 	[7, 8, 2, 10, 12, 13, 15, 0, 5, 11, 14, 0, 9, 4, 0, 3, 1, 6, 0, 0, 1, 1, 1, 1, 0, 1, 1, 0, 1, 1, 0, 1, 1, 0]
Fitness: 1224.388568 	[1, 2, 3, 7, 15, 0, 6, 14, 13, 0, 11, 9, 10, 5, 12, 8, 0, 4, 0, 1, 1, 1, 1, 0, 1, 1, 1, 0, 1, 0, 1, 0, 1, 0]
Fitness: 1200.317426 	[9, 4, 0, 15, 1, 6, 0, 10, 12, 7, 2, 13, 3, 8, 0, 5, 11, 14, 0, 0, 1, 1, 1, 1, 0, 1, 1, 0, 1, 1, 0, 1, 1, 0]
Fitness: 1263.357940 	[1, 4, 0, 15, 7, 2, 3, 0, 11, 9, 10, 5, 12, 8, 0, 6, 14, 13, 0, 1, 0, 1, 1, 1, 0, 1, 1, 1, 1, 0, 1, 0, 1, 0]
Fitness: 1200.317426 	[4, 0, 10, 12, 7, 2, 13, 3, 8, 9, 0, 5, 11, 14, 0, 15, 1, 6, 0, 1, 1, 1, 1, 1, 0, 1, 0, 0, 1, 1, 0, 1, 1, 0]
Fitness: 1200.317426 	[9, 4, 0, 5, 11, 14, 0, 15, 6, 0, 10, 12, 7, 2, 13, 3, 8, 1, 0, 1, 1, 1, 1, 1, 0, 1, 1, 0, 1, 0, 0, 1, 1, 0]
Fitness: 1200.317426 	[5, 11, 14, 0, 15, 1, 6, 0, 9, 4, 0, 10, 12, 7, 2, 13, 3, 8, 0, 0, 1, 1, 1, 1, 0, 1, 1, 0, 1, 1, 0, 1, 1, 0]
Fitness: 1263.357940 	[6, 14, 13, 0, 1, 4, 0, 15, 7, 2, 3, 0, 11, 9, 10, 5, 12, 8, 0, 1, 0, 1, 1, 1, 0, 1, 1, 1, 1, 0, 1, 0, 1, 0]
Fitness: 1200.317426 	[9, 4, 0, 5, 11, 14, 0, 10, 12, 7, 2, 13, 3, 8, 0, 15, 1, 6, 0, 0, 1, 1, 1, 1, 0, 1, 1, 0, 1, 1, 0, 1, 1, 0]
Fitness: 1200.317426 	[9, 4, 0, 15, 1, 6, 0, 10, 12, 7, 2, 13, 3, 8, 0, 5, 11, 14, 0, 0, 1, 1, 1, 1, 0, 1, 1, 0, 1, 1, 0, 1, 1, 0]
Fitness: 1213.085511 	[4, 9, 0, 6, 1, 0, 5, 11, 14, 0, 10, 12, 7, 2, 13, 3, 8, 15, 0, 0, 1, 1, 1, 1, 0, 1, 1, 0, 1, 1, 0, 1, 1, 0]
Fitness: 1200.317426 	[5, 11, 0, 10, 12, 7, 2, 13, 3, 8, 0, 9, 4, 14, 0, 15, 1, 6, 0, 0, 0, 1, 1, 1, 0, 1, 1, 0, 1, 1, 1, 1, 1, 0]
Fitness: 1233.344233 	[1, 0, 11, 13, 10, 5, 12, 8, 0, 9, 6, 4, 0, 14, 2, 3, 7, 15, 0, 0, 1, 1, 1, 1, 0, 1, 1, 0, 1, 1, 0, 1, 1, 0]
Fitness: 1200.317426 	[10, 12, 7, 2, 13, 3, 8, 0, 9, 4, 0, 5, 11, 14, 0, 15, 1, 6, 0, 0, 1, 1, 1, 1, 0, 1, 1, 0, 1, 1, 0, 1, 1, 0]
Fitness: 1200.317426 	[5, 11, 14, 0, 15, 3, 2, 8, 12, 7, 10, 13, 0, 1, 6, 0, 9, 4, 0, 0, 1, 1, 1, 1, 0, 1, 1, 0, 1, 1, 0, 1, 1, 0]
Time: 0.49742