Fitness: 1293.572184 	[6, 14, 13, 0, 1, 4, 0, 15, 7, 2, 3, 0, 11, 9, 10, 5, 12, 8, 0, 1, 0, 1, 1, 1, 0, 1, 1, 1, 1, 0, 1, 0, 1, 0]
Fitness: 1292.083738 	[1, 5, 0, 6, 11, 14, 15, 0, 10, 12, 7, 2, 13, 3, 8, 0, 9, 4, 0, 1, 0, 1, 1, 1, 0, 1, 1, 0, 1, 1, 0, 1, 1, 0]
Fitness: 1276.612504 	[1, 5, 0, 6, 12, 7, 2, 11, 15, 8, 0, 4, 9, 14, 0, 10, 3, 13, 0, 1, 0, 1, 1, 1, 0, 1, 0, 1, 1, 1, 0, 1, 1, 0]
Fitness: 1276.612504 	[1, 5, 0, 6, 12, 7, 2, 11, 15, 8, 0, 4, 9, 14, 0, 10, 3, 13, 0, 1, 0, 1, 1, 1, 0, 1, 0, 1, 1, 1, 0, 1, 1, 0]
Fitness: 1263.357940 	[1, 4, 0, 6, 14, 13, 0, 11, 9, 10, 5, 12, 8, 0, 15, 7, 2, 3, 0, 1, 0, 1, 1, 1, 0, 1, 1, 1, 1, 0, 1, 0, 1, 0]
Fitness: 1263.357940 	[1, 4, 0, 6, 14, 13, 0, 15, 7, 2, 3, 0, 11, 9, 10, 5, 12, 8, 0, 1, 0, 1, 1, 1, 0, 1, 1, 1, 1, 0, 1, 0, 1, 0]
Fitness: 1263.357940 	[1, 4, 0, 6, 14, 13, 0, 15, 7, 2, 3, 0, 11, 9, 10, 5, 12, 8, 0, 1, 0, 1, 1, 1, 0, 1, 1, 1, 1, 0, 1, 0, 1, 0]
Fitness: 1263.164821 	[1, 5, 0, 10, 12, 7, 2, 13, 3, 8, 0, 9, 4, 0, 6, 11, 14, 15, 0, 0, 1, 1, 1, 1, 0, 1, 1, 0, 1, 1, 0, 1, 1, 0]
Fitness: 1263.164821 	[1, 5, 0, 10, 12, 7, 2, 13, 3, 8, 0, 9, 4, 0, 6, 11, 14, 15, 0, 0, 1, 1, 1, 1, 0, 1, 1, 0, 1, 1, 0, 1, 1, 0]
Fitness: 1259.096965 	[1, 0, 5, 11, 14, 0, 9, 6, 4, 0, 10, 12, 7, 2, 13, 3, 8, 15, 0, 0, 1, 1, 1, 1, 0, 1, 1, 0, 1, 1, 0, 1, 1, 0]
Fitness: 1259.096965 	[1, 0, 9, 6, 4, 0, 5, 11, 14, 0, 10, 12, 7, 2, 13, 3, 8, 15, 0, 0, 1, 1, 1, 1, 0, 1, 1, 0, 1, 1, 0, 1, 1, 0]
Fitness: 1259.096965 	[1, 0, 9, 6, 4, 0, 5, 11, 14, 0, 10, 12, 7, 2, 13, 3, 8, 15, 0, 0, 1, 1, 1, 1, 0, 1, 1, 0, 1, 1, 0, 1, 1, 0]
Fitness: 1259.096965 	[1, 0, 9, 6, 4, 0, 10, 12, 7, 2, 13, 3, 8, 15, 0, 5, 11, 14, 0, 0, 1, 1, 1, 1, 0, 1, 1, 0, 1, 1, 0, 1, 1, 0]
Fitness: 1259.096965 	[1, 0, 9, 6, 4, 0, 5, 11, 14, 0, 10, 12, 7, 2, 13, 3, 8, 15, 0, 0, 1, 1, 1, 1, 0, 1, 1, 0, 1, 1, 0, 1, 1, 0]
Fitness: 1256.083807 	[5, 4, 0, 7, 8, 2, 10, 12, 13, 15, 0, 3, 1, 6, 0, 14, 9, 11, 0, 0, 1, 1, 1, 1, 0, 1, 1, 0, 1, 1, 0, 1, 1, 0]
Fitness: 1250.993428 	[4, 1, 0, 3, 6, 7, 0, 11, 9, 10, 5, 12, 8, 0, 2, 14, 13, 15, 0, 1, 0, 1, 1, 1, 1, 0, 1, 0, 1, 0, 1, 1, 1, 0]
Fitness: 1250.993428 	[4, 1, 0, 3, 6, 7, 0, 11, 9, 10, 5, 12, 8, 0, 2, 14, 13, 15, 0, 1, 0, 1, 1, 1, 1, 0, 1, 0, 1, 0, 1, 1, 1, 0]
Fitness: 1250.657445 	[9, 4, 0, 10, 12, 7, 2, 13, 3, 8, 0, 5, 11, 14, 0, 1, 6, 15, 0, 1, 0, 1, 1, 1, 1, 0, 1, 0, 1, 1, 0, 1, 1, 0]
Fitness: 1250.657445 	[9, 4, 0, 10, 12, 7, 2, 13, 3, 8, 0, 1, 6, 15, 0, 5, 11, 14, 0, 1, 0, 1, 1, 1, 1, 0, 1, 0, 1, 1, 0, 1, 1, 0]
Fitness: 1250.657445 	[9, 4, 0, 10, 12, 7, 2, 13, 3, 8, 0, 1, 6, 15, 0, 5, 11, 14, 0, 1, 0, 1, 1, 1, 1, 0, 1, 0, 1, 1, 0, 1, 1, 0]
Fitness: 1250.657445 	[9, 4, 0, 10, 12, 7, 2, 13, 3, 8, 0, 5, 11, 14, 0, 1, 6, 15, 0, 1, 0, 1, 1, 1, 1, 0, 1, 0, 1, 1, 0, 1, 1, 0]
Fitness: 1250.195095 	[6, 14, 13, 0, 4, 0, 1, 2, 3, 7, 15, 0, 11, 9, 10, 5, 12, 8, 0, 1, 0, 1, 1, 1, 0, 1, 1, 1, 1, 0, 1, 0, 1, 0]
Fitness: 1246.903020 	[1, 5, 0, 10, 3, 13, 0, 4, 9, 14, 0, 6, 12, 7, 2, 11, 15, 8, 0, 1, 0, 1, 1, 1, 0, 1, 0, 1, 1, 1, 0, 1, 1, 0]
Fitness: 1246.903020 	[1, 5, 0, 10, 3, 13, 0, 4, 9, 14, 0, 6, 12, 7, 2, 11, 15, 8, 0, 1, 0, 1, 1, 1, 0, 1, 0, 1, 1, 1, 0, 1, 1, 0]
Fitness: 1246.903020 	[1, 5, 0, 10, 3, 13, 0, 4, 9, 14, 0, 6, 12, 7, 2, 11, 15, 8, 0, 1, 0, 1, 1, 1, 0, 1, 0, 1, 1, 1, 0, 1, 1, 0]
Fitness: 1243.346647 	[5, 11, 0, 10, 12, 7, 2, 13, 3, 8, 0, 9, 4, 14, 0, 15, 1, 6, 0, 1, 0, 1, 1, 1, 0, 1, 1, 0, 1, 1, 0, 1, 1, 0]
Fitness: 1243.346647 	[5, 11, 0, 10, 12, 7, 2, 13, 3, 8, 0, 9, 4, 14, 0, 15, 1, 6, 0, 1, 0, 1, 1, 1, 0, 1, 1, 0, 1, 1, 0, 1, 1, 0]
Fitness: 1242.532091 	[1, 6, 0, 10, 8, 11, 14, 13, 15, 0, 2, 3, 9, 7, 12, 5, 0, 4, 0, 1, 0, 1, 1, 1, 0, 1, 0, 1, 0, 1, 1, 1, 1, 0]
Fitness: 1242.532091 	[1, 6, 0, 10, 8, 11, 14, 13, 15, 0, 2, 3, 9, 7, 12, 5, 0, 4, 0, 1, 0, 1, 1, 1, 0, 1, 0, 1, 0, 1, 1, 1, 1, 0]
Fitness: 1242.532091 	[1, 6, 0, 10, 8, 11, 14, 13, 15, 0, 2, 3, 9, 7, 12, 5, 0, 4, 0, 1, 0, 1, 1, 1, 0, 1, 0, 1, 0, 1, 1, 1, 1, 0]
Fitness: 1241.271005 	[9, 4, 0, 5, 11, 14, 0, 10, 12, 7, 2, 13, 3, 8, 0, 15, 1, 6, 0, 1, 0, 1, 1, 1, 0, 1, 1, 0, 1, 1, 0, 1, 1, 0]
Fitness: 1241.271005 	[9, 4, 0, 5, 11, 14, 0, 10, 12, 7, 2, 13, 3, 8, 0, 15, 1, 6, 0, 1, 0, 1, 1, 1, 0, 1, 1, 0, 1, 1, 0, 1, 1, 0]
Fitness: 1241.271005 	[9, 4, 0, 15, 1, 6, 0, 5, 11, 14, 0, 10, 12, 7, 2, 13, 3, 8, 0, 1, 0, 1, 1, 1, 0, 1, 1, 0, 1, 1, 0, 1, 1, 0]
Fitness: 1241.271005 	[9, 4, 0, 15, 1, 6, 0, 5, 11, 14, 0, 10, 12, 7, 2, 13, 3, 8, 0, 1, 0, 1, 1, 1, 0, 1, 1, 0, 1, 1, 0, 1, 1, 0]
Fitness: 1241.271005 	[9, 4, 0, 15, 1, 6, 0, 5, 11, 14, 0, 10, 12, 7, 2, 13, 3, 8, 0, 1, 0, 1, 1, 1, 0, 1, 1, 0, 1, 1, 0, 1, 1, 0]
Fitness: 1241.271005 	[9, 4, 0, 15, 1, 6, 0, 10, 12, 7, 2, 13, 3, 8, 0, 5, 11, 14, 0, 1, 0, 1, 1, 1, 0, 1, 1, 0, 1, 1, 0, 1, 1, 0]
Fitness: 1240.461123 	[2, 7, 10, 9, 0, 5, 6, 0, 11, 13, 1, 0, 15, 3, 4, 8, 12, 14, 0, 1, 0, 1, 0, 1, 1, 0, 1, 1, 1, 1, 0, 1, 1, 0]
Fitness: 1240.461123 	[2, 7, 10, 9, 0, 5, 6, 0, 11, 13, 1, 0, 15, 3, 4, 8, 12, 14, 0, 1, 0, 1, 0, 1, 1, 0, 1, 1, 1, 1, 0, 1, 1, 0]
Fitness: 1233.927947 	[5, 4, 0, 14, 9, 0, 11, 6, 1, 0, 10, 12, 7, 2, 13, 3, 8, 15, 0, 0, 1, 1, 1, 0, 1, 1, 1, 0, 1, 1, 0, 1, 1, 0]
Fitness: 1233.927947 	[5, 4, 0, 14, 9, 0, 11, 6, 1, 0, 10, 12, 7, 2, 13, 3, 8, 15, 0, 0, 1, 1, 1, 0, 1, 1, 1, 0, 1, 1, 0, 1, 1, 0]
Fitness: 1233.344233 	[1, 0, 9, 6, 4, 0, 11, 13, 10, 5, 12, 8, 0, 14, 2, 3, 7, 15, 0, 0, 1, 1, 1, 1, 0, 1, 1, 0, 1, 1, 0, 1, 1, 0]
Fitness: 1233.344233 	[1, 0, 9, 6, 4, 0, 11, 13, 10, 5, 12, 8, 0, 14, 2, 3, 7, 15, 0, 0, 1, 1, 1, 1, 0, 1, 1, 0, 1, 1, 0, 1, 1, 0]
Fitness: 1233.344233 	[1, 0, 11, 13, 10, 5, 12, 8, 0, 9, 6, 4, 0, 14, 2, 3, 7, 15, 0, 0, 1, 1, 1, 1, 0, 1, 1, 0, 1, 1, 0, 1, 1, 0]
Fitness: 1233.088315 	[5, 11, 14, 0, 9, 4, 0, 10, 12, 7, 2, 13, 3, 8, 0, 15, 1, 6, 0, 1, 0, 1, 1, 1, 0, 1, 1, 0, 1, 1, 0, 1, 1, 0]
Fitness: 1225.970065 	[15, 1, 6, 0, 10, 12, 7, 2, 13, 3, 8, 0, 9, 4, 14, 0, 5, 11, 0, 1, 0, 1, 1, 1, 0, 1, 1, 0, 1, 1, 0, 1, 1, 0]
Fitness: 1224.388568 	[4, 0, 6, 14, 13, 0, 1, 2, 3, 7, 15, 0, 11, 9, 10, 5, 12, 8, 0, 1, 0, 1, 1, 1, 0, 1, 1, 1, 1, 0, 1, 0, 1, 0]
Fitness: 1224.388568 	[4, 0, 6, 14, 13, 0, 1, 2, 3, 7, 15, 0, 11, 9, 10, 5, 12, 8, 0, 1, 0, 1, 1, 1, 0, 1, 1, 1, 1, 0, 1, 0, 1, 0]
Fitness: 1224.388568 	[4, 0, 6, 14, 13, 0, 1, 2, 3, 7, 15, 0, 11, 9, 10, 5, 12, 8, 0, 1, 0, 1, 1, 1, 0, 1, 1, 1, 1, 0, 1, 0, 1, 0]
Fitness: 1224.388568 	[4, 0, 6, 14, 13, 0, 11, 9, 10, 5, 12, 8, 0, 1, 2, 3, 7, 15, 0, 1, 0, 1, 1, 1, 0, 1, 1, 1, 1, 0, 1, 0, 1, 0]
Fitness: 1224.388568 	[4, 0, 6, 14, 13, 0, 11, 9, 10, 5, 12, 8, 0, 1, 2, 3, 7, 15, 0, 1, 0, 1, 1, 1, 0, 1, 1, 1, 1, 0, 1, 0, 1, 0]
Fitness: 1224.388568 	[4, 0, 6, 14, 13, 0, 11, 9, 10, 5, 12, 8, 0, 1, 2, 3, 7, 15, 0, 1, 0, 1, 1, 1, 0, 1, 1, 1, 1, 0, 1, 0, 1, 0]
Fitness: 1224.388568 	[4, 0, 6, 14, 13, 0, 11, 9, 10, 5, 12, 8, 0, 1, 2, 3, 7, 15, 0, 1, 0, 1, 1, 1, 0, 1, 1, 1, 1, 0, 1, 0, 1, 0]
Fitness: 1224.388568 	[4, 0, 6, 14, 13, 0, 11, 9, 10, 5, 12, 8, 0, 1, 2, 3, 7, 15, 0, 1, 0, 1, 1, 1, 0, 1, 1, 1, 1, 0, 1, 0, 1, 0]
Fitness: 1224.388568 	[4, 0, 6, 14, 13, 0, 11, 9, 10, 5, 12, 8, 0, 1, 2, 3, 7, 15, 0, 1, 0, 1, 1, 1, 0, 1, 1, 1, 1, 0, 1, 0, 1, 0]
Fitness: 1224.388568 	[4, 0, 6, 14, 13, 0, 11, 9, 10, 5, 12, 8, 0, 1, 2, 3, 7, 15, 0, 1, 0, 1, 1, 1, 0, 1, 1, 1, 1, 0, 1, 0, 1, 0]
Fitness: 1223.360590 	[2, 5, 1, 0, 9, 3, 0, 4, 0, 11, 6, 7, 8, 10, 12, 13, 14, 15, 0, 1, 0, 1, 1, 1, 0, 1, 0, 1, 1, 1, 1, 0, 1, 0]
Fitness: 1223.360590 	[2, 5, 1, 0, 9, 3, 0, 4, 0, 11, 6, 7, 8, 10, 12, 13, 14, 15, 0, 1, 0, 1, 1, 1, 0, 1, 0, 1, 1, 1, 1, 0, 1, 0]
Fitness: 1223.360590 	[2, 5, 1, 0, 9, 3, 0, 4, 0, 11, 6, 7, 8, 10, 12, 13, 14, 15, 0, 1, 0, 1, 1, 1, 0, 1, 0, 1, 1, 1, 1, 0, 1, 0]
Fitness: 1222.423398 	[1, 0, 4, 0, 11, 9, 10, 5, 12, 8, 0, 3, 6, 7, 2, 14, 13, 15, 0, 1, 0, 1, 1, 1, 1, 0, 1, 1, 1, 0, 1, 0, 1, 0]
Fitness: 1222.423398 	[1, 0, 4, 0, 11, 9, 10, 5, 12, 8, 0, 3, 6, 7, 2, 14, 13, 15, 0, 1, 0, 1, 1, 1, 1, 0, 1, 1, 1, 0, 1, 0, 1, 0]
Fitness: 1222.131538 	[1, 2, 0, 5, 11, 14, 0, 9, 4, 0, 3, 6, 7, 8, 10, 12, 13, 15, 0, 0, 1, 1, 1, 1, 0, 1, 1, 0, 1, 1, 0, 1, 1, 0]
Fitness: 1222.131538 	[1, 2, 0, 5, 11, 14, 0, 9, 4, 0, 6, 15, 3, 7, 8, 10, 12, 13, 0, 0, 1, 1, 1, 1, 0, 1, 1, 0, 1, 1, 0, 1, 1, 0]
Fitness: 1222.073318 	[1, 11, 0, 9, 4, 0, 10, 12, 7, 2, 13, 3, 8, 0, 6, 15, 5, 14, 0, 0, 1, 1, 1, 1, 0, 1, 1, 0, 1, 1, 0, 1, 1, 0]
Fitness: 1222.073318 	[1, 11, 0, 9, 4, 0, 10, 12, 7, 2, 13, 3, 8, 0, 6, 15, 5, 14, 0, 0, 1, 1, 1, 1, 0, 1, 1, 0, 1, 1, 0, 1, 1, 0]
Fitness: 1218.004049 	[1, 6, 0, 9, 4, 0, 5, 11, 14, 10, 3, 0, 7, 8, 2, 12, 13, 15, 0, 1, 0, 1, 1, 1, 0, 1, 1, 0, 1, 1, 0, 1, 1, 0]
Fitness: 1218.004049 	[1, 6, 0, 9, 4, 0, 5, 11, 14, 10, 3, 0, 7, 8, 2, 12, 13, 15, 0, 1, 0, 1, 1, 1, 0, 1, 1, 0, 1, 1, 0, 1, 1, 0]
Fitness: 1216.462543 	[1, 0, 4, 0, 11, 9, 10, 5, 12, 8, 0, 3, 6, 7, 2, 14, 13, 15, 0, 1, 0, 1, 1, 1, 0, 1, 1, 1, 1, 0, 1, 0, 1, 0]
Fitness: 1216.462543 	[4, 0, 1, 0, 11, 9, 10, 5, 12, 8, 0, 3, 6, 7, 2, 14, 13, 15, 0, 1, 0, 1, 1, 1, 1, 0, 1, 1, 1, 0, 1, 0, 1, 0]
Fitness: 1216.462543 	[1, 0, 4, 0, 11, 9, 10, 5, 12, 8, 0, 3, 6, 7, 2, 14, 13, 15, 0, 1, 0, 1, 1, 1, 0, 1, 1, 1, 1, 0, 1, 0, 1, 0]
Fitness: 1216.462543 	[1, 0, 4, 0, 11, 9, 10, 5, 12, 8, 0, 3, 6, 7, 2, 14, 13, 15, 0, 1, 0, 1, 1, 1, 0, 1, 1, 1, 1, 0, 1, 0, 1, 0]
Fitness: 1215.372236 	[9, 4, 0, 7, 8, 2, 10, 12, 13, 15, 6, 0, 1, 3, 0, 5, 11, 14, 0, 0, 1, 1, 1, 1, 0, 1, 1, 0, 1, 1, 0, 1, 1, 0]
Fitness: 1215.372236 	[9, 4, 0, 7, 8, 2, 10, 12, 13, 15, 6, 0, 1, 3, 0, 5, 11, 14, 0, 0, 1, 1, 1, 1, 0, 1, 1, 0, 1, 1, 0, 1, 1, 0]
Fitness: 1215.372236 	[9, 4, 0, 5, 11, 14, 0, 1, 3, 0, 7, 8, 2, 10, 12, 13, 15, 6, 0, 0, 1, 1, 1, 1, 0, 1, 1, 0, 1, 1, 0, 1, 1, 0]
Fitness: 1215.372236 	[9, 4, 0, 5, 11, 14, 0, 1, 3, 0, 7, 8, 2, 10, 12, 13, 15, 6, 0, 0, 1, 1, 1, 1, 0, 1, 1, 0, 1, 1, 0, 1, 1, 0]
Fitness: 1215.035375 	[4, 0, 10, 12, 7, 2, 13, 3, 8, 0, 1, 6, 15, 0, 5, 9, 11, 14, 0, 0, 1, 1, 1, 1, 0, 1, 1, 0, 1, 1, 0, 1, 1, 0]
Fitness: 1213.648035 	[1, 6, 0, 9, 4, 0, 5, 11, 14, 10, 3, 0, 7, 8, 2, 12, 13, 15, 0, 1, 0, 1, 1, 1, 0, 1, 1, 0, 1, 1, 1, 0, 1, 0]
Fitness: 1213.648035 	[1, 6, 0, 9, 4, 0, 5, 11, 14, 10, 3, 0, 7, 8, 2, 12, 13, 15, 0, 1, 0, 1, 1, 1, 0, 1, 1, 0, 1, 1, 1, 0, 1, 0]
Fitness: 1213.085511 	[4, 9, 0, 5, 11, 14, 0, 10, 12, 7, 2, 13, 3, 8, 15, 0, 6, 1, 0, 0, 1, 1, 1, 1, 0, 1, 1, 0, 1, 1, 0, 1, 1, 0]
Fitness: 1213.085511 	[4, 9, 0, 5, 11, 14, 0, 10, 12, 7, 2, 13, 3, 8, 15, 0, 6, 1, 0, 0, 1, 1, 1, 1, 0, 1, 1, 0, 1, 1, 0, 1, 1, 0]
Fitness: 1213.085511 	[4, 9, 0, 5, 11, 14, 0, 6, 1, 0, 10, 12, 7, 2, 13, 3, 8, 15, 0, 0, 1, 1, 1, 1, 0, 1, 1, 0, 1, 1, 0, 1, 1, 0]
Fitness: 1213.085511 	[4, 9, 0, 5, 11, 14, 0, 6, 1, 0, 10, 12, 7, 2, 13, 3, 8, 15, 0, 0, 1, 1, 1, 1, 0, 1, 1, 0, 1, 1, 0, 1, 1, 0]
Fitness: 1213.085511 	[4, 9, 0, 6, 1, 0, 5, 11, 14, 0, 10, 12, 7, 2, 13, 3, 8, 15, 0, 0, 1, 1, 1, 1, 0, 1, 1, 0, 1, 1, 0, 1, 1, 0]
Fitness: 1213.085511 	[9, 4, 0, 1, 6, 0, 5, 11, 14, 0, 10, 12, 7, 2, 13, 3, 8, 15, 0, 0, 1, 1, 1, 1, 0, 1, 1, 0, 1, 1, 0, 1, 1, 0]
Fitness: 1213.085511 	[9, 4, 0, 1, 6, 0, 5, 11, 14, 0, 10, 12, 7, 2, 13, 3, 8, 15, 0, 0, 1, 1, 1, 1, 0, 1, 1, 0, 1, 1, 0, 1, 1, 0]
Fitness: 1211.706058 	[3, 1, 6, 0, 7, 8, 2, 10, 12, 13, 15, 0, 5, 4, 0, 14, 9, 11, 0, 0, 1, 1, 1, 1, 0, 1, 1, 0, 1, 1, 0, 1, 1, 0]
Fitness: 1211.660854 	[4, 0, 9, 3, 0, 2, 5, 1, 0, 11, 6, 7, 8, 10, 12, 13, 14, 15, 0, 1, 0, 1, 1, 1, 0, 1, 0, 1, 1, 1, 1, 0, 1, 0]
Fitness: 1209.814602 	[1, 0, 9, 6, 4, 0, 5, 11, 14, 0, 10, 12, 7, 2, 13, 3, 8, 15, 0, 0, 1, 1, 1, 1, 0, 1, 0, 1, 1, 1, 0, 1, 1, 0]
Fitness: 1206.182201 	[11, 5, 0, 10, 12, 7, 2, 13, 3, 8, 0, 9, 4, 0, 15, 1, 6, 14, 0, 0, 1, 1, 1, 1, 0, 1, 1, 0, 1, 1, 0, 1, 1, 0]
Fitness: 1206.120265 	[4, 0, 6, 13, 0, 11, 9, 10, 5, 12, 8, 0, 1, 2, 3, 7, 15, 14, 0, 1, 0, 1, 1, 1, 1, 1, 0, 1, 1, 0, 1, 0, 1, 0]
Fitness: 1203.073280 	[2, 7, 10, 9, 0, 5, 6, 0, 11, 13, 1, 0, 15, 3, 4, 8, 12, 14, 0, 1, 0, 1, 0, 1, 1, 1, 1, 0, 1, 1, 0, 1, 1, 0]
Fitness: 1203.073280 	[2, 7, 10, 9, 0, 11, 13, 1, 0, 5, 6, 0, 15, 3, 4, 8, 12, 14, 0, 1, 0, 1, 0, 1, 1, 0, 1, 1, 1, 1, 0, 1, 1, 0]
Fitness: 1203.073280 	[2, 7, 10, 9, 0, 11, 13, 1, 0, 5, 6, 0, 15, 3, 4, 8, 12, 14, 0, 1, 0, 1, 0, 1, 1, 0, 1, 1, 1, 1, 0, 1, 1, 0]
Fitness: 1203.073280 	[2, 7, 10, 9, 0, 11, 13, 1, 0, 5, 6, 0, 15, 3, 4, 8, 12, 14, 0, 1, 0, 1, 0, 1, 1, 0, 1, 1, 1, 1, 0, 1, 1, 0]
Fitness: 1201.653952 	[5, 11, 14, 0, 1, 2, 0, 9, 4, 0, 3, 6, 7, 8, 10, 12, 13, 15, 0, 0, 1, 1, 1, 1, 0, 1, 1, 0, 1, 1, 0, 1, 1, 0]
Fitness: 1201.317711 	[4, 0, 6, 14, 13, 11, 0, 9, 10, 5, 12, 8, 0, 1, 2, 3, 7, 15, 0, 1, 0, 1, 1, 1, 0, 1, 1, 0, 1, 0, 1, 1, 1, 0]
Fitness: 1201.004275 	[3, 1, 6, 0, 9, 4, 0, 5, 11, 14, 0, 7, 8, 2, 10, 12, 13, 15, 0, 0, 1, 1, 1, 1, 0, 1, 1, 0, 1, 1, 0, 1, 1, 0]
Fitness: 1201.004275 	[3, 1, 6, 0, 5, 11, 14, 0, 9, 4, 0, 7, 8, 2, 10, 12, 13, 15, 0, 0, 1, 1, 1, 1, 0, 1, 1, 0, 1, 1, 0, 1, 1, 0]
Fitness: 1201.004275 	[3, 1, 6, 0, 9, 4, 0, 5, 11, 14, 0, 7, 8, 2, 10, 12, 13, 15, 0, 0, 1, 1, 1, 1, 0, 1, 1, 0, 1, 1, 0, 1, 1, 0]
Fitness: 1201.004275 	[3, 1, 6, 0, 5, 11, 14, 0, 9, 4, 0, 7, 8, 2, 10, 12, 13, 15, 0, 0, 1, 1, 1, 1, 0, 1, 1, 0, 1, 1, 0, 1, 1, 0]
Fitness: 1201.004275 	[3, 1, 6, 0, 7, 8, 2, 10, 12, 13, 15, 0, 5, 11, 14, 0, 9, 4, 0, 0, 1, 1, 1, 1, 0, 1, 1, 0, 1, 1, 0, 1, 1, 0]
Fitness: 1250.657445 	[9, 4, 0, 10, 12, 7, 2, 13, 3, 8, 0, 1, 6, 15, 0, 5, 11, 14, 0, 1, 0, 1, 1, 1, 1, 0, 1, 0, 1, 1, 0, 1, 1, 0]
Fitness: 1241.271005 	[9, 4, 0, 15, 1, 6, 0, 5, 11, 14, 0, 10, 12, 7, 2, 13, 3, 8, 0, 1, 0, 1, 1, 1, 0, 1, 1, 0, 1, 1, 0, 1, 1, 0]
Fitness: 1250.657445 	[1, 6, 15, 0, 9, 4, 0, 5, 11, 14, 0, 10, 12, 7, 2, 13, 3, 8, 0, 1, 0, 1, 1, 1, 1, 0, 1, 0, 1, 1, 0, 1, 1, 0]
Fitness: 1224.388568 	[4, 0, 6, 14, 13, 0, 11, 9, 10, 5, 12, 8, 0, 1, 2, 3, 7, 15, 0, 1, 0, 1, 1, 1, 0, 1, 1, 1, 1, 0, 1, 0, 1, 0]
Fitness: 1241.271005 	[9, 4, 0, 5, 11, 14, 0, 10, 12, 7, 2, 13, 3, 8, 0, 15, 1, 6, 0, 1, 0, 1, 1, 1, 0, 1, 1, 0, 1, 1, 0, 1, 1, 0]
Fitness: 1224.388568 	[2, 3, 0, 11, 9, 10, 5, 12, 8, 0, 4, 0, 15, 1, 6, 7, 13, 14, 0, 1, 0, 1, 1, 1, 0, 1, 1, 1, 1, 0, 1, 0, 1, 0]
Fitness: 1216.462543 	[4, 0, 1, 0, 11, 9, 10, 5, 12, 8, 0, 3, 6, 7, 2, 14, 13, 15, 0, 0, 1, 1, 1, 1, 1, 0, 1, 1, 1, 0, 1, 0, 1, 0]
Fitness: 1215.372236 	[9, 4, 0, 5, 11, 14, 0, 1, 3, 0, 7, 8, 2, 10, 12, 13, 15, 6, 0, 0, 1, 1, 1, 1, 0, 1, 1, 0, 1, 1, 0, 1, 1, 0]
Fitness: 1216.462543 	[11, 9, 10, 5, 12, 8, 0, 1, 0, 4, 3, 0, 7, 14, 2, 13, 15, 6, 0, 1, 0, 1, 1, 1, 1, 0, 1, 1, 1, 0, 1, 0, 1, 0]
Fitness: 1203.073280 	[2, 7, 10, 9, 0, 5, 6, 0, 11, 13, 1, 0, 15, 3, 4, 8, 12, 14, 0, 0, 1, 1, 0, 1, 1, 1, 1, 0, 1, 1, 0, 1, 1, 0]
Fitness: 1222.131538 	[1, 2, 0, 5, 11, 14, 0, 9, 4, 0, 6, 15, 3, 7, 8, 10, 12, 13, 0, 0, 1, 1, 1, 1, 0, 1, 1, 0, 1, 1, 0, 1, 1, 0]
Fitness: 1203.073280 	[1, 11, 0, 2, 7, 10, 9, 0, 15, 3, 4, 8, 12, 14, 0, 6, 5, 13, 0, 1, 0, 1, 0, 1, 1, 1, 1, 0, 1, 1, 0, 1, 1, 0]
Fitness: 1263.357940 	[1, 4, 0, 6, 14, 13, 0, 5, 11, 2, 0, 3, 7, 15, 8, 9, 10, 12, 0, 1, 0, 1, 1, 1, 0, 1, 1, 1, 1, 0, 1, 0, 1, 0]
Fitness: 1241.271005 	[9, 4, 0, 15, 1, 6, 0, 5, 11, 14, 0, 10, 12, 7, 2, 13, 3, 8, 0, 1, 0, 1, 1, 1, 1, 0, 1, 0, 1, 1, 0, 1, 1, 0]
Fitness: 1222.423398 	[1, 0, 4, 0, 11, 9, 10, 5, 12, 8, 0, 3, 6, 7, 2, 14, 13, 15, 0, 1, 0, 1, 1, 1, 1, 0, 1, 1, 1, 0, 1, 0, 1, 0]
Fitness: 1241.271005 	[1, 0, 5, 0, 10, 12, 7, 2, 13, 3, 8, 0, 9, 4, 6, 11, 14, 15, 0, 1, 0, 1, 1, 1, 0, 1, 1, 0, 1, 1, 0, 1, 1, 0]
Fitness: 1246.903020 	[1, 5, 0, 10, 3, 13, 0, 4, 9, 14, 0, 6, 12, 7, 2, 11, 15, 8, 0, 1, 0, 1, 1, 1, 1, 0, 0, 1, 1, 1, 0, 1, 1, 0]
Fitness: 1203.073280 	[2, 7, 10, 9, 0, 11, 13, 1, 0, 5, 6, 0, 15, 3, 4, 8, 12, 14, 0, 1, 0, 1, 0, 1, 1, 0, 1, 1, 1, 1, 0, 1, 1, 0]
Fitness: 1246.903020 	[1, 5, 9, 0, 10, 3, 13, 0, 6, 12, 7, 2, 11, 15, 8, 0, 4, 14, 0, 1, 0, 1, 1, 1, 0, 1, 0, 1, 1, 1, 0, 1, 1, 0]
Fitness: 1224.388568 	[4, 0, 6, 14, 13, 0, 1, 2, 3, 7, 15, 0, 11, 9, 10, 5, 12, 8, 0, 1, 0, 1, 1, 1, 0, 1, 1, 0, 1, 1, 1, 0, 1, 0]
Fitness: 1215.372236 	[9, 4, 0, 7, 8, 2, 10, 12, 13, 15, 6, 0, 1, 3, 0, 5, 11, 14, 0, 0, 1, 1, 1, 1, 0, 1, 1, 0, 1, 1, 0, 1, 1, 0]
Fitness: 1224.388568 	[6, 14, 13, 0, 1, 2, 3, 7, 15, 0, 4, 8, 0, 5, 11, 9, 10, 12, 0, 1, 0, 1, 1, 1, 0, 1, 1, 1, 1, 0, 1, 0, 1, 0]
Fitness: 1218.004049 	[1, 6, 0, 9, 4, 0, 5, 11, 14, 10, 3, 0, 7, 8, 2, 12, 13, 15, 0, 1, 0, 1, 1, 1, 0, 1, 1, 0, 1, 1, 0, 1, 1, 0]
Fitness: 1292.083738 	[1, 5, 0, 6, 11, 14, 15, 0, 10, 12, 7, 2, 13, 3, 8, 0, 9, 4, 0, 1, 0, 1, 1, 1, 0, 1, 1, 0, 1, 1, 0, 1, 1, 0]
Fitness: 1218.004049 	[2, 7, 0, 5, 11, 14, 10, 3, 0, 1, 6, 0, 9, 4, 8, 12, 13, 15, 0, 1, 0, 1, 1, 1, 0, 1, 1, 0, 1, 1, 0, 1, 1, 0]
Fitness: 1222.073318 	[1, 11, 0, 9, 4, 0, 10, 12, 7, 2, 13, 3, 8, 0, 6, 15, 5, 14, 0, 0, 1, 1, 0, 1, 1, 1, 1, 0, 1, 1, 0, 1, 1, 0]
Fitness: 1240.461123 	[2, 7, 10, 9, 0, 5, 6, 0, 11, 13, 1, 0, 15, 3, 4, 8, 12, 14, 0, 1, 0, 1, 0, 1, 1, 0, 1, 1, 1, 1, 0, 1, 1, 0]
Fitness: 1222.073318 	[6, 15, 5, 14, 0, 10, 12, 7, 2, 13, 3, 8, 0, 11, 9, 1, 0, 4, 0, 0, 1, 1, 1, 1, 0, 1, 1, 0, 1, 1, 0, 1, 1, 0]
Fitness: 1215.372236 	[9, 4, 0, 5, 11, 14, 0, 1, 3, 0, 7, 8, 2, 10, 12, 13, 15, 6, 0, 0, 1, 1, 1, 1, 0, 1, 1, 0, 1, 1, 0, 1, 1, 0]
Fitness: 1216.462543 	[1, 0, 4, 0, 11, 9, 10, 5, 12, 8, 0, 3, 6, 7, 2, 14, 13, 15, 0, 1, 0, 1, 1, 1, 0, 1, 1, 1, 1, 0, 1, 0, 1, 0]
Fitness: 1215.372236 	[1, 0, 2, 0, 9, 4, 0, 5, 11, 14, 3, 6, 7, 8, 10, 12, 13, 15, 0, 0, 1, 1, 1, 1, 0, 1, 1, 0, 1, 1, 0, 1, 1, 0]
Fitness: 1233.927947 	[2, 5, 0, 14, 9, 0, 11, 6, 1, 0, 10, 3, 13, 4, 7, 8, 12, 15, 0, 0, 1, 1, 1, 0, 1, 1, 1, 0, 1, 1, 0, 1, 1, 0]
Fitness: 1225.970065 	[15, 1, 6, 0, 10, 12, 7, 2, 13, 3, 8, 0, 9, 4, 14, 0, 5, 11, 0, 1, 0, 1, 1, 1, 0, 1, 0, 1, 1, 1, 0, 1, 1, 0]
Fitness: 1246.903020 	[1, 5, 0, 10, 3, 13, 0, 4, 9, 14, 0, 6, 12, 7, 2, 11, 15, 8, 0, 1, 0, 1, 1, 1, 0, 1, 0, 1, 1, 1, 0, 1, 1, 0]
Fitness: 1225.970065 	[10, 12, 7, 2, 13, 3, 8, 0, 9, 4, 14, 0, 1, 5, 0, 6, 11, 15, 0, 1, 0, 1, 1, 1, 0, 1, 1, 0, 1, 1, 0, 1, 1, 0]
Fitness: 1223.360590 	[2, 5, 1, 0, 9, 3, 0, 4, 0, 11, 6, 7, 8, 10, 12, 13, 14, 15, 0, 1, 0, 1, 1, 1, 0, 1, 0, 1, 1, 1, 1, 0, 1, 0]
Fitness: 1201.004275 	[3, 1, 6, 0, 7, 8, 2, 10, 12, 13, 15, 0, 5, 11, 14, 0, 9, 4, 0, 0, 1, 1, 1, 1, 0, 1, 1, 0, 1, 1, 0, 1, 1, 0]
Fitness: 1223.360590 	[4, 0, 2, 5, 1, 0, 3, 11, 14, 0, 9, 6, 7, 8, 10, 12, 13, 15, 0, 1, 0, 1, 1, 1, 0, 1, 0, 1, 1, 1, 1, 0, 1, 0]
Fitness: 1263.357940 	[1, 4, 0, 6, 14, 13, 0, 15, 7, 2, 3, 0, 11, 9, 10, 5, 12, 8, 0, 1, 0, 1, 1, 1, 0, 1, 1, 0, 1, 1, 0, 1, 1, 0]
Fitness: 1222.131538 	[1, 2, 0, 5, 11, 14, 0, 9, 4, 0, 3, 6, 7, 8, 10, 12, 13, 15, 0, 0, 1, 1, 1, 1, 0, 1, 1, 0, 1, 1, 0, 1, 1, 0]
Fitness: 1263.357940 	[9, 2, 0, 6, 14, 13, 0, 1, 4, 0, 3, 11, 7, 8, 10, 12, 5, 15, 0, 1, 0, 1, 1, 1, 0, 1, 1, 1, 1, 0, 1, 0, 1, 0]
Fitness: 1259.096965 	[1, 0, 9, 6, 4, 0, 5, 11, 14, 0, 10, 12, 7, 2, 13, 3, 8, 15, 0, 0, 1, 1, 1, 1, 0, 1, 1, 0, 1, 1, 0, 1, 1, 0]
Fitness: 1243.346647 	[5, 11, 0, 10, 12, 7, 2, 13, 3, 8, 0, 9, 4, 14, 0, 15, 1, 6, 0, 1, 0, 1, 1, 1, 0, 1, 1, 0, 1, 1, 0, 1, 1, 0]
Fitness: 1259.096965 	[9, 6, 4, 0, 1, 0, 2, 3, 14, 0, 15, 5, 7, 8, 10, 11, 12, 13, 0, 0, 1, 1, 1, 1, 0, 1, 1, 0, 1, 1, 0, 1, 1, 0]
Fitness: 1242.532091 	[1, 6, 0, 10, 8, 11, 14, 13, 15, 0, 2, 3, 9, 7, 12, 5, 0, 4, 0, 1, 0, 1, 1, 1, 0, 1, 1, 0, 0, 1, 1, 1, 1, 0]
Fitness: 1215.372236 	[9, 4, 0, 7, 8, 2, 10, 12, 13, 15, 6, 0, 1, 3, 0, 5, 11, 14, 0, 0, 1, 1, 1, 1, 0, 1, 1, 0, 1, 1, 0, 1, 1, 0]
Fitness: 1242.532091 	[8, 4, 0, 1, 6, 0, 2, 3, 9, 7, 12, 5, 0, 10, 11, 14, 13, 15, 0, 1, 0, 1, 1, 1, 0, 1, 0, 1, 0, 1, 1, 1, 1, 0]
Fitness: 1250.657445 	[9, 4, 0, 10, 12, 7, 2, 13, 3, 8, 0, 1, 6, 15, 0, 5, 11, 14, 0, 1, 0, 1, 1, 1, 1, 0, 1, 1, 1, 0, 0, 1, 1, 0]
Fitness: 1224.388568 	[4, 0, 6, 14, 13, 0, 1, 2, 3, 7, 15, 0, 11, 9, 10, 5, 12, 8, 0, 1, 0, 1, 1, 1, 0, 1, 1, 1, 1, 0, 1, 0, 1, 0]
Fitness: 1250.657445 	[1, 0, 5, 11, 14, 0, 9, 4, 0, 2, 3, 10, 6, 12, 8, 7, 13, 15, 0, 1, 0, 1, 1, 1, 1, 0, 1, 0, 1, 1, 0, 1, 1, 0]
Fitness: 1216.462543 	[1, 0, 4, 0, 11, 9, 10, 5, 12, 8, 0, 3, 6, 7, 2, 14, 13, 15, 0, 0, 1, 1, 1, 1, 0, 1, 1, 1, 1, 0, 1, 0, 1, 0]
Fitness: 1222.073318 	[1, 11, 0, 9, 4, 0, 10, 12, 7, 2, 13, 3, 8, 0, 6, 15, 5, 14, 0, 0, 1, 1, 1, 1, 0, 1, 1, 0, 1, 1, 0, 1, 1, 0]
Fitness: 1216.462543 	[4, 11, 0, 3, 6, 7, 2, 14, 13, 15, 0, 1, 0, 8, 9, 5, 10, 12, 0, 1, 0, 1, 1, 1, 0, 1, 1, 1, 1, 0, 1, 0, 1, 0]
Fitness: 1213.648035 	[1, 6, 0, 9, 4, 0, 5, 11, 14, 10, 3, 0, 7, 8, 2, 12, 13, 15, 0, 1, 0, 1, 1, 1, 0, 1, 1, 0, 1, 1, 1, 0, 1, 0]
Fitness: 1211.706058 	[3, 1, 6, 0, 7, 8, 2, 10, 12, 13, 15, 0, 5, 4, 0, 14, 9, 11, 0, 0, 1, 1, 1, 1, 0, 1, 1, 0, 1, 1, 0, 1, 1, 0]
Fitness: 1213.648035 	[3, 11, 5, 0, 7, 8, 2, 10, 12, 13, 15, 0, 9, 4, 0, 1, 6, 14, 0, 1, 0, 1, 1, 1, 0, 1, 1, 0, 1, 1, 1, 0, 1, 0]
Fitness: 1243.346647 	[5, 11, 0, 10, 12, 7, 2, 13, 3, 8, 0, 9, 4, 14, 0, 15, 1, 6, 0, 1, 0, 1, 1, 1, 0, 1, 1, 0, 1, 1, 0, 1, 1, 0]
Fitness: 1259.096965 	[1, 0, 9, 6, 4, 0, 5, 11, 14, 0, 10, 12, 7, 2, 13, 3, 8, 15, 0, 0, 1, 1, 1, 1, 0, 1, 1, 0, 1, 1, 0, 1, 1, 0]
Fitness: 1243.346647 	[1, 0, 5, 11, 0, 9, 4, 14, 0, 10, 12, 7, 2, 13, 3, 8, 15, 6, 0, 1, 0, 1, 1, 1, 0, 1, 1, 0, 1, 1, 0, 1, 1, 0]
Fitness: 1259.096965 	[1, 0, 9, 6, 4, 0, 10, 12, 7, 2, 13, 3, 8, 15, 0, 5, 11, 14, 0, 0, 1, 1, 1, 1, 0, 1, 1, 0, 1, 1, 0, 1, 1, 0]
Fitness: 1250.657445 	[9, 4, 0, 10, 12, 7, 2, 13, 3, 8, 0, 5, 11, 14, 0, 1, 6, 15, 0, 1, 0, 1, 1, 1, 1, 0, 1, 0, 1, 1, 0, 1, 1, 0]
Fitness: 1259.096965 	[5, 11, 14, 0, 9, 6, 4, 0, 2, 3, 7, 0, 1, 8, 15, 10, 12, 13, 0, 0, 1, 1, 1, 1, 0, 1, 1, 0, 1, 1, 0, 1, 1, 0]
Fitness: 1213.085511 	[9, 4, 0, 1, 6, 0, 5, 11, 14, 0, 10, 12, 7, 2, 13, 3, 8, 15, 0, 0, 1, 1, 1, 1, 0, 1, 1, 1, 1, 0, 1, 0, 1, 0]
Fitness: 1224.388568 	[4, 0, 6, 14, 13, 0, 11, 9, 10, 5, 12, 8, 0, 1, 2, 3, 7, 15, 0, 1, 0, 1, 1, 1, 0, 1, 1, 1, 1, 0, 1, 0, 1, 0]
Fitness: 1213.085511 	[11, 0, 9, 4, 0, 10, 12, 7, 2, 13, 3, 8, 15, 0, 1, 5, 6, 14, 0, 0, 1, 1, 1, 1, 0, 1, 1, 0, 1, 1, 0, 1, 1, 0]
Fitness: 1222.423398 	[1, 0, 4, 0, 11, 9, 10, 5, 12, 8, 0, 3, 6, 7, 2, 14, 13, 15, 0, 0, 1, 1, 1, 1, 0, 1, 1, 1, 1, 0, 1, 0, 1, 0]
Fitness: 1201.004275 	[3, 1, 6, 0, 9, 4, 0, 5, 11, 14, 0, 7, 8, 2, 10, 12, 13, 15, 0, 0, 1, 1, 1, 1, 0, 1, 1, 0, 1, 1, 0, 1, 1, 0]
Fitness: 1222.423398 	[3, 1, 6, 0, 2, 7, 0, 11, 9, 10, 5, 12, 8, 0, 4, 13, 14, 15, 0, 1, 0, 1, 1, 1, 1, 0, 1, 1, 1, 0, 1, 0, 1, 0]
Fitness: 1218.004049 	[1, 6, 0, 9, 4, 0, 5, 11, 14, 10, 3, 0, 7, 8, 2, 12, 13, 15, 0, 1, 0, 1, 1, 1, 0, 1, 1, 0, 1, 1, 0, 1, 1, 0]
Fitness: 1213.085511 	[4, 9, 0, 5, 11, 14, 0, 10, 12, 7, 2, 13, 3, 8, 15, 0, 6, 1, 0, 0, 1, 1, 1, 1, 0, 1, 1, 0, 1, 1, 0, 1, 1, 0]
Fitness: 1218.004049 	[1, 10, 0, 5, 11, 14, 0, 7, 8, 2, 12, 13, 15, 0, 9, 4, 3, 6, 0, 1, 0, 1, 1, 1, 0, 1, 1, 0, 1, 1, 0, 1, 1, 0]
Fitness: 1250.657445 	[4, 0, 10, 12, 7, 2, 13, 3, 8, 0, 1, 6, 15, 0, 5, 11, 14, 9, 0, 1, 1, 1, 0, 1, 1, 0, 1, 1, 1, 0, 0, 1, 1, 0]
Fitness: 1263.357940 	[1, 4, 0, 6, 14, 13, 5, 0, 15, 7, 2, 3, 0, 11, 9, 10, 12, 8, 0, 1, 0, 1, 1, 1, 0, 1, 1, 1, 1, 0, 1, 1, 0, 0]
Fitness: 1215.372236 	[9, 4, 0, 7, 8, 2, 10, 12, 13, 15, 6, 0, 3, 0, 5, 11, 14, 1, 0, 0, 1, 1, 0, 1, 0, 1, 1, 1, 1, 1, 0, 1, 1, 0]
Fitness: 1213.085511 	[4, 9, 0, 5, 11, 14, 1, 0, 10, 12, 7, 2, 13, 3, 8, 15, 0, 6, 0, 0, 1, 1, 1, 1, 1, 1, 1, 0, 1, 0, 0, 1, 1, 0]
Fitness: 1201.004275 	[3, 1, 6, 0, 5, 11, 14, 7, 0, 9, 4, 0, 8, 2, 10, 12, 13, 15, 0, 0, 1, 0, 1, 1, 1, 1, 1, 0, 1, 1, 0, 1, 1, 0]
Fitness: 1240.461123 	[2, 7, 10, 9, 0, 5, 6, 0, 11, 13, 1, 14, 0, 15, 3, 4, 8, 12, 0, 1, 0, 1, 0, 1, 0, 1, 1, 1, 1, 1, 0, 1, 1, 0]
Fitness: 1216.462543 	[11, 10, 5, 12, 8, 0, 1, 0, 4, 3, 9, 0, 7, 14, 2, 13, 15, 6, 0, 1, 1, 1, 1, 1, 1, 0, 1, 1, 1, 0, 1, 0, 0, 0]
Fitness: 1222.423398 	[11, 9, 10, 0, 4, 0, 5, 12, 8, 1, 0, 3, 6, 7, 2, 14, 13, 15, 0, 1, 1, 1, 1, 1, 0, 0, 1, 1, 1, 0, 1, 0, 1, 0]
Fitness: 1241.271005 	[9, 4, 0, 11, 14, 0, 10, 12, 7, 2, 13, 3, 8, 0, 15, 1, 6, 5, 0, 1, 0, 1, 0, 1, 0, 1, 1, 0, 1, 1, 1, 1, 1, 0]
Fitness: 1233.927947 	[4, 0, 14, 9, 0, 11, 6, 1, 0, 10, 12, 7, 2, 13, 3, 8, 15, 5, 0, 0, 1, 1, 1, 0, 1, 0, 1, 1, 1, 1, 0, 1, 1, 0]
Fitness: 1215.372236 	[5, 11, 14, 3, 6, 7, 0, 2, 0, 9, 4, 0, 8, 10, 12, 13, 15, 1, 0, 0, 1, 1, 1, 0, 0, 1, 1, 1, 1, 1, 0, 1, 1, 0]
Fitness: 1206.182201 	[11, 0, 10, 12, 7, 2, 13, 3, 8, 0, 9, 4, 0, 15, 1, 6, 14, 5, 0, 1, 1, 0, 1, 1, 0, 1, 1, 0, 1, 1, 0, 1, 1, 0]
Fitness: 1233.344233 	[1, 0, 9, 6, 4, 0, 11, 13, 10, 5, 12, 8, 3, 0, 14, 2, 7, 15, 0, 1, 1, 1, 1, 1, 0, 1, 1, 0, 1, 1, 0, 0, 1, 0]
Fitness: 1250.657445 	[9, 0, 10, 12, 7, 2, 13, 3, 8, 4, 0, 1, 6, 15, 0, 5, 11, 14, 0, 1, 0, 1, 1, 1, 1, 1, 1, 0, 0, 1, 0, 1, 1, 0]
Fitness: 1222.423398 	[3, 6, 7, 0, 4, 1, 0, 11, 9, 10, 5, 12, 8, 0, 2, 14, 13, 15, 0, 1, 0, 1, 1, 1, 0, 0, 1, 1, 1, 1, 1, 0, 1, 0]
Fitness: 1216.462543 	[1, 0, 4, 0, 11, 9, 10, 5, 12, 8, 7, 0, 3, 6, 2, 14, 13, 15, 0, 1, 0, 1, 0, 1, 0, 1, 1, 1, 1, 0, 1, 1, 1, 0]
Fitness: 1222.131538 	[1, 0, 5, 11, 14, 0, 9, 4, 2, 0, 6, 15, 3, 7, 8, 10, 12, 13, 0, 0, 1, 1, 1, 1, 0, 1, 0, 0, 1, 1, 1, 1, 1, 0]
Fitness: 1233.344233 	[1, 0, 11, 13, 10, 5, 12, 8, 0, 9, 6, 4, 15, 0, 14, 2, 3, 7, 0, 0, 1, 1, 1, 1, 0, 1, 1, 1, 1, 1, 0, 0, 1, 0]
Fitness: 1263.164821 	[1, 0, 10, 12, 7, 2, 13, 3, 8, 0, 9, 4, 5, 0, 6, 11, 14, 15, 0, 0, 1, 1, 1, 1, 0, 0, 1, 1, 1, 1, 0, 1, 1, 0]
Fitness: 1242.532091 	[1, 6, 0, 10, 8, 11, 14, 13, 0, 2, 3, 9, 7, 12, 5, 0, 4, 15, 0, 1, 0, 1, 1, 1, 0, 1, 0, 1, 1, 0, 1, 1, 1, 0]
Fitness: 1246.903020 	[1, 5, 11, 0, 10, 3, 13, 0, 4, 9, 14, 0, 6, 12, 7, 2, 15, 8, 0, 1, 0, 1, 1, 1, 0, 1, 1, 1, 1, 1, 0, 1, 0, 0]
Fitness: 1246.903020 	[1, 5, 4, 0, 10, 3, 13, 0, 9, 14, 0, 6, 12, 7, 2, 11, 15, 8, 0, 1, 0, 0, 1, 1, 0, 1, 1, 1, 1, 1, 0, 1, 1, 0]
Fitness: 1293.572184 	[14, 13, 0, 1, 4, 0, 15, 7, 2, 3, 0, 11, 9, 10, 5, 12, 8, 6, 0, 1, 0, 1, 1, 1, 0, 1, 1, 1, 1, 1, 1, 0, 0, 0]
Fitness: 1223.360590 	[4, 2, 0, 5, 1, 0, 3, 11, 14, 0, 9, 6, 7, 8, 10, 12, 13, 15, 0, 1, 0, 1, 1, 1, 0, 1, 0, 1, 1, 1, 0, 1, 1, 0]
Fitness: 1263.357940 	[1, 4, 11, 0, 6, 14, 13, 0, 15, 7, 2, 3, 0, 9, 10, 5, 12, 8, 0, 1, 1, 0, 1, 1, 0, 1, 1, 0, 1, 1, 0, 1, 1, 0]
Fitness: 1222.131538 	[1, 2, 0, 5, 14, 0, 9, 4, 11, 0, 3, 6, 7, 8, 10, 12, 13, 15, 0, 1, 1, 1, 1, 1, 0, 1, 1, 0, 0, 1, 0, 1, 1, 0]
Fitness: 1224.388568 	[4, 14, 0, 6, 13, 0, 11, 9, 10, 5, 12, 8, 0, 1, 2, 3, 7, 15, 0, 1, 1, 1, 1, 1, 0, 1, 1, 1, 1, 0, 1, 0, 0, 0]
Fitness: 1201.004275 	[1, 6, 0, 9, 4, 0, 5, 11, 14, 3, 0, 7, 8, 2, 10, 12, 13, 15, 0, 0, 1, 0, 1, 1, 0, 1, 1, 0, 1, 1, 1, 1, 1, 0]
Fitness: 1218.004049 	[1, 6, 0, 9, 4, 5, 0, 11, 14, 10, 3, 0, 7, 8, 2, 12, 13, 15, 0, 1, 0, 1, 1, 1, 0, 1, 1, 1, 0, 1, 0, 1, 1, 0]
Fitness: 1243.346647 	[1, 0, 5, 11, 0, 9, 4, 0, 10, 12, 7, 2, 13, 3, 8, 15, 6, 14, 0, 1, 0, 1, 1, 1, 0, 1, 1, 1, 1, 0, 0, 1, 1, 0]
Fitness: 1213.085511 	[4, 9, 10, 0, 6, 1, 0, 5, 11, 14, 0, 12, 7, 2, 13, 3, 8, 15, 0, 0, 1, 1, 0, 1, 0, 1, 1, 0, 1, 1, 1, 1, 1, 0]
Fitness: 1246.903020 	[1, 5, 0, 10, 3, 13, 0, 9, 14, 0, 6, 12, 7, 2, 11, 15, 8, 4, 0, 1, 0, 0, 1, 1, 0, 1, 0, 1, 1, 1, 1, 1, 1, 0]
Fitness: 1215.372236 	[9, 4, 0, 7, 8, 2, 10, 12, 13, 15, 6, 3, 0, 1, 0, 5, 11, 14, 0, 0, 1, 1, 1, 1, 0, 1, 0, 1, 1, 1, 0, 1, 1, 0]
Fitness: 1250.657445 	[2, 3, 10, 6, 12, 0, 5, 11, 14, 0, 9, 4, 0, 8, 7, 13, 15, 1, 0, 1, 0, 1, 1, 1, 1, 0, 1, 0, 1, 0, 1, 1, 1, 0]
Fitness: 1259.096965 	[1, 0, 9, 6, 4, 14, 0, 5, 11, 0, 10, 12, 7, 2, 13, 3, 8, 15, 0, 0, 1, 1, 0, 1, 0, 1, 1, 0, 1, 1, 1, 1, 1, 0]
Fitness: 1222.423398 	[1, 0, 4, 0, 11, 9, 10, 5, 12, 8, 7, 0, 3, 6, 2, 14, 13, 15, 0, 1, 0, 1, 1, 1, 1, 1, 0, 1, 1, 0, 1, 0, 1, 0]
Fitness: 1241.271005 	[4, 0, 15, 1, 6, 0, 5, 11, 14, 9, 0, 10, 12, 7, 2, 13, 3, 8, 0, 1, 1, 1, 0, 1, 0, 1, 1, 0, 1, 1, 0, 1, 1, 0]
Fitness: 1243.346647 	[5, 11, 1, 0, 10, 12, 7, 2, 13, 3, 8, 0, 9, 4, 14, 0, 15, 6, 0, 1, 1, 1, 0, 1, 0, 1, 1, 0, 1, 1, 0, 1, 1, 0]
Fitness: 1263.357940 	[9, 0, 6, 14, 13, 2, 0, 1, 4, 0, 3, 11, 7, 8, 10, 12, 5, 15, 0, 1, 1, 0, 1, 1, 0, 1, 1, 1, 1, 0, 1, 0, 1, 0]
Fitness: 1222.073318 	[6, 15, 14, 0, 10, 12, 7, 2, 13, 3, 8, 5, 0, 11, 9, 1, 0, 4, 0, 0, 1, 1, 1, 1, 0, 1, 1, 0, 1, 0, 1, 1, 1, 0]
Fitness: 1222.423398 	[11, 9, 10, 0, 4, 0, 5, 12, 8, 1, 0, 3, 6, 7, 2, 14, 13, 15, 0, 0, 1, 1, 1, 1, 0, 1, 1, 1, 1, 0, 0, 1, 1, 0]
Fitness: 1211.660854 	[4, 13, 0, 9, 3, 0, 2, 5, 1, 0, 11, 6, 7, 8, 10, 12, 14, 15, 0, 1, 1, 1, 1, 1, 0, 1, 0, 1, 0, 1, 1, 0, 1, 0]
Fitness: 1218.004049 	[1, 6, 0, 9, 0, 5, 11, 14, 10, 3, 0, 7, 8, 2, 12, 13, 15, 4, 0, 1, 0, 1, 1, 0, 0, 1, 1, 1, 1, 1, 0, 1, 1, 0]
Fitness: 1243.346647 	[5, 11, 0, 10, 12, 7, 2, 13, 3, 0, 9, 4, 14, 8, 0, 15, 1, 6, 0, 1, 0, 1, 1, 1, 0, 1, 1, 0, 1, 0, 1, 1, 1, 0]
Fitness: 1222.073318 	[11, 0, 9, 4, 1, 0, 10, 12, 7, 2, 13, 3, 8, 0, 6, 15, 5, 14, 0, 1, 1, 1, 1, 1, 0, 1, 1, 0, 1, 1, 0, 1, 0, 0]
Fitness: 1222.073318 	[1, 11, 9, 0, 4, 0, 10, 12, 7, 2, 13, 3, 8, 0, 6, 15, 5, 14, 0, 0, 1, 1, 1, 0, 1, 1, 1, 0, 1, 1, 0, 1, 1, 0]
Fitness: 1223.360590 	[2, 5, 1, 0, 9, 3, 0, 11, 6, 7, 8, 10, 0, 12, 13, 14, 15, 4, 0, 1, 0, 1, 1, 1, 0, 1, 0, 1, 1, 0, 1, 1, 1, 0]
Fitness: 1259.096965 	[1, 0, 9, 6, 4, 15, 0, 10, 12, 7, 2, 13, 3, 8, 0, 5, 11, 14, 0, 0, 1, 1, 1, 1, 1, 1, 1, 0, 0, 1, 0, 1, 1, 0]
Fitness: 1201.317711 	[4, 0, 6, 14, 13, 11, 0, 9, 10, 5, 8, 0, 1, 2, 3, 7, 15, 12, 0, 1, 0, 1, 1, 1, 1, 1, 1, 0, 0, 0, 1, 1, 1, 0]
Fitness: 1216.462543 	[4, 0, 3, 6, 7, 2, 14, 13, 15, 0, 1, 11, 0, 8, 9, 5, 10, 12, 0, 1, 1, 1, 1, 0, 0, 1, 1, 1, 1, 0, 1, 0, 1, 0]
Fitness: 1213.085511 	[4, 9, 0, 5, 11, 14, 0, 6, 1, 0, 10, 12, 7, 2, 13, 3, 8, 15, 0, 0, 1, 1, 1, 1, 0, 1, 1, 0, 1, 1, 0, 1, 1, 0]
Fitness: 1216.462543 	[1, 0, 3, 6, 7, 2, 14, 13, 15, 0, 11, 9, 10, 5, 12, 8, 0, 4, 0, 1, 0, 1, 1, 1, 0, 1, 1, 1, 1, 0, 1, 0, 1, 0]
Fitness: 1218.004049 	[2, 7, 0, 5, 11, 14, 10, 3, 0, 9, 4, 8, 12, 13, 15, 0, 1, 6, 0, 1, 0, 1, 1, 1, 0, 1, 1, 0, 1, 1, 0, 1, 1, 0]
Fitness: 1215.372236 	[9, 4, 0, 1, 3, 0, 7, 8, 2, 10, 12, 13, 15, 6, 0, 5, 11, 14, 0, 0, 1, 1, 1, 1, 0, 1, 1, 0, 1, 1, 0, 1, 1, 0]
Fitness: 1211.706058 	[3, 1, 6, 0, 5, 4, 0, 7, 8, 2, 10, 12, 13, 15, 0, 14, 9, 11, 0, 0, 1, 1, 1, 1, 0, 1, 1, 0, 1, 1, 0, 1, 1, 0]
Fitness: 1216.462543 	[11, 10, 5, 12, 8, 0, 1, 0, 7, 14, 2, 13, 15, 6, 0, 4, 3, 9, 0, 1, 1, 1, 1, 1, 1, 0, 1, 1, 1, 0, 1, 0, 0, 0]
Fitness: 1250.657445 	[9, 4, 0, 5, 11, 14, 0, 1, 6, 15, 0, 10, 12, 7, 2, 13, 3, 8, 0, 1, 0, 1, 1, 1, 1, 0, 1, 0, 1, 1, 0, 1, 1, 0]
Fitness: 1223.360590 	[4, 0, 9, 3, 0, 2, 5, 1, 0, 11, 6, 7, 8, 10, 12, 13, 14, 15, 0, 1, 0, 1, 1, 1, 0, 1, 0, 1, 1, 1, 1, 0, 1, 0]
Fitness: 1213.085511 	[4, 9, 0, 5, 11, 14, 1, 0, 6, 0, 10, 12, 7, 2, 13, 3, 8, 15, 0, 0, 1, 1, 1, 1, 1, 1, 1, 0, 1, 0, 0, 1, 1, 0]
Fitness: 1203.073280 	[11, 13, 1, 0, 5, 6, 0, 2, 7, 10, 9, 0, 15, 3, 4, 8, 12, 14, 0, 0, 1, 1, 0, 1, 1, 1, 1, 0, 1, 1, 0, 1, 1, 0]
Fitness: 1263.164821 	[9, 4, 5, 0, 10, 12, 7, 2, 13, 3, 8, 0, 1, 0, 6, 11, 14, 15, 0, 0, 1, 1, 1, 1, 0, 0, 1, 1, 1, 1, 0, 1, 1, 0]
Fitness: 1216.462543 	[1, 0, 4, 0, 11, 9, 10, 5, 12, 8, 0, 3, 6, 7, 2, 14, 13, 15, 0, 0, 1, 1, 1, 1, 1, 0, 1, 1, 1, 0, 1, 0, 1, 0]
Fitness: 1263.357940 	[9, 10, 5, 12, 8, 0, 6, 14, 13, 0, 15, 7, 2, 3, 0, 1, 4, 11, 0, 1, 1, 0, 1, 1, 0, 1, 1, 0, 1, 1, 0, 1, 1, 0]
Fitness: 1223.360590 	[4, 0, 2, 5, 1, 0, 9, 6, 7, 8, 10, 12, 13, 15, 0, 3, 11, 14, 0, 1, 0, 1, 1, 1, 0, 1, 0, 1, 1, 1, 1, 0, 1, 0]
Fitness: 1246.903020 	[10, 3, 13, 0, 1, 5, 9, 0, 6, 12, 7, 2, 11, 15, 8, 0, 4, 14, 0, 1, 0, 1, 1, 1, 0, 1, 0, 1, 1, 1, 0, 1, 1, 0]
Fitness: 1242.532091 	[4, 0, 10, 8, 11, 14, 13, 15, 0, 2, 3, 9, 7, 12, 5, 0, 1, 6, 0, 1, 0, 1, 1, 1, 0, 1, 0, 1, 0, 1, 1, 1, 1, 0]
Fitness: 1216.462543 	[4, 0, 1, 0, 11, 9, 10, 5, 12, 8, 0, 3, 6, 7, 2, 14, 13, 15, 0, 1, 0, 1, 1, 1, 0, 1, 1, 1, 1, 0, 1, 0, 1, 0]
Fitness: 1213.085511 	[4, 9, 10, 0, 6, 1, 0, 12, 7, 2, 13, 3, 8, 15, 0, 5, 11, 14, 0, 0, 1, 1, 0, 1, 0, 1, 1, 0, 1, 1, 1, 1, 1, 0]
Fitness: 1213.085511 	[9, 4, 0, 10, 12, 7, 2, 13, 3, 8, 15, 0, 5, 11, 14, 0, 1, 6, 0, 0, 1, 1, 1, 1, 0, 1, 1, 0, 1, 1, 0, 1, 1, 0]
Fitness: 1222.131538 	[3, 6, 7, 8, 10, 12, 13, 15, 0, 5, 14, 0, 9, 4, 11, 0, 1, 2, 0, 1, 1, 1, 1, 1, 0, 1, 1, 0, 0, 1, 0, 1, 1, 0]
Fitness: 1263.357940 	[15, 7, 2, 3, 0, 6, 14, 13, 0, 1, 4, 0, 11, 9, 10, 5, 12, 8, 0, 1, 0, 1, 1, 1, 0, 1, 1, 1, 1, 0, 1, 0, 1, 0]
Fitness: 1263.357940 	[3, 7, 15, 8, 9, 10, 12, 0, 6, 14, 13, 0, 5, 11, 2, 0, 1, 4, 0, 1, 0, 1, 1, 1, 0, 1, 1, 1, 1, 0, 1, 0, 1, 0]
Fitness: 1222.073318 	[1, 11, 0, 6, 15, 5, 14, 0, 10, 12, 7, 2, 13, 3, 8, 0, 9, 4, 0, 0, 1, 1, 1, 1, 0, 1, 1, 0, 1, 1, 0, 1, 1, 0]
Fitness: 1225.970065 	[15, 1, 6, 0, 9, 4, 14, 0, 10, 12, 7, 2, 13, 3, 8, 0, 5, 11, 0, 1, 0, 1, 1, 1, 0, 1, 1, 0, 1, 1, 0, 1, 1, 0]
Fitness: 1233.927947 	[11, 6, 1, 0, 14, 9, 0, 5, 4, 0, 10, 12, 7, 2, 13, 3, 8, 15, 0, 0, 1, 1, 1, 0, 1, 1, 1, 0, 1, 1, 0, 1, 1, 0]
Fitness: 1224.388568 	[4, 0, 11, 9, 10, 5, 12, 8, 0, 1, 2, 3, 7, 15, 0, 6, 14, 13, 0, 1, 0, 1, 1, 1, 0, 1, 1, 1, 1, 0, 1, 0, 1, 0]
Fitness: 1218.004049 	[9, 0, 1, 6, 0, 5, 11, 14, 10, 3, 0, 7, 8, 2, 12, 13, 15, 4, 0, 1, 0, 1, 1, 0, 0, 1, 1, 1, 1, 1, 0, 1, 1, 0]
Fitness: 1218.004049 	[1, 6, 0, 9, 4, 0, 7, 8, 2, 12, 13, 15, 0, 5, 11, 14, 10, 3, 0, 1, 0, 1, 1, 1, 0, 1, 1, 0, 1, 1, 0, 1, 1, 0]
Fitness: 1218.004049 	[11, 14, 10, 3, 0, 9, 4, 5, 0, 1, 6, 0, 7, 8, 2, 12, 13, 15, 0, 1, 0, 1, 1, 1, 0, 1, 1, 1, 0, 1, 0, 1, 1, 0]
Fitness: 1242.532091 	[1, 6, 0, 2, 3, 9, 7, 12, 5, 0, 10, 8, 11, 14, 13, 15, 0, 4, 0, 1, 0, 1, 1, 1, 0, 1, 1, 0, 0, 1, 1, 1, 1, 0]
Fitness: 1233.344233 	[1, 0, 11, 13, 10, 5, 12, 8, 0, 9, 6, 4, 0, 14, 2, 3, 7, 15, 0, 0, 1, 1, 1, 1, 0, 1, 1, 0, 1, 1, 0, 1, 1, 0]
Fitness: 1222.423398 	[2, 7, 0, 3, 1, 6, 0, 11, 9, 10, 5, 12, 8, 0, 4, 13, 14, 15, 0, 1, 0, 1, 1, 1, 1, 0, 1, 1, 1, 0, 1, 0, 1, 0]
Fitness: 1259.096965 	[1, 0, 10, 12, 7, 2, 13, 3, 8, 0, 9, 6, 4, 15, 0, 5, 11, 14, 0, 0, 1, 1, 1, 1, 1, 1, 1, 0, 0, 1, 0, 1, 1, 0]
Fitness: 1215.372236 	[9, 4, 0, 7, 8, 2, 10, 12, 13, 15, 6, 0, 1, 3, 0, 5, 11, 14, 0, 0, 1, 1, 1, 1, 0, 1, 1, 0, 1, 1, 0, 1, 1, 0]
Fitness: 1259.096965 	[5, 11, 0, 9, 6, 4, 14, 0, 1, 0, 10, 12, 7, 2, 13, 3, 8, 15, 0, 0, 1, 1, 0, 1, 0, 1, 1, 0, 1, 1, 1, 1, 1, 0]
Fitness: 1233.927947 	[10, 12, 7, 2, 13, 3, 8, 15, 5, 0, 14, 9, 0, 11, 6, 1, 0, 4, 0, 0, 1, 1, 1, 0, 1, 0, 1, 1, 1, 1, 0, 1, 1, 0]
Fitness: 1203.073280 	[5, 6, 0, 11, 13, 1, 0, 2, 7, 10, 9, 0, 15, 3, 4, 8, 12, 14, 0, 1, 0, 1, 0, 1, 1, 0, 1, 1, 1, 1, 0, 1, 1, 0]
Fitness: 1250.195095 	[6, 14, 13, 0, 1, 2, 3, 7, 15, 0, 4, 0, 11, 9, 10, 5, 12, 8, 0, 1, 0, 1, 1, 1, 0, 1, 1, 1, 1, 0, 1, 0, 1, 0]
Fitness: 1250.993428 	[4, 1, 0, 2, 14, 13, 15, 0, 11, 9, 10, 5, 12, 8, 0, 3, 6, 7, 0, 1, 0, 1, 1, 1, 1, 0, 1, 0, 1, 0, 1, 1, 1, 0]
Fitness: 1224.388568 	[4, 0, 11, 9, 10, 5, 12, 8, 0, 6, 14, 13, 0, 1, 2, 3, 7, 15, 0, 1, 0, 1, 1, 1, 0, 1, 1, 1, 1, 0, 1, 0, 1, 0]
Fitness: 1241.271005 	[9, 4, 0, 15, 1, 6, 5, 0, 10, 12, 7, 2, 13, 3, 8, 0, 11, 14, 0, 1, 0, 1, 0, 1, 0, 1, 1, 0, 1, 1, 1, 1, 1, 0]
Fitness: 1222.073318 	[1, 11, 9, 0, 6, 15, 5, 14, 0, 10, 12, 7, 2, 13, 3, 8, 0, 4, 0, 0, 1, 1, 1, 0, 1, 1, 1, 0, 1, 1, 0, 1, 1, 0]
Fitness: 1250.657445 	[5, 11, 14, 0, 2, 3, 10, 6, 12, 0, 9, 4, 0, 8, 7, 13, 15, 1, 0, 1, 0, 1, 1, 1, 1, 0, 1, 0, 1, 0, 1, 1, 1, 0]
Fitness: 1246.903020 	[1, 5, 0, 4, 9, 14, 0, 10, 3, 13, 0, 6, 12, 7, 2, 11, 15, 8, 0, 1, 0, 1, 1, 1, 0, 1, 0, 1, 1, 1, 0, 1, 1, 0]
Fitness: 1222.423398 	[1, 0, 4, 0, 3, 6, 7, 2, 14, 13, 15, 0, 11, 9, 10, 5, 12, 8, 0, 0, 1, 1, 1, 1, 0, 1, 1, 1, 1, 0, 1, 0, 1, 0]
Fitness: 1224.388568 	[4, 0, 6, 14, 13, 0, 1, 2, 3, 7, 15, 0, 11, 9, 10, 5, 12, 8, 0, 1, 0, 1, 1, 1, 0, 1, 1, 1, 1, 0, 1, 0, 1, 0]
Fitness: 1224.388568 	[4, 0, 1, 2, 3, 7, 15, 0, 11, 9, 10, 5, 12, 8, 0, 6, 14, 13, 0, 1, 0, 1, 1, 1, 0, 1, 1, 1, 1, 0, 1, 0, 1, 0]
Fitness: 1241.271005 	[10, 12, 7, 2, 13, 3, 8, 0, 15, 1, 6, 0, 5, 11, 14, 0, 9, 4, 0, 1, 0, 1, 1, 1, 0, 1, 1, 0, 1, 1, 0, 1, 1, 0]
Fitness: 1216.462543 	[1, 0, 3, 6, 7, 2, 14, 13, 15, 0, 11, 9, 10, 5, 12, 8, 0, 4, 0, 1, 0, 1, 1, 1, 0, 1, 1, 1, 1, 0, 1, 0, 1, 0]
Fitness: 1211.660854 	[4, 13, 0, 11, 6, 7, 8, 10, 12, 14, 15, 0, 2, 5, 1, 0, 9, 3, 0, 1, 1, 1, 1, 1, 0, 1, 0, 1, 0, 1, 1, 0, 1, 0]
Time: 0.45388