Fitness: 1247.477376 	[4, 0, 6, 12, 7, 9, 0, 10, 1, 11, 3, 5, 15, 14, 8, 0, 2, 13, 0, 0, 1, 1, 0, 1, 1, 1, 1, 0, 1, 0, 1, 1, 1, 0]
Fitness: 1135.060809 	[13, 15, 0, 14, 2, 3, 11, 0, 1, 8, 9, 12, 7, 5, 4, 10, 0, 6, 0, 0, 1, 0, 1, 1, 1, 0, 1, 1, 1, 0, 1, 1, 1, 0]
Fitness: 1117.716401 	[8, 2, 9, 7, 3, 10, 0, 12, 0, 6, 4, 11, 0, 15, 13, 1, 5, 14, 0, 1, 1, 0, 0, 1, 1, 1, 1, 1, 0, 1, 0, 1, 1, 0]
Fitness: 1095.199180 	[11, 0, 10, 12, 15, 14, 3, 1, 13, 7, 0, 6, 4, 0, 9, 5, 2, 8, 0, 0, 1, 1, 0, 1, 1, 1, 1, 0, 1, 1, 1, 0, 1, 0]
Fitness: 1083.305023 	[14, 6, 9, 11, 3, 8, 15, 0, 7, 10, 4, 0, 1, 5, 12, 0, 13, 2, 0, 0, 1, 0, 1, 1, 1, 1, 1, 0, 1, 1, 1, 0, 1, 0]
Fitness: 1030.702478 	[7, 5, 9, 2, 14, 8, 11, 0, 15, 10, 13, 4, 3, 0, 6, 0, 12, 1, 0, 1, 1, 0, 0, 0, 1, 1, 1, 1, 1, 0, 1, 1, 1, 0]
Fitness: 1026.428372 	[9, 15, 7, 4, 1, 0, 13, 3, 11, 2, 0, 5, 6, 8, 0, 14, 12, 10, 0, 1, 0, 1, 0, 1, 1, 0, 1, 1, 0, 1, 1, 1, 1, 0]
Fitness: 1016.079661 	[4, 0, 7, 8, 5, 13, 14, 10, 0, 15, 1, 9, 6, 2, 0, 3, 12, 11, 0, 1, 1, 0, 1, 0, 1, 0, 1, 1, 0, 1, 1, 1, 1, 0]
Fitness: 999.355735 	[6, 9, 15, 0, 7, 5, 1, 3, 8, 10, 13, 11, 2, 0, 4, 0, 14, 12, 0, 0, 1, 0, 1, 0, 1, 1, 1, 1, 1, 1, 1, 0, 1, 0]
Fitness: 997.842191 	[14, 4, 13, 7, 0, 6, 2, 12, 0, 9, 5, 15, 3, 11, 8, 1, 0, 10, 0, 1, 0, 1, 0, 1, 1, 1, 1, 0, 1, 1, 1, 0, 1, 0]
Fitness: 939.396233 	[12, 11, 5, 9, 0, 4, 8, 14, 0, 7, 2, 6, 15, 3, 10, 0, 13, 1, 0, 1, 1, 0, 0, 1, 1, 1, 0, 1, 1, 0, 1, 1, 1, 0]
Fitness: 939.082196 	[5, 3, 0, 13, 0, 12, 14, 1, 7, 10, 6, 9, 8, 0, 4, 11, 2, 15, 0, 1, 0, 0, 1, 1, 0, 1, 0, 1, 1, 1, 1, 1, 1, 0]
Fitness: 923.260437 	[9, 4, 8, 3, 11, 2, 5, 10, 0, 13, 7, 0, 1, 6, 14, 0, 15, 12, 0, 1, 0, 1, 1, 0, 1, 1, 1, 0, 0, 1, 1, 1, 1, 0]
Fitness: 920.855859 	[1, 0, 2, 10, 3, 9, 7, 0, 14, 6, 4, 13, 0, 8, 15, 11, 5, 12, 0, 1, 1, 1, 0, 1, 0, 1, 1, 0, 1, 1, 1, 0, 1, 0]
Fitness: 884.791118 	[6, 11, 9, 0, 4, 14, 0, 2, 15, 10, 12, 5, 7, 0, 8, 13, 1, 3, 0, 1, 0, 1, 1, 1, 0, 1, 0, 1, 0, 1, 1, 1, 1, 0]
Fitness: 871.365017 	[6, 0, 11, 0, 8, 4, 9, 1, 14, 3, 12, 13, 10, 5, 0, 7, 2, 15, 0, 1, 0, 1, 0, 1, 1, 0, 1, 0, 1, 1, 1, 1, 1, 0]
Fitness: 849.628393 	[11, 10, 12, 13, 5, 15, 0, 3, 14, 9, 0, 7, 8, 0, 1, 6, 2, 4, 0, 0, 1, 1, 1, 0, 1, 1, 0, 1, 1, 0, 1, 1, 1, 0]
Fitness: 841.296332 	[7, 9, 5, 13, 10, 0, 8, 4, 12, 11, 14, 6, 3, 0, 1, 15, 0, 2, 0, 1, 1, 0, 0, 1, 1, 0, 1, 1, 1, 1, 0, 1, 1, 0]
Fitness: 841.192326 	[14, 4, 11, 0, 1, 8, 15, 12, 9, 3, 5, 10, 13, 0, 2, 6, 0, 7, 0, 1, 1, 1, 0, 1, 0, 1, 0, 1, 1, 1, 1, 1, 0, 0]
Fitness: 834.115013 	[3, 0, 5, 4, 8, 10, 6, 0, 1, 13, 12, 0, 7, 2, 9, 14, 15, 11, 0, 0, 1, 0, 1, 0, 1, 1, 1, 1, 1, 1, 1, 0, 1, 0]
Fitness: 802.095501 	[11, 6, 2, 8, 9, 7, 10, 1, 5, 0, 13, 15, 0, 3, 0, 12, 4, 14, 0, 0, 1, 1, 1, 0, 1, 0, 1, 1, 0, 1, 1, 1, 1, 0]
Fitness: 789.907490 	[4, 11, 2, 12, 0, 10, 9, 1, 0, 13, 8, 3, 15, 5, 7, 0, 14, 6, 0, 1, 1, 1, 0, 1, 1, 0, 0, 1, 1, 1, 0, 1, 1, 0]
Fitness: 783.771435 	[14, 6, 10, 1, 2, 11, 4, 7, 0, 13, 0, 3, 12, 0, 5, 8, 9, 15, 0, 1, 1, 0, 0, 1, 1, 1, 1, 0, 1, 1, 0, 1, 1, 0]
Fitness: 779.629534 	[5, 2, 14, 9, 12, 11, 8, 0, 13, 0, 10, 4, 6, 7, 0, 15, 1, 3, 0, 0, 1, 1, 1, 1, 1, 1, 0, 1, 1, 0, 1, 1, 0, 0]
Fitness: 776.889594 	[4, 0, 7, 11, 0, 2, 1, 12, 10, 13, 3, 9, 5, 0, 15, 14, 6, 8, 0, 0, 1, 1, 1, 1, 1, 1, 0, 1, 1, 1, 1, 0, 0, 0]
Fitness: 772.889180 	[12, 15, 3, 13, 6, 8, 0, 9, 5, 0, 2, 0, 14, 1, 7, 4, 10, 11, 0, 1, 0, 1, 1, 0, 1, 1, 0, 1, 1, 1, 1, 1, 0, 0]
Fitness: 743.462235 	[2, 1, 8, 5, 9, 0, 7, 0, 13, 14, 11, 15, 10, 3, 4, 0, 12, 6, 0, 0, 1, 1, 1, 1, 1, 0, 1, 1, 0, 1, 1, 0, 1, 0]
Fitness: 742.386824 	[12, 8, 13, 7, 15, 0, 5, 14, 6, 9, 0, 3, 0, 4, 1, 2, 10, 11, 0, 1, 0, 1, 1, 1, 1, 0, 1, 1, 1, 0, 0, 1, 1, 0]
Fitness: 731.219576 	[15, 0, 13, 3, 0, 5, 14, 4, 9, 12, 8, 10, 7, 0, 6, 2, 1, 11, 0, 1, 1, 0, 1, 0, 1, 1, 1, 0, 1, 1, 1, 0, 1, 0]
Fitness: 724.317510 	[10, 0, 6, 15, 8, 5, 2, 7, 14, 11, 13, 3, 1, 9, 0, 12, 0, 4, 0, 1, 0, 1, 0, 1, 1, 1, 0, 1, 1, 1, 1, 0, 1, 0]
Fitness: 722.448446 	[7, 1, 15, 10, 2, 9, 5, 8, 0, 14, 12, 0, 3, 6, 11, 0, 13, 4, 0, 1, 1, 1, 1, 0, 0, 1, 1, 1, 1, 0, 1, 0, 1, 0]
Fitness: 718.022716 	[12, 3, 2, 0, 13, 1, 0, 5, 6, 10, 0, 15, 8, 7, 4, 11, 9, 14, 0, 0, 0, 1, 0, 1, 1, 1, 1, 1, 1, 0, 1, 1, 1, 0]
Fitness: 707.696644 	[6, 0, 1, 3, 14, 0, 4, 11, 0, 10, 15, 8, 7, 12, 5, 13, 2, 9, 0, 1, 0, 1, 1, 0, 1, 0, 0, 1, 1, 1, 1, 1, 1, 0]
Fitness: 706.839829 	[9, 6, 0, 13, 15, 12, 7, 0, 2, 14, 11, 0, 10, 4, 8, 5, 1, 3, 0, 0, 1, 1, 1, 1, 0, 1, 0, 1, 0, 1, 1, 1, 1, 0]
Fitness: 688.537667 	[5, 0, 1, 13, 8, 14, 7, 6, 2, 15, 0, 4, 0, 3, 12, 11, 9, 10, 0, 1, 1, 1, 1, 0, 1, 0, 1, 1, 1, 0, 1, 1, 0, 0]
Fitness: 687.001729 	[15, 8, 13, 7, 1, 0, 10, 5, 0, 11, 9, 14, 4, 12, 0, 3, 6, 2, 0, 0, 1, 1, 1, 1, 0, 1, 1, 1, 1, 0, 1, 1, 0, 0]
Fitness: 676.623297 	[6, 9, 5, 15, 13, 10, 0, 12, 0, 14, 7, 0, 11, 3, 2, 4, 1, 8, 0, 1, 1, 1, 1, 0, 1, 0, 1, 1, 1, 0, 1, 1, 0, 0]
Fitness: 657.596177 	[8, 5, 1, 0, 15, 0, 14, 6, 9, 7, 2, 3, 12, 11, 10, 13, 0, 4, 0, 1, 1, 0, 1, 1, 0, 1, 1, 1, 0, 1, 0, 1, 1, 0]
Fitness: 644.126582 	[10, 0, 12, 0, 2, 14, 3, 0, 8, 11, 4, 6, 7, 5, 1, 13, 15, 9, 0, 0, 0, 1, 1, 1, 1, 1, 1, 1, 0, 1, 1, 0, 1, 0]
Fitness: 643.686220 	[2, 6, 5, 12, 14, 10, 0, 1, 4, 7, 0, 8, 9, 13, 15, 0, 3, 11, 0, 1, 1, 0, 0, 1, 1, 0, 1, 0, 1, 1, 1, 1, 1, 0]
Fitness: 634.032073 	[2, 4, 6, 3, 0, 7, 0, 14, 13, 10, 0, 15, 11, 8, 12, 5, 9, 1, 0, 0, 0, 1, 1, 0, 1, 1, 1, 1, 1, 1, 0, 1, 1, 0]
Fitness: 621.932204 	[11, 0, 5, 6, 12, 8, 10, 0, 1, 0, 15, 14, 2, 3, 7, 9, 13, 4, 0, 1, 1, 1, 0, 0, 1, 1, 0, 1, 0, 1, 1, 1, 1, 0]
Fitness: 616.378088 	[2, 1, 0, 9, 3, 0, 8, 15, 11, 14, 12, 6, 13, 7, 0, 4, 5, 10, 0, 1, 0, 1, 1, 1, 1, 0, 0, 0, 1, 1, 1, 1, 1, 0]
Fitness: 608.073611 	[11, 0, 14, 6, 4, 0, 13, 1, 10, 8, 0, 5, 7, 3, 12, 15, 9, 2, 0, 1, 1, 1, 1, 1, 0, 1, 1, 0, 1, 1, 0, 1, 0, 0]
Fitness: 600.641944 	[5, 2, 7, 9, 4, 15, 0, 13, 0, 11, 3, 8, 0, 1, 12, 6, 10, 14, 0, 1, 1, 0, 1, 1, 1, 1, 1, 1, 0, 1, 0, 1, 0, 0]
Fitness: 597.017835 	[10, 0, 12, 0, 4, 7, 0, 1, 2, 5, 9, 15, 11, 13, 3, 8, 14, 6, 0, 0, 1, 0, 1, 1, 1, 1, 1, 0, 0, 1, 1, 1, 1, 0]
Fitness: 595.042403 	[15, 0, 11, 13, 8, 0, 5, 7, 14, 2, 12, 9, 6, 4, 10, 0, 1, 3, 0, 0, 1, 1, 1, 1, 0, 1, 1, 0, 1, 1, 1, 0, 1, 0]
Fitness: 592.248510 	[4, 2, 7, 3, 12, 6, 9, 8, 1, 0, 10, 14, 15, 0, 11, 13, 0, 5, 0, 1, 0, 1, 0, 1, 1, 0, 0, 1, 1, 1, 1, 1, 1, 0]
Fitness: 582.723931 	[9, 13, 14, 12, 4, 5, 3, 0, 7, 10, 15, 0, 1, 6, 11, 0, 8, 2, 0, 1, 1, 1, 0, 1, 0, 1, 0, 1, 0, 1, 1, 1, 1, 0]
Fitness: 582.068166 	[6, 3, 2, 0, 15, 14, 1, 0, 10, 11, 0, 5, 4, 13, 12, 7, 8, 9, 0, 1, 1, 1, 1, 0, 1, 1, 0, 1, 1, 1, 0, 0, 1, 0]
Fitness: 575.183087 	[10, 11, 0, 6, 12, 5, 7, 3, 0, 9, 2, 15, 13, 8, 1, 4, 0, 14, 0, 1, 0, 0, 1, 1, 1, 0, 1, 1, 1, 1, 1, 1, 0, 0]
Fitness: 569.073105 	[9, 0, 12, 10, 11, 5, 3, 14, 0, 4, 0, 8, 2, 6, 13, 15, 1, 7, 0, 1, 0, 1, 0, 1, 1, 1, 0, 1, 1, 0, 1, 1, 1, 0]
Fitness: 568.268466 	[10, 6, 3, 8, 9, 12, 0, 4, 14, 15, 7, 0, 5, 0, 13, 2, 1, 11, 0, 1, 1, 1, 1, 0, 1, 1, 1, 0, 0, 1, 0, 1, 1, 0]
Fitness: 566.654286 	[9, 8, 11, 14, 0, 7, 2, 12, 10, 4, 1, 0, 3, 13, 15, 0, 5, 6, 0, 0, 0, 0, 1, 1, 1, 1, 0, 1, 1, 1, 1, 1, 1, 0]
Fitness: 566.434447 	[5, 0, 6, 2, 0, 11, 9, 4, 10, 7, 15, 3, 14, 0, 8, 1, 13, 12, 0, 1, 1, 1, 1, 0, 0, 1, 0, 1, 1, 1, 0, 1, 1, 0]
Fitness: 566.263810 	[5, 4, 7, 13, 2, 0, 3, 6, 9, 0, 1, 11, 8, 14, 15, 10, 0, 12, 0, 1, 1, 1, 1, 0, 1, 0, 1, 0, 1, 1, 1, 0, 1, 0]
Fitness: 557.887637 	[11, 6, 10, 3, 9, 5, 13, 4, 0, 8, 2, 0, 12, 15, 1, 0, 14, 7, 0, 1, 1, 0, 1, 1, 0, 1, 1, 1, 1, 1, 0, 1, 0, 0]
Fitness: 556.570093 	[6, 0, 13, 14, 11, 8, 15, 1, 9, 5, 0, 3, 7, 2, 12, 0, 10, 4, 0, 1, 1, 1, 1, 0, 0, 1, 1, 0, 1, 1, 1, 0, 1, 0]
Fitness: 545.814158 	[8, 4, 7, 9, 0, 10, 14, 11, 0, 6, 1, 3, 5, 2, 15, 12, 0, 13, 0, 1, 1, 1, 0, 1, 1, 1, 0, 1, 1, 0, 1, 1, 0, 0]
Fitness: 532.663370 	[1, 0, 15, 7, 3, 6, 13, 9, 0, 8, 12, 11, 14, 10, 5, 0, 2, 4, 0, 1, 1, 1, 1, 0, 1, 0, 1, 1, 0, 1, 1, 1, 0, 0]
Fitness: 525.973413 	[6, 7, 10, 15, 0, 2, 9, 0, 5, 12, 13, 1, 3, 0, 14, 8, 11, 4, 0, 1, 1, 1, 1, 0, 0, 1, 0, 1, 1, 1, 1, 0, 1, 0]
Fitness: 524.749054 	[8, 12, 0, 13, 7, 2, 0, 10, 0, 14, 1, 6, 4, 11, 15, 5, 3, 9, 0, 1, 1, 0, 0, 1, 1, 1, 0, 0, 1, 1, 1, 1, 1, 0]
Fitness: 521.213028 	[14, 3, 0, 13, 2, 15, 4, 8, 0, 7, 5, 0, 6, 12, 9, 10, 1, 11, 0, 1, 1, 1, 0, 0, 1, 1, 1, 1, 1, 1, 0, 0, 1, 0]
Fitness: 518.116863 	[12, 0, 4, 9, 2, 1, 6, 11, 3, 8, 14, 0, 5, 10, 0, 15, 7, 13, 0, 1, 1, 1, 0, 0, 1, 1, 1, 1, 1, 0, 1, 0, 1, 0]
Fitness: 516.909414 	[11, 9, 2, 3, 12, 0, 5, 1, 15, 0, 6, 8, 4, 0, 10, 13, 7, 14, 0, 1, 1, 1, 1, 0, 1, 0, 1, 1, 1, 1, 0, 0, 1, 0]
Fitness: 516.629511 	[12, 1, 0, 2, 13, 7, 10, 0, 4, 6, 3, 14, 5, 11, 15, 0, 8, 9, 0, 1, 0, 1, 1, 1, 0, 1, 1, 1, 1, 1, 1, 0, 0, 0]
Fitness: 499.063180 	[4, 12, 3, 0, 9, 0, 15, 10, 5, 7, 8, 14, 6, 11, 0, 13, 2, 1, 0, 1, 0, 1, 1, 0, 0, 1, 1, 1, 1, 1, 0, 1, 1, 0]
Fitness: 496.321964 	[5, 0, 14, 12, 0, 4, 10, 15, 13, 7, 9, 0, 6, 1, 11, 3, 2, 8, 0, 1, 1, 0, 1, 1, 0, 0, 1, 1, 1, 1, 1, 1, 0, 0]
Fitness: 482.789204 	[3, 0, 4, 13, 10, 1, 12, 0, 5, 2, 11, 0, 6, 14, 9, 8, 7, 15, 0, 0, 0, 1, 1, 1, 1, 1, 1, 1, 0, 0, 1, 1, 1, 0]
Fitness: 478.789396 	[13, 6, 3, 10, 9, 8, 1, 0, 11, 7, 0, 5, 2, 0, 12, 4, 15, 14, 0, 1, 1, 1, 1, 1, 0, 0, 1, 1, 0, 1, 1, 1, 0, 0]
Fitness: 477.141177 	[11, 7, 2, 0, 3, 0, 8, 4, 9, 15, 6, 5, 14, 12, 0, 1, 13, 10, 0, 0, 1, 1, 1, 1, 1, 0, 0, 1, 1, 1, 1, 1, 0, 0]
Fitness: 459.408420 	[14, 12, 9, 5, 2, 0, 1, 0, 8, 11, 13, 6, 3, 0, 4, 15, 10, 7, 0, 1, 1, 1, 1, 1, 0, 0, 1, 1, 1, 1, 0, 1, 0, 0]
Fitness: 446.468656 	[2, 14, 7, 0, 15, 1, 0, 8, 5, 3, 6, 4, 12, 0, 13, 10, 9, 11, 0, 0, 0, 1, 1, 1, 1, 1, 0, 0, 1, 1, 1, 1, 1, 0]
Fitness: 440.470576 	[11, 0, 4, 15, 7, 12, 1, 0, 14, 0, 3, 5, 10, 2, 13, 6, 8, 9, 0, 1, 1, 1, 0, 0, 1, 1, 0, 1, 1, 1, 1, 1, 0, 0]
Fitness: 428.715841 	[4, 0, 11, 7, 0, 3, 13, 6, 10, 0, 14, 12, 8, 1, 9, 5, 2, 15, 0, 1, 1, 1, 1, 1, 0, 0, 1, 0, 1, 1, 0, 1, 1, 0]
Fitness: 417.023695 	[10, 0, 4, 13, 9, 11, 6, 3, 0, 8, 2, 7, 0, 12, 15, 14, 5, 1, 0, 1, 0, 1, 1, 1, 1, 1, 1, 0, 1, 1, 0, 1, 0, 0]
Fitness: 409.901909 	[2, 0, 7, 4, 11, 8, 0, 6, 15, 9, 0, 12, 10, 5, 14, 3, 1, 13, 0, 1, 1, 1, 1, 0, 1, 0, 0, 1, 1, 1, 1, 0, 1, 0]
Fitness: 405.226578 	[7, 13, 10, 8, 11, 15, 5, 1, 0, 6, 14, 9, 12, 3, 0, 2, 0, 4, 0, 1, 1, 1, 1, 0, 0, 1, 1, 1, 1, 1, 0, 0, 1, 0]
Fitness: 367.939005 	[11, 12, 5, 13, 7, 1, 9, 4, 10, 3, 0, 2, 15, 6, 0, 14, 0, 8, 0, 1, 1, 1, 0, 1, 1, 0, 1, 1, 1, 1, 1, 0, 0, 0]
Fitness: 366.519873 	[5, 0, 2, 10, 8, 0, 15, 6, 13, 9, 11, 0, 4, 3, 12, 1, 14, 7, 0, 0, 0, 1, 1, 0, 0, 1, 1, 1, 1, 1, 1, 1, 1, 0]
Fitness: 361.796297 	[15, 11, 12, 7, 3, 4, 2, 10, 0, 13, 6, 9, 5, 0, 8, 1, 0, 14, 0, 1, 1, 1, 1, 0, 0, 1, 1, 1, 0, 0, 1, 1, 1, 0]
Fitness: 351.919125 	[1, 10, 0, 5, 7, 4, 0, 8, 0, 11, 12, 9, 2, 13, 3, 6, 14, 15, 0, 1, 1, 0, 1, 1, 1, 0, 1, 0, 1, 1, 1, 0, 1, 0]
Fitness: 350.706800 	[7, 3, 15, 1, 0, 10, 2, 0, 13, 5, 12, 9, 4, 14, 6, 8, 0, 11, 0, 1, 1, 1, 1, 1, 0, 0, 1, 1, 1, 1, 0, 0, 1, 0]
Fitness: 312.832383 	[2, 11, 10, 15, 1, 14, 7, 6, 5, 0, 4, 8, 9, 0, 12, 3, 0, 13, 0, 1, 1, 1, 1, 1, 1, 0, 1, 0, 1, 0, 0, 1, 1, 0]
Fitness: 303.320825 	[7, 14, 11, 6, 3, 0, 2, 12, 1, 0, 8, 13, 15, 10, 9, 4, 0, 5, 0, 1, 1, 1, 1, 0, 1, 1, 1, 1, 1, 1, 0, 0, 0, 0]
Fitness: 297.978741 	[14, 0, 1, 5, 10, 0, 3, 9, 13, 15, 0, 11, 6, 8, 2, 7, 12, 4, 0, 1, 1, 1, 1, 1, 1, 0, 1, 0, 1, 0, 1, 0, 1, 0]
Fitness: 276.592420 	[3, 14, 0, 15, 10, 9, 0, 5, 8, 0, 7, 12, 1, 11, 6, 4, 13, 2, 0, 1, 0, 1, 1, 1, 0, 1, 1, 1, 0, 1, 1, 1, 0, 0]
Fitness: 213.700646 	[8, 5, 7, 0, 11, 1, 3, 13, 15, 4, 2, 0, 14, 9, 0, 6, 10, 12, 0, 1, 1, 0, 1, 0, 1, 0, 1, 1, 1, 1, 1, 1, 0, 0]
Fitness: 199.693082 	[14, 15, 7, 6, 13, 0, 10, 5, 0, 8, 9, 0, 4, 1, 2, 12, 11, 3, 0, 1, 1, 1, 1, 1, 0, 1, 1, 1, 1, 1, 0, 0, 0, 0]
Fitness: 191.008560 	[10, 14, 7, 9, 15, 0, 13, 12, 1, 4, 5, 6, 3, 0, 11, 0, 2, 8, 0, 1, 0, 1, 1, 1, 1, 1, 1, 1, 1, 0, 1, 0, 0, 0]
Fitness: 173.397945 	[9, 0, 5, 7, 3, 0, 2, 14, 8, 12, 6, 0, 1, 11, 13, 15, 4, 10, 0, 1, 0, 1, 1, 1, 1, 0, 1, 1, 1, 0, 1, 1, 0, 0]
Fitness: 164.997061 	[12, 7, 2, 13, 0, 11, 8, 6, 0, 9, 4, 5, 0, 1, 3, 15, 10, 14, 0, 0, 0, 0, 1, 0, 1, 1, 1, 1, 1, 1, 1, 1, 1, 0]
Fitness: 130.524757 	[7, 9, 13, 12, 5, 4, 2, 0, 8, 11, 6, 0, 1, 15, 0, 14, 3, 10, 0, 0, 0, 1, 0, 0, 1, 1, 1, 1, 1, 1, 1, 1, 1, 0]
Fitness: 116.878595 	[5, 12, 14, 11, 9, 8, 0, 13, 3, 1, 0, 7, 2, 0, 4, 6, 15, 10, 0, 1, 1, 1, 1, 1, 1, 1, 1, 0, 0, 0, 1, 0, 1, 0]
Fitness: 112.570116 	[12, 15, 6, 0, 8, 13, 0, 11, 1, 5, 4, 2, 0, 14, 3, 7, 10, 9, 0, 1, 1, 1, 1, 0, 0, 0, 0, 1, 1, 1, 1, 1, 1, 0]
Fitness:  76.713369 	[11, 0, 15, 0, 7, 4, 8, 14, 3, 12, 5, 13, 1, 10, 2, 6, 0, 9, 0, 1, 1, 0, 1, 0, 1, 1, 0, 1, 0, 1, 1, 1, 1, 0]
Fitness:  39.146281 	[9, 11, 1, 0, 14, 3, 0, 4, 0, 15, 5, 2, 10, 13, 8, 7, 12, 6, 0, 1, 1, 1, 1, 1, 1, 1, 1, 1, 0, 0, 0, 1, 0, 0]
Fitness:  27.391602 	[8, 0, 14, 7, 4, 0, 15, 10, 5, 12, 11, 1, 0, 2, 6, 3, 13, 9, 0, 1, 1, 0, 1, 1, 1, 1, 1, 1, 1, 0, 0, 0, 1, 0]
Fitness:  -0.000000 	[4, 1, 3, 11, 2, 6, 12, 7, 14, 0, 10, 0, 5, 8, 0, 13, 9, 15, 0, 1, 1, 1, 1, 1, 1, 1, 1, 1, 1, 0, 0, 0, 0, 0]
Fitness: -55.239039 	[9, 0, 8, 4, 11, 7, 14, 3, 10, 1, 0, 12, 5, 13, 0, 6, 15, 2, 0, 1, 1, 0, 1, 1, 1, 1, 1, 1, 1, 1, 0, 0, 0, 0]
Fitness: 524.749054 	[8, 12, 0, 13, 7, 2, 0, 10, 0, 14, 1, 6, 4, 11, 15, 5, 3, 9, 0, 1, 1, 0, 0, 1, 0, 1, 0, 1, 1, 1, 1, 1, 1, 0]
Fitness: 939.082196 	[5, 3, 0, 13, 0, 12, 14, 1, 7, 10, 6, 9, 8, 0, 4, 11, 2, 15, 0, 1, 0, 0, 1, 1, 0, 1, 0, 1, 1, 1, 1, 1, 1, 0]
Fitness: 524.749054 	[13, 7, 2, 0, 10, 0, 12, 14, 1, 3, 5, 6, 9, 8, 0, 4, 11, 15, 0, 1, 1, 0, 0, 1, 1, 1, 0, 0, 1, 1, 1, 1, 1, 0]
Fitness: 130.524757 	[7, 9, 13, 12, 5, 4, 2, 0, 8, 11, 6, 0, 1, 15, 0, 14, 3, 10, 0, 0, 0, 1, 0, 1, 1, 1, 0, 1, 1, 1, 1, 1, 1, 0]
Fitness: 569.073105 	[9, 0, 12, 10, 11, 5, 3, 14, 0, 4, 0, 8, 2, 6, 13, 15, 1, 7, 0, 1, 0, 1, 0, 1, 1, 1, 0, 1, 1, 0, 1, 1, 1, 0]
Fitness: 130.524757 	[7, 9, 13, 12, 5, 4, 2, 0, 1, 15, 0, 11, 0, 8, 10, 6, 3, 14, 0, 0, 0, 1, 0, 0, 1, 1, 1, 1, 1, 1, 1, 1, 1, 0]
Fitness: 644.126582 	[1, 0, 15, 7, 4, 6, 13, 9, 0, 2, 14, 3, 0, 10, 5, 8, 11, 12, 0, 0, 0, 1, 1, 1, 1, 1, 1, 1, 0, 1, 1, 0, 1, 0]
Fitness: 1117.716401 	[8, 2, 9, 7, 3, 10, 0, 12, 0, 6, 4, 11, 0, 15, 13, 1, 5, 14, 0, 1, 1, 0, 0, 1, 1, 1, 1, 1, 0, 1, 0, 1, 1, 0]
Fitness: 545.814158 	[8, 4, 7, 9, 0, 10, 14, 11, 0, 6, 1, 3, 5, 2, 15, 12, 0, 13, 0, 1, 1, 1, 0, 1, 1, 1, 0, 1, 1, 0, 1, 1, 0, 0]
Fitness: 1117.716401 	[8, 10, 7, 9, 0, 15, 13, 1, 5, 14, 0, 6, 4, 11, 0, 2, 3, 12, 0, 1, 1, 0, 0, 1, 1, 1, 1, 1, 0, 1, 0, 1, 1, 0]
Fitness: 718.022716 	[12, 3, 2, 0, 13, 1, 0, 5, 6, 10, 0, 15, 8, 7, 4, 11, 9, 14, 0, 0, 0, 1, 0, 1, 1, 1, 1, 1, 1, 0, 1, 1, 1, 0]
Fitness: 731.219576 	[15, 0, 13, 3, 0, 5, 14, 4, 9, 12, 8, 10, 7, 0, 6, 2, 1, 11, 0, 1, 1, 0, 1, 0, 1, 1, 1, 0, 1, 1, 1, 0, 1, 0]
Fitness: 718.022716 	[13, 1, 0, 12, 3, 2, 0, 5, 14, 4, 9, 15, 8, 10, 7, 0, 6, 11, 0, 0, 0, 1, 0, 1, 1, 1, 1, 1, 1, 0, 1, 1, 1, 0]
Fitness: 724.317510 	[10, 0, 6, 15, 8, 5, 2, 7, 14, 11, 13, 3, 1, 9, 0, 12, 0, 4, 0, 1, 0, 1, 0, 1, 0, 1, 1, 1, 1, 1, 1, 0, 1, 0]
Fitness: 516.629511 	[12, 1, 0, 2, 13, 7, 10, 0, 4, 6, 3, 14, 5, 11, 15, 0, 8, 9, 0, 1, 0, 1, 1, 1, 0, 1, 1, 1, 1, 1, 1, 0, 0, 0]
Fitness: 724.317510 	[4, 0, 10, 0, 12, 0, 6, 15, 8, 5, 2, 7, 14, 11, 13, 3, 1, 9, 0, 1, 0, 1, 0, 1, 1, 1, 0, 1, 1, 1, 1, 0, 1, 0]
Fitness: 834.115013 	[14, 4, 9, 5, 2, 0, 6, 0, 1, 13, 12, 0, 3, 7, 8, 10, 11, 15, 0, 0, 1, 0, 1, 0, 1, 1, 1, 1, 1, 1, 1, 0, 1, 0]
Fitness: 849.628393 	[11, 10, 12, 13, 5, 15, 0, 3, 14, 9, 0, 7, 8, 0, 1, 6, 2, 4, 0, 0, 1, 1, 1, 0, 1, 1, 0, 1, 1, 0, 1, 1, 1, 0]
Fitness: 776.889594 	[4, 0, 7, 11, 0, 2, 1, 12, 10, 13, 3, 9, 5, 0, 15, 14, 6, 8, 0, 0, 1, 1, 1, 1, 1, 1, 0, 1, 1, 1, 1, 0, 0, 0]
Fitness: 849.628393 	[3, 0, 7, 8, 0, 1, 6, 2, 4, 0, 15, 14, 5, 9, 10, 11, 12, 13, 0, 0, 1, 1, 1, 0, 1, 1, 0, 1, 1, 0, 1, 1, 1, 0]
Fitness:  27.391602 	[8, 0, 14, 7, 4, 0, 15, 10, 5, 12, 11, 1, 0, 2, 6, 3, 13, 9, 0, 1, 1, 0, 1, 1, 1, 0, 0, 1, 1, 1, 1, 0, 1, 0]
Fitness: 592.248510 	[4, 2, 7, 3, 12, 6, 9, 8, 1, 0, 10, 14, 15, 0, 11, 13, 0, 5, 0, 1, 0, 1, 0, 1, 1, 0, 0, 1, 1, 1, 1, 1, 1, 0]
Fitness:  27.391602 	[4, 14, 7, 8, 0, 15, 10, 5, 0, 2, 6, 3, 13, 9, 0, 12, 11, 1, 0, 1, 1, 0, 1, 1, 1, 1, 1, 1, 1, 0, 0, 0, 1, 0]
Fitness: 920.855859 	[1, 0, 2, 10, 3, 9, 7, 0, 14, 6, 4, 13, 0, 8, 15, 11, 5, 12, 0, 1, 1, 1, 1, 0, 1, 0, 0, 1, 1, 1, 1, 0, 1, 0]
Fitness: 707.696644 	[6, 0, 1, 3, 14, 0, 4, 11, 0, 10, 15, 8, 7, 12, 5, 13, 2, 9, 0, 1, 0, 1, 1, 0, 1, 0, 0, 1, 1, 1, 1, 1, 1, 0]
Fitness: 920.855859 	[9, 0, 1, 3, 2, 0, 14, 6, 4, 13, 0, 8, 15, 11, 5, 12, 10, 7, 0, 1, 1, 1, 0, 1, 0, 1, 1, 0, 1, 1, 1, 0, 1, 0]
Fitness: 997.842191 	[14, 4, 13, 7, 0, 6, 2, 12, 0, 9, 5, 15, 3, 11, 8, 1, 0, 10, 0, 1, 0, 1, 0, 1, 1, 1, 1, 0, 1, 1, 1, 0, 1, 0]
Fitness: 687.001729 	[15, 8, 13, 7, 1, 0, 10, 5, 0, 11, 9, 14, 4, 12, 0, 3, 6, 2, 0, 0, 1, 1, 1, 1, 0, 1, 1, 1, 1, 0, 1, 1, 0, 0]
Fitness: 997.842191 	[6, 2, 12, 0, 14, 4, 13, 7, 0, 11, 9, 1, 5, 8, 0, 3, 10, 15, 0, 1, 0, 1, 0, 1, 1, 1, 1, 0, 1, 1, 1, 0, 1, 0]
Fitness: 621.932204 	[11, 0, 5, 6, 12, 8, 10, 0, 1, 0, 15, 14, 2, 3, 7, 9, 13, 4, 0, 1, 1, 1, 0, 1, 1, 0, 0, 1, 0, 1, 1, 1, 1, 0]
Fitness: 742.386824 	[12, 8, 13, 7, 15, 0, 5, 14, 6, 9, 0, 3, 0, 4, 1, 2, 10, 11, 0, 1, 0, 1, 1, 1, 1, 0, 1, 1, 1, 0, 0, 1, 1, 0]
Fitness: 621.932204 	[7, 9, 13, 4, 0, 5, 6, 12, 8, 10, 0, 15, 14, 2, 3, 0, 1, 11, 0, 1, 1, 1, 0, 0, 1, 1, 0, 1, 0, 1, 1, 1, 1, 0]
Fitness: -55.239039 	[9, 0, 8, 4, 11, 7, 14, 3, 10, 1, 0, 12, 5, 13, 0, 6, 15, 2, 0, 1, 0, 0, 1, 1, 1, 0, 1, 1, 1, 1, 1, 1, 0, 0]
Fitness: 575.183087 	[10, 11, 0, 6, 12, 5, 7, 3, 0, 9, 2, 15, 13, 8, 1, 4, 0, 14, 0, 1, 0, 0, 1, 1, 1, 0, 1, 1, 1, 1, 1, 1, 0, 0]
Fitness: -55.239039 	[8, 4, 11, 7, 0, 12, 5, 13, 0, 9, 2, 15, 6, 0, 14, 3, 10, 1, 0, 1, 1, 0, 1, 1, 1, 1, 1, 1, 1, 1, 0, 0, 0, 0]
Fitness: 482.789204 	[3, 0, 4, 13, 10, 1, 12, 0, 5, 2, 11, 0, 6, 14, 9, 8, 7, 15, 0, 0, 0, 1, 1, 1, 1, 1, 1, 1, 0, 0, 1, 1, 1, 0]
Fitness: 112.570116 	[12, 15, 6, 0, 8, 13, 0, 11, 1, 5, 4, 2, 0, 14, 3, 7, 10, 9, 0, 1, 1, 1, 1, 0, 0, 0, 0, 1, 1, 1, 1, 1, 1, 0]
Fitness: 482.789204 	[6, 14, 9, 8, 7, 15, 0, 5, 2, 11, 0, 12, 1, 13, 4, 0, 3, 10, 0, 0, 0, 1, 1, 1, 1, 1, 1, 1, 0, 0, 1, 1, 1, 0]
Fitness: 1135.060809 	[5, 0, 6, 0, 13, 15, 0, 4, 1, 11, 3, 2, 8, 7, 9, 10, 12, 14, 0, 0, 1, 0, 1, 1, 1, 0, 1, 1, 1, 0, 1, 1, 1, 0]
Fitness: 779.629534 	[5, 2, 14, 9, 12, 11, 8, 0, 13, 0, 10, 4, 6, 7, 0, 15, 1, 3, 0, 0, 1, 1, 1, 1, 1, 1, 0, 1, 1, 0, 1, 1, 0, 0]
Fitness: 939.396233 	[12, 11, 5, 9, 0, 4, 8, 14, 0, 7, 2, 6, 15, 3, 10, 0, 13, 1, 0, 1, 1, 0, 0, 1, 1, 1, 0, 1, 1, 0, 1, 1, 1, 0]
Fitness: 779.629534 	[10, 13, 6, 7, 0, 4, 0, 15, 1, 3, 0, 5, 2, 14, 9, 12, 11, 8, 0, 0, 1, 1, 1, 1, 1, 1, 0, 1, 1, 0, 1, 1, 0, 0]
Fitness: 557.887637 	[11, 6, 10, 3, 9, 5, 13, 4, 0, 8, 2, 0, 12, 15, 1, 0, 14, 7, 0, 1, 1, 0, 1, 1, 0, 1, 1, 1, 1, 1, 0, 1, 0, 0]
Fitness: 116.878595 	[5, 12, 14, 11, 9, 8, 0, 13, 3, 1, 0, 7, 2, 0, 4, 6, 15, 10, 0, 1, 1, 1, 1, 1, 1, 1, 1, 0, 0, 0, 1, 0, 1, 0]
Fitness: 557.887637 	[5, 12, 1, 11, 9, 3, 0, 8, 2, 0, 14, 7, 0, 4, 6, 15, 10, 13, 0, 1, 1, 0, 1, 1, 0, 1, 1, 1, 1, 1, 0, 1, 0, 0]
Fitness: 1026.428372 	[9, 15, 7, 4, 1, 0, 13, 3, 11, 2, 0, 5, 6, 8, 0, 14, 12, 10, 0, 1, 0, 1, 1, 0, 1, 0, 0, 1, 1, 1, 1, 1, 1, 0]
Fitness: 409.901909 	[2, 0, 7, 4, 11, 8, 0, 6, 15, 9, 0, 12, 10, 5, 14, 3, 1, 13, 0, 1, 1, 1, 1, 0, 1, 0, 0, 1, 1, 1, 1, 0, 1, 0]
Fitness: 1026.428372 	[5, 6, 8, 0, 13, 3, 11, 2, 0, 4, 15, 9, 0, 12, 10, 7, 14, 1, 0, 1, 0, 1, 0, 1, 1, 0, 1, 1, 0, 1, 1, 1, 1, 0]
Fitness: 789.907490 	[4, 11, 2, 12, 0, 10, 9, 1, 0, 13, 8, 3, 15, 5, 7, 0, 14, 6, 0, 1, 1, 1, 0, 1, 0, 1, 0, 1, 1, 1, 0, 1, 1, 0]
Fitness: 499.063180 	[4, 12, 3, 0, 9, 0, 15, 10, 5, 7, 8, 14, 6, 11, 0, 13, 2, 1, 0, 1, 0, 1, 1, 0, 0, 1, 1, 1, 1, 1, 0, 1, 1, 0]
Fitness: 789.907490 	[4, 12, 11, 0, 13, 8, 3, 15, 5, 7, 0, 10, 9, 1, 0, 6, 2, 14, 0, 1, 1, 1, 0, 1, 1, 0, 0, 1, 1, 1, 0, 1, 1, 0]
Fitness: 582.723931 	[8, 11, 1, 2, 0, 6, 0, 9, 13, 14, 12, 4, 5, 3, 0, 7, 10, 15, 0, 1, 1, 1, 0, 1, 0, 1, 0, 1, 0, 1, 1, 1, 1, 0]
Fitness: 405.226578 	[7, 13, 10, 8, 11, 15, 5, 1, 0, 6, 14, 9, 12, 3, 0, 2, 0, 4, 0, 1, 1, 1, 1, 1, 0, 1, 0, 1, 1, 1, 0, 0, 1, 0]
Fitness: 706.839829 	[9, 6, 0, 13, 15, 12, 7, 0, 2, 14, 11, 0, 10, 4, 8, 5, 1, 3, 0, 0, 1, 1, 1, 1, 0, 1, 0, 1, 0, 1, 1, 1, 1, 0]
Fitness: 405.226578 	[9, 6, 0, 13, 15, 12, 7, 0, 2, 0, 4, 1, 3, 5, 8, 10, 11, 14, 0, 1, 1, 1, 1, 0, 0, 1, 1, 1, 1, 1, 0, 0, 1, 0]
Fitness: 446.468656 	[2, 14, 7, 0, 15, 1, 0, 8, 5, 3, 6, 4, 12, 0, 13, 10, 9, 11, 0, 0, 0, 1, 1, 1, 1, 1, 0, 0, 1, 1, 1, 1, 1, 0]
Fitness: 772.889180 	[12, 15, 3, 13, 6, 8, 0, 9, 5, 0, 2, 0, 14, 1, 7, 4, 10, 11, 0, 1, 0, 1, 1, 0, 1, 1, 0, 1, 1, 1, 1, 1, 0, 0]
Fitness: 446.468656 	[2, 15, 0, 13, 10, 9, 11, 0, 8, 5, 3, 6, 4, 12, 0, 14, 1, 7, 0, 0, 0, 1, 1, 1, 1, 1, 0, 0, 1, 1, 1, 1, 1, 0]
Fitness: 173.397945 	[9, 0, 5, 7, 3, 0, 2, 14, 8, 12, 6, 0, 1, 11, 13, 15, 4, 10, 0, 1, 0, 1, 1, 1, 1, 0, 1, 1, 1, 0, 1, 1, 0, 0]
Fitness: 688.537667 	[5, 0, 1, 13, 8, 14, 7, 6, 2, 15, 0, 4, 0, 3, 12, 11, 9, 10, 0, 1, 1, 1, 1, 0, 1, 0, 1, 1, 1, 0, 1, 1, 0, 0]
Fitness: 173.397945 	[5, 0, 1, 11, 13, 15, 4, 10, 0, 9, 0, 3, 12, 2, 6, 7, 8, 14, 0, 1, 0, 1, 1, 1, 1, 0, 1, 1, 1, 0, 1, 1, 0, 0]
Fitness: 440.470576 	[11, 0, 4, 15, 7, 12, 1, 0, 14, 0, 3, 5, 10, 2, 13, 6, 8, 9, 0, 0, 0, 1, 1, 0, 1, 1, 1, 1, 1, 1, 1, 1, 0, 0]
Fitness: 634.032073 	[2, 4, 6, 3, 0, 7, 0, 14, 13, 10, 0, 15, 11, 8, 12, 5, 9, 1, 0, 0, 0, 1, 1, 0, 1, 1, 1, 1, 1, 1, 0, 1, 1, 0]
Fitness: 440.470576 	[14, 4, 7, 0, 3, 5, 10, 2, 13, 6, 8, 9, 0, 11, 0, 15, 12, 1, 0, 1, 1, 1, 0, 0, 1, 1, 0, 1, 1, 1, 1, 1, 0, 0]
Fitness: 841.296332 	[7, 9, 5, 13, 10, 0, 8, 4, 12, 11, 14, 6, 3, 0, 1, 15, 0, 2, 0, 1, 1, 0, 0, 1, 1, 0, 1, 1, 1, 1, 0, 1, 1, 0]
Fitness: 164.997061 	[12, 7, 2, 13, 0, 11, 8, 6, 0, 9, 4, 5, 0, 1, 3, 15, 10, 14, 0, 0, 0, 0, 1, 0, 1, 1, 1, 1, 1, 1, 1, 1, 1, 0]
Fitness: 841.296332 	[2, 0, 8, 4, 12, 11, 14, 6, 3, 0, 9, 13, 5, 0, 1, 7, 15, 10, 0, 1, 1, 0, 0, 1, 1, 0, 1, 1, 1, 1, 0, 1, 1, 0]
Fitness: 608.073611 	[11, 0, 14, 6, 4, 0, 2, 13, 1, 10, 8, 0, 5, 7, 3, 12, 15, 9, 0, 1, 1, 1, 1, 0, 0, 1, 1, 1, 1, 1, 0, 1, 0, 0]
Fitness: 482.789204 	[3, 0, 4, 13, 10, 1, 12, 0, 2, 11, 0, 5, 6, 14, 9, 8, 7, 15, 0, 0, 1, 1, 1, 0, 1, 1, 1, 1, 0, 0, 1, 1, 1, 0]
Fitness: 575.183087 	[10, 11, 0, 6, 12, 5, 7, 0, 3, 9, 2, 15, 13, 8, 1, 4, 0, 14, 0, 1, 0, 1, 1, 1, 1, 0, 1, 1, 1, 0, 1, 1, 0, 0]
Fitness: 440.470576 	[3, 5, 10, 2, 0, 4, 15, 7, 12, 1, 0, 11, 14, 0, 13, 6, 8, 9, 0, 1, 0, 1, 1, 0, 1, 1, 1, 1, 1, 1, 0, 1, 0, 0]
Fitness: 841.296332 	[7, 9, 5, 13, 10, 0, 8, 4, 12, 11, 14, 3, 0, 6, 1, 15, 0, 2, 0, 1, 1, 0, 0, 1, 1, 1, 1, 1, 1, 1, 0, 1, 0, 0]
Fitness: 173.397945 	[5, 9, 0, 7, 3, 0, 2, 14, 8, 12, 6, 0, 1, 11, 13, 15, 4, 10, 0, 1, 0, 1, 1, 1, 1, 1, 1, 0, 1, 0, 1, 1, 0, 0]
Fitness: 707.696644 	[6, 10, 15, 8, 7, 0, 1, 3, 14, 0, 4, 11, 0, 12, 5, 13, 2, 9, 0, 1, 0, 1, 1, 0, 0, 0, 1, 1, 1, 1, 1, 1, 1, 0]
Fitness: 532.663370 	[5, 1, 0, 15, 7, 3, 6, 13, 9, 0, 8, 12, 11, 14, 10, 0, 2, 4, 0, 1, 1, 1, 1, 1, 1, 0, 0, 1, 0, 1, 1, 1, 0, 0]
Fitness: 566.434447 	[5, 0, 6, 2, 0, 11, 9, 4, 10, 7, 3, 14, 0, 15, 8, 1, 13, 12, 0, 1, 1, 1, 1, 0, 0, 1, 0, 1, 0, 1, 1, 1, 1, 0]
Fitness: 524.749054 	[8, 12, 0, 13, 7, 2, 0, 10, 14, 1, 6, 4, 0, 11, 15, 5, 3, 9, 0, 1, 1, 1, 0, 1, 1, 0, 0, 0, 1, 1, 1, 1, 1, 0]
Fitness: 405.226578 	[7, 13, 10, 8, 11, 15, 5, 0, 6, 14, 9, 12, 3, 0, 2, 0, 1, 4, 0, 1, 1, 1, 1, 1, 0, 1, 0, 1, 1, 0, 1, 0, 1, 0]
Fitness: 361.796297 	[15, 11, 12, 7, 3, 4, 2, 10, 0, 13, 6, 9, 0, 8, 1, 0, 5, 14, 0, 1, 1, 1, 1, 0, 0, 1, 1, 0, 0, 1, 1, 1, 1, 0]
Fitness: 1117.716401 	[1, 8, 2, 9, 7, 3, 10, 0, 12, 0, 6, 4, 11, 0, 15, 13, 5, 14, 0, 1, 1, 0, 0, 1, 1, 1, 0, 1, 0, 1, 1, 1, 1, 0]
Fitness: 621.932204 	[11, 0, 5, 6, 8, 10, 0, 12, 1, 0, 15, 14, 2, 3, 7, 9, 13, 4, 0, 1, 1, 1, 0, 1, 0, 0, 1, 1, 0, 1, 1, 1, 1, 0]
Fitness: 545.814158 	[8, 4, 7, 9, 0, 10, 14, 11, 0, 6, 1, 3, 5, 15, 12, 0, 2, 13, 0, 1, 1, 1, 1, 1, 1, 0, 0, 1, 1, 0, 1, 1, 0, 0]
Fitness: 130.524757 	[7, 9, 13, 12, 5, 4, 2, 0, 1, 8, 11, 6, 0, 15, 0, 14, 3, 10, 0, 0, 0, 1, 0, 1, 1, 1, 1, 1, 0, 1, 1, 1, 1, 0]
Fitness: 802.095501 	[11, 6, 2, 8, 9, 7, 10, 5, 0, 13, 15, 0, 3, 0, 1, 12, 4, 14, 0, 0, 1, 1, 1, 0, 1, 0, 1, 0, 1, 1, 1, 1, 1, 0]
Fitness: 731.219576 	[15, 0, 13, 3, 0, 5, 14, 9, 12, 8, 10, 7, 0, 4, 6, 2, 1, 11, 0, 0, 1, 0, 1, 0, 1, 1, 1, 1, 1, 1, 1, 0, 1, 0]
Fitness: 191.008560 	[10, 14, 7, 9, 15, 0, 13, 12, 1, 5, 6, 3, 0, 11, 0, 4, 2, 8, 0, 1, 0, 1, 1, 1, 1, 0, 1, 1, 1, 1, 1, 0, 0, 0]
Fitness: 521.213028 	[14, 3, 0, 13, 2, 15, 4, 8, 0, 6, 7, 5, 0, 12, 9, 10, 1, 11, 0, 1, 1, 1, 0, 0, 0, 1, 1, 1, 1, 1, 0, 1, 1, 0]
Fitness: 1135.060809 	[3, 13, 15, 0, 14, 2, 11, 0, 1, 8, 9, 12, 7, 5, 4, 10, 0, 6, 0, 0, 1, 1, 1, 1, 1, 0, 1, 0, 1, 0, 1, 1, 1, 0]
Fitness: 557.887637 	[5, 12, 1, 11, 9, 3, 0, 14, 8, 2, 0, 7, 0, 4, 6, 15, 10, 13, 0, 1, 1, 0, 1, 1, 1, 1, 0, 1, 1, 1, 0, 1, 0, 0]
Fitness: 499.063180 	[4, 12, 3, 0, 5, 9, 0, 15, 10, 7, 8, 14, 6, 11, 0, 13, 2, 1, 0, 1, 1, 1, 1, 0, 0, 1, 0, 1, 1, 1, 0, 1, 1, 0]
Fitness: -55.239039 	[9, 0, 2, 8, 4, 11, 7, 14, 3, 10, 1, 0, 12, 5, 13, 0, 6, 15, 0, 1, 1, 0, 1, 1, 1, 1, 0, 1, 1, 1, 0, 1, 0, 0]
Fitness: 688.537667 	[5, 1, 13, 8, 0, 14, 7, 6, 2, 15, 0, 4, 0, 3, 12, 11, 9, 10, 0, 0, 1, 1, 1, 0, 1, 0, 1, 1, 1, 1, 1, 1, 0, 0]
Fitness: 525.973413 	[6, 7, 10, 0, 2, 9, 0, 15, 5, 12, 13, 1, 3, 0, 14, 8, 11, 4, 0, 1, 0, 1, 1, 1, 0, 1, 0, 1, 1, 1, 1, 0, 1, 0]
Fitness: 459.408420 	[9, 5, 2, 0, 1, 14, 12, 0, 8, 11, 13, 6, 3, 0, 4, 15, 10, 7, 0, 1, 1, 1, 1, 1, 0, 0, 0, 1, 1, 1, 0, 1, 1, 0]
Fitness: 516.909414 	[11, 9, 2, 3, 12, 0, 5, 1, 15, 0, 7, 6, 8, 4, 0, 10, 13, 14, 0, 0, 1, 1, 1, 1, 1, 0, 1, 1, 1, 1, 0, 0, 1, 0]
Fitness: 731.219576 	[5, 14, 4, 9, 0, 15, 13, 3, 0, 12, 8, 10, 7, 0, 6, 2, 1, 11, 0, 1, 1, 0, 0, 1, 1, 1, 1, 0, 1, 1, 1, 0, 1, 0]
Fitness: 446.468656 	[9, 2, 15, 0, 13, 10, 11, 0, 8, 5, 3, 6, 4, 12, 0, 14, 1, 7, 0, 1, 0, 1, 1, 1, 1, 1, 0, 0, 1, 1, 0, 1, 1, 0]
Fitness: 1030.702478 	[7, 5, 9, 2, 14, 8, 11, 0, 15, 10, 13, 3, 0, 4, 6, 0, 12, 1, 0, 1, 1, 0, 0, 0, 1, 1, 1, 0, 1, 1, 1, 1, 1, 0]
Fitness: 569.073105 	[3, 9, 0, 12, 10, 11, 5, 14, 0, 4, 0, 8, 2, 6, 13, 15, 1, 7, 0, 1, 0, 1, 0, 1, 1, 1, 1, 0, 1, 0, 1, 1, 1, 0]
Fitness: 997.842191 	[3, 14, 4, 13, 7, 0, 6, 2, 12, 0, 9, 5, 15, 11, 8, 1, 0, 10, 0, 1, 1, 0, 0, 1, 1, 1, 1, 0, 1, 1, 1, 0, 1, 0]
Fitness: 687.001729 	[15, 8, 13, 7, 1, 0, 10, 5, 0, 11, 9, 4, 12, 0, 14, 3, 6, 2, 0, 0, 0, 1, 1, 1, 0, 1, 1, 1, 1, 0, 1, 1, 1, 0]
Fitness: 1117.716401 	[8, 2, 9, 7, 3, 10, 0, 12, 0, 6, 11, 0, 4, 15, 13, 1, 5, 14, 0, 1, 1, 0, 0, 0, 1, 1, 1, 1, 0, 1, 1, 1, 1, 0]
Fitness: 772.889180 	[12, 15, 3, 13, 6, 8, 0, 5, 0, 2, 0, 9, 14, 1, 7, 4, 10, 11, 0, 1, 0, 1, 1, 0, 1, 1, 0, 1, 1, 1, 0, 1, 1, 0]
Fitness: 616.378088 	[2, 1, 0, 9, 3, 0, 10, 8, 15, 11, 14, 12, 6, 13, 7, 0, 4, 5, 0, 1, 0, 1, 1, 0, 1, 0, 0, 1, 1, 1, 1, 1, 1, 0]
Fitness:  27.391602 	[4, 14, 7, 8, 0, 2, 15, 10, 5, 0, 6, 3, 13, 9, 0, 12, 11, 1, 0, 0, 1, 1, 1, 1, 1, 1, 1, 1, 1, 0, 0, 0, 1, 0]
Fitness: 718.022716 	[13, 1, 0, 11, 12, 3, 2, 0, 5, 14, 4, 9, 15, 8, 10, 7, 0, 6, 0, 1, 0, 1, 0, 1, 1, 1, 1, 1, 1, 0, 0, 1, 1, 0]
Fitness: 556.570093 	[6, 0, 13, 14, 11, 8, 15, 1, 9, 5, 0, 7, 2, 12, 0, 3, 10, 4, 0, 0, 1, 1, 1, 0, 1, 1, 1, 0, 1, 1, 1, 0, 1, 0]
Fitness: 130.524757 	[12, 5, 4, 2, 0, 1, 15, 0, 11, 7, 9, 13, 0, 8, 10, 6, 3, 14, 0, 0, 0, 1, 0, 1, 1, 0, 1, 1, 1, 1, 1, 1, 1, 0]
Fitness: 997.842191 	[6, 2, 12, 0, 14, 4, 13, 0, 11, 9, 1, 5, 8, 0, 7, 3, 10, 15, 0, 1, 1, 1, 0, 1, 1, 1, 0, 0, 1, 1, 1, 0, 1, 0]
Fitness: 557.887637 	[8, 11, 6, 10, 3, 9, 5, 13, 4, 0, 2, 0, 12, 15, 1, 0, 14, 7, 0, 1, 0, 0, 1, 1, 0, 1, 1, 1, 1, 1, 1, 1, 0, 0]
Fitness:  39.146281 	[9, 1, 0, 11, 14, 3, 0, 4, 0, 15, 5, 2, 10, 13, 8, 7, 12, 6, 0, 1, 0, 1, 1, 1, 1, 1, 1, 1, 0, 0, 1, 1, 0, 0]
Fitness: 884.791118 	[6, 11, 9, 0, 15, 4, 14, 0, 2, 10, 12, 5, 7, 0, 8, 13, 1, 3, 0, 1, 0, 1, 0, 1, 0, 1, 1, 1, 0, 1, 1, 1, 1, 0]
Fitness: 482.789204 	[6, 14, 9, 8, 7, 15, 0, 3, 5, 2, 11, 0, 12, 1, 13, 4, 0, 10, 0, 0, 0, 1, 1, 1, 1, 1, 1, 1, 0, 1, 1, 1, 0, 0]
Fitness: 706.839829 	[11, 9, 6, 0, 13, 15, 12, 7, 0, 2, 14, 0, 10, 4, 8, 5, 1, 3, 0, 0, 1, 1, 1, 0, 0, 1, 0, 1, 1, 1, 1, 1, 1, 0]
Fitness: 939.396233 	[12, 11, 5, 9, 0, 4, 14, 0, 7, 2, 6, 15, 3, 10, 0, 8, 13, 1, 0, 1, 0, 0, 0, 1, 1, 1, 1, 1, 1, 0, 1, 1, 1, 0]
Fitness: 789.907490 	[4, 11, 2, 12, 0, 13, 10, 9, 1, 0, 8, 3, 15, 5, 7, 0, 14, 6, 0, 1, 1, 1, 0, 1, 0, 1, 0, 1, 1, 1, 0, 1, 1, 0]
Fitness: 518.116863 	[10, 12, 0, 4, 9, 2, 1, 6, 11, 3, 8, 14, 0, 5, 0, 15, 7, 13, 0, 0, 1, 1, 1, 0, 1, 1, 1, 1, 1, 0, 1, 0, 1, 0]
Fitness: 112.570116 	[12, 15, 6, 0, 8, 13, 0, 14, 3, 7, 10, 9, 0, 11, 1, 5, 4, 2, 0, 1, 1, 1, 1, 0, 0, 0, 0, 1, 1, 1, 1, 1, 1, 0]
Fitness: 173.397945 	[2, 14, 8, 12, 6, 0, 5, 7, 3, 0, 9, 0, 1, 11, 13, 15, 4, 10, 0, 1, 0, 1, 1, 1, 1, 0, 1, 1, 1, 0, 1, 1, 0, 0]
Fitness: 592.248510 	[4, 2, 7, 3, 12, 6, 9, 8, 1, 0, 5, 0, 11, 13, 0, 10, 14, 15, 0, 1, 0, 1, 0, 1, 1, 0, 0, 1, 1, 1, 1, 1, 1, 0]
Fitness: 582.068166 	[6, 3, 2, 0, 10, 11, 0, 15, 14, 1, 0, 5, 4, 13, 12, 7, 8, 9, 0, 1, 1, 1, 1, 0, 1, 1, 0, 1, 1, 1, 0, 0, 1, 0]
Fitness: 496.321964 	[5, 0, 4, 10, 15, 13, 7, 9, 0, 14, 12, 0, 6, 1, 11, 3, 2, 8, 0, 1, 1, 0, 1, 1, 0, 0, 1, 1, 1, 1, 1, 1, 0, 0]
Fitness:  27.391602 	[15, 10, 5, 12, 11, 1, 0, 14, 7, 4, 0, 8, 0, 2, 6, 3, 13, 9, 0, 1, 1, 0, 1, 1, 1, 0, 0, 1, 1, 1, 1, 0, 1, 0]
Fitness: 776.889594 	[2, 1, 12, 10, 13, 3, 9, 5, 0, 7, 11, 0, 4, 0, 15, 14, 6, 8, 0, 0, 1, 1, 1, 1, 1, 1, 0, 1, 1, 1, 1, 0, 0, 0]
Fitness: 920.855859 	[1, 0, 2, 10, 3, 9, 7, 0, 8, 15, 11, 5, 12, 0, 14, 6, 4, 13, 0, 1, 1, 1, 1, 0, 1, 0, 0, 1, 1, 1, 1, 0, 1, 0]
Fitness: 997.842191 	[6, 2, 12, 0, 14, 4, 13, 7, 0, 3, 10, 15, 0, 11, 9, 1, 5, 8, 0, 1, 0, 1, 0, 1, 1, 1, 1, 0, 1, 1, 1, 0, 1, 0]
Fitness: 779.629534 	[5, 2, 14, 9, 12, 11, 8, 0, 10, 4, 6, 7, 0, 13, 0, 15, 1, 3, 0, 0, 1, 1, 1, 1, 1, 1, 0, 1, 1, 0, 1, 1, 0, 0]
Fitness: 707.696644 	[10, 15, 8, 7, 12, 5, 13, 2, 9, 0, 1, 3, 14, 0, 4, 11, 0, 6, 0, 1, 0, 1, 1, 0, 1, 0, 0, 1, 1, 1, 1, 1, 1, 0]
Fitness: 718.022716 	[12, 3, 2, 0, 15, 8, 7, 4, 11, 9, 14, 0, 5, 6, 10, 0, 13, 1, 0, 0, 0, 1, 0, 1, 1, 1, 1, 1, 1, 0, 1, 1, 1, 0]
Fitness: 557.887637 	[14, 7, 0, 8, 2, 0, 12, 15, 1, 0, 11, 6, 10, 3, 9, 5, 13, 4, 0, 1, 1, 0, 1, 1, 0, 1, 1, 1, 1, 1, 0, 1, 0, 0]
Fitness: 772.889180 	[9, 5, 0, 12, 15, 3, 13, 6, 8, 0, 2, 0, 14, 1, 7, 4, 10, 11, 0, 1, 0, 1, 1, 0, 1, 1, 0, 1, 1, 1, 1, 1, 0, 0]
Fitness: -55.239039 	[12, 5, 13, 0, 8, 4, 11, 7, 0, 9, 2, 15, 6, 0, 14, 3, 10, 1, 0, 1, 1, 0, 1, 1, 1, 1, 1, 1, 1, 1, 0, 0, 0, 0]
Fitness: 595.042403 	[15, 0, 5, 7, 14, 2, 12, 9, 6, 4, 10, 0, 11, 13, 8, 0, 1, 3, 0, 0, 1, 1, 1, 1, 0, 1, 1, 0, 1, 1, 1, 0, 1, 0]
Fitness: 688.537667 	[5, 0, 1, 13, 8, 14, 7, 6, 2, 15, 0, 3, 12, 11, 9, 10, 0, 4, 0, 1, 1, 1, 1, 0, 1, 0, 1, 1, 1, 0, 1, 1, 0, 0]
Fitness: 446.468656 	[13, 10, 9, 11, 0, 15, 1, 0, 8, 5, 3, 6, 4, 12, 0, 2, 14, 7, 0, 0, 0, 1, 1, 1, 1, 1, 0, 0, 1, 1, 1, 1, 1, 0]
Fitness: 834.115013 	[14, 4, 9, 5, 2, 0, 3, 7, 8, 10, 11, 15, 0, 1, 13, 12, 0, 6, 0, 0, 1, 0, 1, 0, 1, 1, 1, 1, 1, 1, 1, 0, 1, 0]
Fitness: 351.919125 	[11, 12, 9, 2, 13, 3, 6, 14, 15, 0, 5, 7, 4, 0, 8, 0, 1, 10, 0, 1, 1, 0, 1, 1, 1, 0, 1, 0, 1, 1, 1, 0, 1, 0]
Fitness: 1117.716401 	[2, 3, 12, 0, 15, 13, 1, 5, 14, 0, 6, 4, 11, 0, 8, 10, 7, 9, 0, 1, 1, 0, 0, 1, 1, 1, 1, 1, 0, 1, 0, 1, 1, 0]
Fitness: 841.296332 	[1, 7, 15, 10, 0, 8, 4, 12, 11, 14, 6, 3, 0, 9, 13, 5, 0, 2, 0, 1, 1, 0, 0, 1, 1, 0, 1, 1, 1, 1, 0, 1, 1, 0]
Fitness: 644.126582 	[10, 5, 8, 11, 12, 0, 15, 7, 4, 6, 13, 9, 0, 2, 14, 3, 0, 1, 0, 0, 0, 1, 1, 1, 1, 1, 1, 1, 0, 1, 1, 0, 1, 0]
Fitness: 545.814158 	[10, 14, 11, 0, 8, 4, 7, 9, 0, 6, 1, 3, 5, 2, 15, 12, 0, 13, 0, 1, 1, 1, 0, 1, 1, 1, 0, 1, 1, 0, 1, 1, 0, 0]
Fitness: 834.115013 	[5, 4, 8, 10, 6, 0, 3, 0, 1, 13, 12, 0, 7, 2, 9, 14, 15, 11, 0, 0, 1, 0, 1, 0, 1, 1, 1, 1, 1, 1, 1, 0, 1, 0]
Fitness: 405.226578 	[6, 14, 9, 12, 3, 0, 7, 13, 10, 8, 11, 15, 5, 1, 0, 2, 0, 4, 0, 1, 1, 1, 1, 1, 0, 1, 0, 1, 1, 1, 0, 0, 1, 0]
Fitness: 1030.702478 	[15, 10, 13, 3, 0, 7, 5, 9, 2, 14, 8, 11, 0, 4, 6, 0, 12, 1, 0, 1, 1, 0, 0, 0, 1, 1, 1, 0, 1, 1, 1, 1, 1, 0]
Fitness: 556.570093 	[3, 7, 2, 12, 0, 13, 14, 11, 8, 15, 1, 9, 5, 0, 6, 0, 10, 4, 0, 1, 1, 1, 1, 0, 0, 1, 1, 0, 1, 1, 1, 0, 1, 0]
Fitness: 1247.477376 	[4, 0, 6, 12, 7, 9, 0, 2, 13, 0, 10, 1, 11, 3, 5, 15, 14, 8, 0, 0, 1, 1, 0, 1, 1, 1, 1, 0, 1, 0, 1, 1, 1, 0]
Fitness: 459.408420 	[8, 11, 13, 6, 3, 0, 1, 0, 14, 12, 9, 5, 2, 0, 4, 15, 10, 7, 0, 1, 1, 1, 1, 1, 0, 0, 1, 1, 1, 1, 0, 1, 0, 0]
Fitness: 731.219576 	[5, 14, 4, 9, 12, 8, 10, 7, 0, 13, 3, 0, 15, 0, 6, 2, 1, 11, 0, 1, 1, 0, 1, 0, 1, 1, 1, 0, 1, 1, 1, 0, 1, 0]
Fitness: 130.524757 	[1, 15, 0, 12, 5, 4, 2, 0, 11, 7, 9, 13, 0, 8, 10, 6, 3, 14, 0, 0, 0, 1, 0, 1, 1, 0, 1, 1, 1, 1, 1, 1, 1, 0]
Fitness: 1026.428372 	[9, 15, 7, 4, 1, 0, 13, 3, 11, 2, 0, 14, 12, 10, 0, 5, 6, 8, 0, 1, 0, 1, 1, 0, 1, 0, 0, 1, 1, 1, 1, 1, 1, 0]
Fitness: 718.022716 	[12, 3, 2, 0, 5, 6, 10, 0, 13, 1, 0, 15, 8, 7, 4, 11, 9, 14, 0, 0, 0, 1, 0, 1, 1, 1, 1, 1, 1, 0, 1, 1, 1, 0]
Fitness: 608.073611 	[11, 0, 14, 6, 4, 0, 5, 7, 3, 12, 15, 9, 0, 2, 13, 1, 10, 8, 0, 1, 1, 1, 1, 0, 0, 1, 1, 1, 1, 1, 0, 1, 0, 0]
Fitness: 939.082196 	[12, 14, 1, 7, 10, 6, 9, 8, 0, 13, 0, 5, 3, 0, 4, 11, 2, 15, 0, 1, 0, 0, 1, 1, 0, 1, 0, 1, 1, 1, 1, 1, 1, 0]
Fitness: 608.073611 	[11, 0, 13, 1, 10, 8, 0, 14, 6, 4, 0, 5, 7, 3, 12, 15, 9, 2, 0, 1, 1, 1, 1, 1, 0, 1, 1, 0, 1, 1, 0, 1, 0, 0]
Fitness: 297.978741 	[14, 0, 1, 5, 10, 0, 11, 6, 8, 2, 7, 12, 4, 0, 3, 9, 13, 15, 0, 1, 1, 1, 1, 1, 1, 0, 1, 0, 1, 0, 1, 0, 1, 0]
Fitness: 516.629511 	[2, 13, 7, 10, 0, 12, 1, 0, 4, 6, 3, 14, 5, 11, 15, 0, 8, 9, 0, 1, 0, 1, 1, 1, 0, 1, 1, 1, 1, 1, 1, 0, 0, 0]
Fitness: 634.032073 	[2, 4, 6, 3, 0, 7, 0, 15, 11, 8, 12, 5, 9, 1, 0, 14, 13, 10, 0, 0, 0, 1, 1, 0, 1, 1, 1, 1, 1, 1, 0, 1, 1, 0]
Fitness: 482.789204 	[6, 14, 9, 8, 7, 15, 0, 5, 2, 11, 0, 3, 10, 0, 12, 1, 13, 4, 0, 0, 0, 1, 1, 1, 1, 1, 1, 1, 0, 0, 1, 1, 1, 0]
Fitness: 582.723931 	[9, 13, 14, 12, 4, 5, 3, 0, 8, 2, 0, 1, 6, 11, 0, 7, 10, 15, 0, 1, 1, 1, 0, 1, 0, 1, 0, 1, 0, 1, 1, 1, 1, 0]
Fitness: 731.219576 	[13, 3, 0, 15, 0, 5, 14, 4, 9, 12, 8, 10, 7, 0, 6, 2, 1, 11, 0, 1, 1, 0, 1, 0, 1, 1, 1, 0, 1, 1, 1, 0, 1, 0]
Fitness: 849.628393 	[11, 10, 12, 13, 5, 15, 0, 1, 6, 2, 4, 0, 7, 8, 0, 3, 14, 9, 0, 0, 1, 1, 1, 0, 1, 1, 0, 1, 1, 0, 1, 1, 1, 0]
Fitness: 446.468656 	[2, 14, 7, 0, 13, 10, 9, 11, 0, 8, 5, 3, 6, 4, 12, 0, 15, 1, 0, 0, 0, 1, 1, 1, 1, 1, 0, 0, 1, 1, 1, 1, 1, 0]
Fitness:  27.391602 	[4, 14, 7, 8, 0, 6, 3, 13, 9, 0, 2, 15, 10, 5, 0, 12, 11, 1, 0, 0, 1, 1, 1, 1, 1, 1, 1, 1, 1, 0, 0, 0, 1, 0]
Fitness: 499.063180 	[4, 12, 3, 0, 13, 2, 1, 0, 15, 10, 5, 7, 8, 14, 6, 11, 0, 9, 0, 1, 0, 1, 1, 0, 0, 1, 1, 1, 1, 1, 0, 1, 1, 0]
Fitness: 545.814158 	[8, 4, 7, 9, 0, 6, 1, 3, 5, 2, 15, 12, 0, 10, 14, 11, 0, 13, 0, 1, 1, 1, 0, 1, 1, 1, 0, 1, 1, 0, 1, 1, 0, 0]
Fitness: 575.183087 	[9, 2, 15, 13, 8, 1, 4, 0, 6, 12, 5, 7, 3, 0, 10, 11, 0, 14, 0, 1, 0, 0, 1, 1, 1, 0, 1, 1, 1, 1, 1, 1, 0, 0]
Fitness: 657.596177 	[4, 0, 15, 0, 14, 6, 9, 7, 2, 3, 12, 11, 10, 13, 0, 8, 5, 1, 0, 1, 1, 0, 1, 1, 0, 1, 1, 1, 0, 1, 0, 1, 1, 0]
Time: 0.16714