Fitness: 1499.528635 	[6, 12, 7, 9, 0, 10, 1, 11, 3, 5, 15, 14, 8, 0, 4, 0, 2, 13, 0, 1, 0, 1, 0, 1, 0, 1, 1, 1, 1, 0, 1, 1, 1, 0]
Fitness: 1499.528635 	[6, 12, 7, 9, 0, 10, 1, 11, 3, 5, 15, 14, 8, 0, 2, 13, 0, 4, 0, 1, 0, 1, 0, 1, 0, 1, 1, 1, 0, 1, 1, 1, 1, 0]
Fitness: 1499.528635 	[6, 12, 7, 9, 0, 10, 1, 11, 3, 5, 15, 14, 8, 0, 4, 0, 2, 13, 0, 1, 0, 1, 0, 1, 0, 1, 1, 1, 1, 0, 1, 1, 1, 0]
Fitness: 1467.145450 	[1, 4, 0, 12, 15, 7, 8, 5, 6, 9, 10, 0, 14, 2, 3, 11, 0, 13, 0, 1, 0, 1, 1, 1, 1, 0, 1, 0, 1, 0, 1, 1, 1, 0]
Fitness: 1461.553949 	[6, 12, 7, 9, 0, 10, 1, 11, 3, 5, 15, 14, 8, 0, 2, 13, 0, 4, 0, 1, 0, 1, 0, 1, 0, 1, 1, 1, 1, 0, 1, 1, 1, 0]
Fitness: 1461.553949 	[6, 12, 7, 9, 0, 10, 1, 11, 3, 5, 15, 14, 8, 0, 2, 13, 0, 4, 0, 1, 0, 1, 0, 1, 0, 1, 1, 1, 1, 0, 1, 1, 1, 0]
Fitness: 1461.553949 	[6, 12, 7, 9, 0, 10, 1, 11, 3, 5, 15, 14, 8, 0, 2, 13, 0, 4, 0, 1, 0, 1, 0, 1, 0, 1, 1, 1, 1, 0, 1, 1, 1, 0]
Fitness: 1461.553949 	[6, 12, 7, 9, 0, 10, 1, 11, 3, 5, 15, 14, 8, 0, 2, 13, 0, 4, 0, 1, 0, 1, 0, 1, 0, 1, 1, 1, 1, 0, 1, 1, 1, 0]
Fitness: 1460.918357 	[4, 0, 6, 1, 3, 14, 0, 5, 12, 0, 13, 2, 7, 8, 9, 10, 11, 15, 0, 1, 0, 1, 1, 1, 1, 0, 1, 0, 1, 1, 0, 1, 1, 0]
Fitness: 1460.918357 	[4, 0, 6, 1, 3, 14, 0, 5, 12, 0, 13, 2, 7, 8, 9, 10, 11, 15, 0, 1, 0, 1, 1, 1, 1, 0, 1, 0, 1, 1, 0, 1, 1, 0]
Fitness: 1457.251674 	[4, 0, 1, 3, 14, 0, 6, 5, 12, 0, 13, 2, 7, 8, 9, 10, 11, 15, 0, 1, 0, 1, 1, 1, 1, 0, 1, 0, 1, 1, 0, 1, 1, 0]
Fitness: 1443.870826 	[7, 8, 5, 13, 14, 10, 0, 15, 2, 12, 0, 4, 0, 6, 11, 3, 1, 9, 0, 1, 0, 1, 1, 0, 1, 1, 0, 1, 1, 1, 1, 0, 1, 0]
Fitness: 1442.346948 	[3, 12, 11, 0, 7, 8, 5, 13, 14, 10, 0, 15, 1, 9, 6, 2, 0, 4, 0, 1, 0, 1, 1, 0, 1, 0, 1, 1, 0, 1, 1, 1, 1, 0]
Fitness: 1436.095651 	[4, 0, 14, 6, 7, 0, 12, 2, 13, 0, 9, 10, 1, 11, 3, 5, 15, 8, 0, 1, 0, 1, 1, 1, 0, 1, 1, 0, 1, 1, 1, 1, 0, 0]
Fitness: 1436.095651 	[4, 0, 14, 6, 7, 0, 12, 2, 13, 0, 9, 10, 1, 11, 3, 5, 15, 8, 0, 1, 0, 1, 1, 1, 0, 1, 1, 0, 1, 1, 1, 1, 0, 0]
Fitness: 1435.994064 	[6, 12, 7, 9, 0, 10, 1, 11, 3, 5, 15, 14, 8, 0, 4, 2, 0, 13, 0, 1, 0, 1, 0, 1, 0, 1, 1, 1, 1, 0, 1, 1, 1, 0]
Fitness: 1431.052479 	[4, 0, 5, 12, 0, 6, 1, 3, 14, 0, 13, 2, 7, 8, 9, 10, 11, 15, 0, 1, 0, 1, 1, 1, 1, 0, 1, 0, 1, 1, 0, 1, 1, 0]
Fitness: 1424.014207 	[15, 1, 9, 6, 2, 0, 7, 8, 5, 13, 14, 10, 0, 3, 12, 11, 0, 4, 0, 1, 0, 1, 0, 1, 1, 0, 1, 1, 0, 1, 1, 1, 1, 0]
Fitness: 1414.994397 	[6, 0, 2, 11, 0, 1, 8, 9, 12, 7, 5, 10, 0, 14, 4, 3, 13, 15, 0, 1, 0, 1, 1, 1, 1, 0, 1, 1, 1, 0, 1, 0, 1, 0]
Fitness: 1414.994397 	[6, 0, 2, 11, 0, 1, 8, 9, 12, 7, 5, 10, 0, 14, 4, 3, 13, 15, 0, 1, 0, 1, 1, 1, 1, 0, 1, 1, 1, 0, 1, 0, 1, 0]
Fitness: 1414.025257 	[10, 1, 7, 5, 8, 0, 14, 9, 3, 2, 11, 12, 15, 0, 6, 13, 0, 4, 0, 0, 1, 0, 1, 1, 1, 0, 1, 1, 0, 1, 1, 1, 1, 0]
Fitness: 1410.191540 	[12, 0, 4, 11, 0, 1, 8, 2, 9, 7, 3, 10, 0, 13, 6, 15, 5, 14, 0, 0, 1, 1, 1, 1, 0, 1, 1, 1, 0, 1, 0, 1, 1, 0]
Fitness: 1410.191540 	[12, 0, 4, 11, 0, 1, 8, 2, 9, 7, 3, 10, 0, 13, 6, 15, 5, 14, 0, 0, 1, 1, 1, 1, 0, 1, 1, 1, 0, 1, 0, 1, 1, 0]
Fitness: 1410.191540 	[12, 0, 4, 11, 0, 1, 8, 2, 9, 7, 3, 10, 0, 13, 6, 15, 5, 14, 0, 0, 1, 1, 1, 1, 0, 1, 1, 1, 0, 1, 0, 1, 1, 0]
Fitness: 1406.108549 	[1, 8, 2, 9, 7, 3, 10, 0, 13, 11, 12, 0, 15, 5, 14, 0, 6, 4, 0, 1, 0, 1, 0, 1, 1, 1, 1, 0, 1, 1, 0, 1, 1, 0]
Fitness: 1406.108549 	[1, 8, 2, 9, 7, 3, 10, 0, 13, 11, 12, 0, 15, 5, 14, 0, 6, 4, 0, 1, 0, 1, 0, 1, 1, 1, 1, 0, 1, 1, 0, 1, 1, 0]
Fitness: 1401.360689 	[12, 2, 7, 3, 10, 0, 4, 0, 6, 0, 13, 14, 11, 8, 15, 1, 9, 5, 0, 0, 1, 1, 1, 0, 1, 1, 1, 0, 1, 1, 1, 0, 1, 0]
Fitness: 1396.826317 	[4, 11, 0, 5, 12, 6, 0, 1, 8, 2, 9, 7, 3, 10, 0, 13, 14, 15, 0, 0, 1, 1, 1, 1, 0, 1, 1, 1, 0, 1, 0, 1, 1, 0]
Fitness: 1391.737462 	[14, 9, 3, 2, 11, 12, 15, 0, 10, 1, 7, 5, 8, 0, 6, 13, 0, 4, 0, 0, 1, 0, 1, 1, 1, 0, 1, 1, 0, 1, 1, 1, 1, 0]
Fitness: 1391.737462 	[14, 9, 3, 2, 11, 12, 15, 0, 10, 1, 7, 5, 8, 0, 6, 13, 0, 4, 0, 0, 1, 0, 1, 1, 1, 0, 1, 1, 0, 1, 1, 1, 1, 0]
Fitness: 1391.737462 	[14, 9, 3, 2, 11, 12, 15, 0, 10, 1, 7, 5, 8, 0, 6, 13, 0, 4, 0, 0, 1, 0, 1, 1, 1, 0, 1, 1, 0, 1, 1, 1, 1, 0]
Fitness: 1386.180909 	[7, 5, 13, 10, 0, 4, 0, 6, 1, 0, 8, 14, 9, 3, 2, 11, 12, 15, 0, 0, 1, 0, 1, 1, 1, 1, 1, 1, 0, 1, 1, 0, 1, 0]
Fitness: 1377.538070 	[4, 1, 12, 0, 15, 7, 8, 5, 6, 9, 10, 0, 14, 2, 3, 11, 0, 13, 0, 1, 1, 0, 1, 1, 1, 0, 1, 0, 1, 0, 1, 1, 1, 0]
Fitness: 1377.538070 	[1, 12, 4, 0, 14, 2, 3, 11, 0, 15, 7, 8, 5, 6, 9, 10, 0, 13, 0, 1, 1, 0, 1, 1, 1, 0, 1, 0, 1, 0, 1, 1, 1, 0]
Fitness: 1377.538070 	[1, 12, 4, 0, 14, 2, 3, 11, 0, 15, 7, 8, 5, 6, 9, 10, 0, 13, 0, 1, 1, 0, 1, 1, 1, 0, 1, 0, 1, 0, 1, 1, 1, 0]
Fitness: 1377.538070 	[1, 12, 4, 0, 14, 2, 3, 11, 0, 15, 7, 8, 5, 6, 9, 10, 0, 13, 0, 1, 1, 0, 1, 1, 1, 0, 1, 0, 1, 0, 1, 1, 1, 0]
Fitness: 1377.538070 	[1, 12, 4, 0, 15, 7, 8, 5, 6, 9, 10, 0, 14, 2, 3, 11, 0, 13, 0, 1, 1, 0, 1, 1, 1, 0, 1, 0, 1, 0, 1, 1, 1, 0]
Fitness: 1377.538070 	[1, 12, 4, 0, 15, 7, 8, 5, 6, 9, 10, 0, 14, 2, 3, 11, 0, 13, 0, 1, 1, 0, 1, 1, 1, 0, 1, 0, 1, 0, 1, 1, 1, 0]
Fitness: 1377.538070 	[1, 12, 4, 0, 15, 7, 8, 5, 6, 9, 10, 0, 14, 2, 3, 11, 0, 13, 0, 1, 1, 0, 1, 1, 1, 0, 1, 0, 1, 0, 1, 1, 1, 0]
Fitness: 1377.538070 	[13, 0, 15, 7, 8, 5, 6, 9, 10, 0, 14, 2, 3, 11, 0, 1, 12, 4, 0, 1, 1, 0, 1, 1, 1, 0, 1, 0, 1, 0, 1, 1, 1, 0]
Fitness: 1377.538070 	[13, 0, 15, 7, 8, 5, 6, 9, 10, 0, 14, 2, 3, 11, 0, 1, 12, 4, 0, 1, 1, 0, 1, 1, 1, 0, 1, 0, 1, 0, 1, 1, 1, 0]
Fitness: 1377.538070 	[1, 12, 4, 0, 15, 7, 8, 5, 6, 9, 10, 0, 14, 2, 3, 11, 0, 13, 0, 1, 1, 0, 1, 1, 1, 0, 1, 0, 1, 0, 1, 1, 1, 0]
Fitness: 1377.538070 	[13, 0, 15, 7, 8, 5, 6, 9, 10, 0, 14, 2, 3, 11, 0, 1, 12, 4, 0, 1, 1, 0, 1, 1, 1, 0, 1, 0, 1, 0, 1, 1, 1, 0]
Fitness: 1377.538070 	[1, 12, 4, 0, 15, 7, 8, 5, 6, 9, 10, 0, 14, 2, 3, 11, 0, 13, 0, 1, 1, 0, 1, 1, 1, 0, 1, 0, 1, 0, 1, 1, 1, 0]
Fitness: 1377.538070 	[13, 0, 15, 7, 8, 5, 6, 9, 10, 0, 14, 2, 3, 11, 0, 1, 12, 4, 0, 1, 1, 0, 1, 1, 1, 0, 1, 0, 1, 0, 1, 1, 1, 0]
Fitness: 1377.538070 	[1, 12, 4, 0, 15, 7, 8, 5, 6, 9, 10, 0, 14, 2, 3, 11, 0, 13, 0, 1, 1, 0, 1, 1, 1, 0, 1, 0, 1, 0, 1, 1, 1, 0]
Fitness: 1377.538070 	[1, 12, 4, 0, 15, 7, 8, 5, 6, 9, 10, 0, 14, 2, 3, 11, 0, 13, 0, 1, 1, 0, 1, 1, 1, 0, 1, 0, 1, 0, 1, 1, 1, 0]
Fitness: 1377.538070 	[13, 0, 15, 7, 8, 5, 6, 9, 10, 0, 14, 2, 3, 11, 0, 1, 12, 4, 0, 1, 1, 0, 1, 1, 1, 0, 1, 0, 1, 0, 1, 1, 1, 0]
Fitness: 1377.538070 	[1, 12, 4, 0, 15, 7, 8, 5, 6, 9, 10, 0, 14, 2, 3, 11, 0, 13, 0, 1, 1, 0, 1, 1, 1, 0, 1, 0, 1, 0, 1, 1, 1, 0]
Fitness: 1377.538070 	[1, 12, 4, 0, 15, 7, 8, 5, 6, 9, 10, 0, 14, 2, 3, 11, 0, 13, 0, 1, 1, 0, 1, 1, 1, 0, 1, 0, 1, 0, 1, 1, 1, 0]
Fitness: 1377.538070 	[13, 0, 15, 7, 8, 5, 6, 9, 10, 0, 14, 2, 3, 11, 0, 1, 12, 4, 0, 1, 1, 0, 1, 1, 1, 0, 1, 0, 1, 0, 1, 1, 1, 0]
Fitness: 1377.538070 	[1, 12, 4, 0, 15, 7, 8, 5, 6, 9, 10, 0, 14, 2, 3, 11, 0, 13, 0, 1, 1, 0, 1, 1, 1, 0, 1, 0, 1, 0, 1, 1, 1, 0]
Fitness: 1377.538070 	[13, 0, 15, 7, 8, 5, 6, 9, 10, 0, 14, 2, 3, 11, 0, 1, 12, 4, 0, 1, 1, 0, 1, 1, 1, 0, 1, 0, 1, 0, 1, 1, 1, 0]
Fitness: 1377.538070 	[1, 12, 4, 0, 15, 7, 8, 5, 6, 9, 10, 0, 14, 2, 3, 11, 0, 13, 0, 1, 1, 0, 1, 1, 1, 0, 1, 0, 1, 0, 1, 1, 1, 0]
Fitness: 1375.604375 	[5, 12, 6, 0, 4, 11, 0, 1, 8, 2, 9, 7, 3, 10, 0, 13, 14, 15, 0, 0, 1, 1, 1, 1, 0, 1, 1, 1, 0, 1, 0, 1, 1, 0]
Fitness: 1375.604375 	[5, 12, 6, 0, 4, 11, 0, 1, 8, 2, 9, 7, 3, 10, 0, 13, 14, 15, 0, 0, 1, 1, 1, 1, 0, 1, 1, 1, 0, 1, 0, 1, 1, 0]
Fitness: 1375.427066 	[4, 0, 7, 8, 5, 6, 9, 10, 0, 14, 2, 3, 11, 0, 1, 13, 12, 15, 0, 0, 1, 1, 1, 0, 1, 0, 1, 1, 1, 0, 1, 1, 1, 0]
Fitness: 1375.427066 	[4, 0, 7, 8, 5, 6, 9, 10, 0, 14, 2, 3, 11, 0, 1, 13, 12, 15, 0, 0, 1, 1, 1, 0, 1, 0, 1, 1, 1, 0, 1, 1, 1, 0]
Fitness: 1375.427066 	[14, 2, 3, 11, 0, 7, 8, 5, 6, 9, 10, 0, 4, 0, 1, 13, 12, 15, 0, 0, 1, 1, 1, 0, 1, 0, 1, 1, 1, 0, 1, 1, 1, 0]
Fitness: 1375.427066 	[14, 2, 3, 11, 0, 7, 8, 5, 6, 9, 10, 0, 4, 0, 1, 13, 12, 15, 0, 0, 1, 1, 1, 0, 1, 0, 1, 1, 1, 0, 1, 1, 1, 0]
Fitness: 1372.371985 	[1, 6, 2, 3, 0, 12, 0, 14, 4, 13, 7, 0, 11, 10, 5, 8, 9, 15, 0, 1, 0, 1, 1, 0, 1, 1, 1, 0, 1, 1, 1, 0, 1, 0]
Fitness: 1372.371985 	[1, 6, 2, 3, 0, 14, 4, 13, 7, 0, 12, 0, 11, 10, 5, 8, 9, 15, 0, 1, 0, 1, 1, 0, 1, 1, 1, 0, 1, 1, 1, 0, 1, 0]
Fitness: 1372.371985 	[1, 6, 2, 3, 0, 12, 0, 14, 4, 13, 7, 0, 11, 10, 5, 8, 9, 15, 0, 1, 0, 1, 1, 0, 1, 1, 1, 0, 1, 1, 1, 0, 1, 0]
Fitness: 1372.198215 	[4, 0, 14, 6, 12, 7, 0, 2, 13, 0, 9, 10, 1, 11, 3, 5, 15, 8, 0, 0, 1, 1, 1, 1, 0, 1, 1, 1, 0, 1, 1, 1, 0, 0]
Fitness: 1366.048938 	[12, 0, 13, 6, 4, 11, 0, 8, 2, 9, 7, 3, 10, 0, 15, 1, 5, 14, 0, 0, 1, 1, 1, 0, 1, 1, 1, 1, 0, 1, 0, 1, 1, 0]
Fitness: 1364.169849 	[6, 1, 0, 4, 0, 7, 5, 13, 10, 0, 8, 14, 9, 3, 2, 11, 12, 15, 0, 1, 1, 0, 1, 0, 1, 1, 1, 1, 0, 1, 1, 0, 1, 0]
Fitness: 1362.082725 	[14, 4, 13, 7, 0, 12, 0, 1, 6, 2, 3, 0, 11, 10, 5, 8, 9, 15, 0, 1, 0, 1, 1, 0, 1, 1, 1, 0, 1, 1, 1, 0, 1, 0]
Fitness: 1361.657919 	[4, 0, 14, 6, 12, 7, 0, 2, 13, 0, 9, 10, 1, 11, 3, 5, 15, 8, 0, 0, 1, 1, 1, 1, 0, 1, 1, 0, 1, 1, 1, 1, 0, 0]
Fitness: 1361.657919 	[4, 0, 14, 6, 12, 7, 0, 2, 13, 0, 9, 10, 1, 11, 3, 5, 15, 8, 0, 0, 1, 1, 1, 1, 0, 1, 1, 0, 1, 1, 1, 1, 0, 0]
Fitness: 1359.220934 	[13, 6, 11, 0, 4, 12, 0, 8, 2, 9, 7, 3, 10, 0, 15, 1, 5, 14, 0, 0, 1, 1, 1, 1, 1, 0, 1, 1, 0, 1, 0, 1, 1, 0]
Fitness: 1358.845920 	[3, 12, 0, 7, 8, 5, 13, 14, 10, 0, 11, 15, 1, 9, 6, 2, 0, 4, 0, 1, 0, 1, 1, 0, 1, 0, 1, 1, 0, 1, 1, 1, 1, 0]
Fitness: 1358.633981 	[12, 0, 13, 6, 15, 5, 14, 0, 1, 8, 2, 9, 7, 3, 10, 0, 4, 11, 0, 0, 1, 1, 1, 1, 0, 1, 1, 1, 0, 1, 0, 1, 1, 0]
Fitness: 1358.633981 	[12, 0, 13, 6, 15, 5, 14, 0, 1, 8, 2, 9, 7, 3, 10, 0, 4, 11, 0, 0, 1, 1, 1, 1, 0, 1, 1, 1, 0, 1, 0, 1, 1, 0]
Fitness: 1358.633981 	[12, 0, 13, 6, 15, 5, 14, 0, 1, 8, 2, 9, 7, 3, 10, 0, 4, 11, 0, 0, 1, 1, 1, 1, 0, 1, 1, 1, 0, 1, 0, 1, 1, 0]
Fitness: 1358.306500 	[13, 6, 4, 11, 0, 12, 0, 8, 2, 9, 7, 3, 10, 0, 15, 1, 5, 14, 0, 0, 1, 1, 1, 0, 1, 1, 1, 1, 0, 1, 0, 1, 1, 0]
Fitness: 1358.306500 	[13, 6, 4, 11, 0, 12, 0, 8, 2, 9, 7, 3, 10, 0, 15, 1, 5, 14, 0, 0, 1, 1, 1, 0, 1, 1, 1, 1, 0, 1, 0, 1, 1, 0]
Fitness: 1358.306500 	[13, 6, 4, 11, 0, 12, 0, 8, 2, 9, 7, 3, 10, 0, 15, 1, 5, 14, 0, 0, 1, 1, 1, 0, 1, 1, 1, 1, 0, 1, 0, 1, 1, 0]
Fitness: 1358.306500 	[13, 6, 4, 11, 0, 12, 0, 8, 2, 9, 7, 3, 10, 0, 15, 1, 5, 14, 0, 0, 1, 1, 1, 0, 1, 1, 1, 1, 0, 1, 0, 1, 1, 0]
Fitness: 1358.306500 	[13, 6, 4, 11, 0, 12, 0, 8, 2, 9, 7, 3, 10, 0, 15, 1, 5, 14, 0, 0, 1, 1, 1, 0, 1, 1, 1, 1, 0, 1, 0, 1, 1, 0]
Fitness: 1358.306500 	[13, 6, 4, 11, 0, 12, 0, 8, 2, 9, 7, 3, 10, 0, 15, 1, 5, 14, 0, 0, 1, 1, 1, 0, 1, 1, 1, 1, 0, 1, 0, 1, 1, 0]
Fitness: 1358.306500 	[13, 6, 4, 11, 0, 12, 0, 8, 2, 9, 7, 3, 10, 0, 15, 1, 5, 14, 0, 0, 1, 1, 1, 0, 1, 1, 1, 1, 0, 1, 0, 1, 1, 0]
Fitness: 1358.306500 	[13, 6, 4, 11, 0, 12, 0, 8, 2, 9, 7, 3, 10, 0, 15, 1, 5, 14, 0, 0, 1, 1, 1, 0, 1, 1, 1, 1, 0, 1, 0, 1, 1, 0]
Fitness: 1357.752113 	[4, 0, 2, 7, 8, 9, 10, 11, 15, 0, 13, 6, 5, 12, 0, 1, 3, 14, 0, 1, 0, 1, 1, 0, 1, 1, 0, 1, 1, 1, 1, 0, 1, 0]
Fitness: 1351.648373 	[7, 2, 12, 0, 6, 0, 1, 3, 4, 0, 13, 5, 8, 9, 10, 11, 14, 15, 0, 0, 1, 1, 1, 0, 1, 1, 1, 0, 1, 1, 1, 0, 1, 0]
Fitness: 1348.509574 	[6, 1, 0, 4, 0, 7, 5, 13, 10, 0, 8, 14, 9, 3, 2, 11, 12, 15, 0, 0, 1, 0, 1, 1, 1, 1, 1, 0, 1, 1, 1, 0, 1, 0]
Fitness: 1348.509574 	[8, 14, 9, 3, 2, 11, 12, 15, 0, 4, 0, 7, 5, 13, 10, 0, 6, 1, 0, 0, 1, 0, 1, 1, 1, 1, 1, 0, 1, 1, 1, 0, 1, 0]
Fitness: 1345.707022 	[4, 0, 13, 2, 7, 8, 9, 10, 11, 15, 0, 6, 5, 12, 0, 1, 3, 14, 0, 1, 0, 1, 1, 1, 1, 0, 0, 1, 1, 1, 0, 1, 1, 0]
Fitness: 1345.707022 	[4, 0, 13, 2, 7, 8, 9, 10, 11, 15, 0, 6, 5, 12, 0, 1, 3, 14, 0, 1, 0, 1, 1, 1, 1, 0, 0, 1, 1, 1, 0, 1, 1, 0]
Fitness: 1345.707022 	[4, 0, 13, 2, 7, 8, 9, 10, 11, 15, 0, 6, 5, 12, 0, 1, 3, 14, 0, 1, 0, 1, 1, 1, 1, 0, 0, 1, 1, 1, 0, 1, 1, 0]
Fitness: 1345.707022 	[4, 0, 13, 2, 7, 8, 9, 10, 11, 15, 0, 6, 5, 12, 0, 1, 3, 14, 0, 1, 0, 1, 1, 1, 1, 0, 0, 1, 1, 1, 0, 1, 1, 0]
Fitness: 1345.707022 	[4, 0, 13, 2, 7, 8, 9, 10, 11, 15, 0, 6, 5, 12, 0, 1, 3, 14, 0, 1, 0, 1, 1, 1, 1, 0, 0, 1, 1, 1, 0, 1, 1, 0]
Fitness: 1343.826005 	[14, 9, 3, 2, 11, 12, 15, 0, 10, 1, 7, 5, 8, 0, 4, 0, 6, 13, 0, 0, 1, 0, 1, 1, 1, 0, 1, 1, 0, 1, 1, 1, 1, 0]
Fitness: 1343.653270 	[2, 13, 0, 11, 3, 14, 0, 15, 7, 8, 5, 6, 9, 10, 0, 1, 12, 4, 0, 1, 1, 0, 1, 1, 1, 0, 1, 0, 1, 0, 1, 1, 1, 0]
Fitness: 1341.911831 	[6, 11, 3, 1, 9, 0, 8, 15, 7, 2, 13, 0, 4, 0, 10, 12, 5, 14, 0, 1, 1, 0, 1, 0, 1, 0, 1, 1, 1, 1, 1, 0, 1, 0]
Fitness: 1341.911831 	[6, 11, 3, 1, 9, 0, 8, 15, 7, 2, 13, 0, 4, 0, 5, 14, 12, 10, 0, 1, 1, 0, 1, 0, 1, 0, 1, 1, 1, 1, 1, 0, 1, 0]
Fitness: 1341.911831 	[6, 11, 3, 1, 9, 0, 5, 14, 12, 10, 0, 4, 0, 8, 15, 7, 2, 13, 0, 1, 1, 0, 1, 0, 1, 0, 1, 1, 1, 1, 1, 0, 1, 0]
Fitness: 1341.911831 	[8, 15, 7, 2, 13, 0, 6, 11, 3, 1, 9, 0, 4, 0, 5, 14, 12, 10, 0, 1, 1, 0, 1, 0, 1, 0, 1, 1, 1, 1, 1, 0, 1, 0]
Fitness: 1341.911831 	[8, 15, 7, 2, 13, 0, 6, 11, 3, 1, 9, 0, 4, 0, 5, 14, 12, 10, 0, 1, 1, 0, 1, 0, 1, 0, 1, 1, 1, 1, 1, 0, 1, 0]
Fitness: 1340.820863 	[4, 0, 13, 2, 7, 8, 9, 10, 11, 15, 0, 6, 5, 12, 0, 1, 3, 14, 0, 1, 0, 1, 1, 0, 1, 1, 0, 1, 1, 1, 0, 1, 1, 0]
Fitness: 1340.388262 	[6, 1, 0, 4, 0, 7, 5, 13, 10, 0, 8, 14, 9, 3, 2, 11, 12, 15, 0, 0, 1, 0, 1, 1, 1, 1, 1, 1, 0, 1, 1, 0, 1, 0]
Fitness: 1361.657919 	[12, 0, 13, 2, 7, 6, 14, 0, 4, 0, 9, 10, 1, 11, 3, 5, 15, 8, 0, 0, 1, 1, 1, 1, 0, 1, 1, 0, 1, 1, 1, 1, 0, 0]
Fitness: 1358.633981 	[12, 0, 13, 6, 15, 5, 14, 0, 1, 8, 2, 9, 7, 3, 10, 0, 4, 11, 0, 1, 0, 1, 1, 1, 1, 0, 0, 1, 1, 1, 0, 1, 1, 0]
Fitness: 1345.707022 	[4, 0, 13, 2, 7, 8, 9, 10, 11, 15, 0, 6, 5, 12, 0, 1, 3, 14, 0, 1, 0, 1, 1, 1, 1, 0, 0, 1, 1, 1, 0, 1, 1, 0]
Fitness: 1358.633981 	[4, 0, 13, 5, 6, 14, 11, 15, 0, 12, 0, 1, 8, 2, 9, 7, 3, 10, 0, 0, 1, 1, 1, 1, 0, 1, 1, 1, 0, 1, 0, 1, 1, 0]
Fitness: 1341.911831 	[6, 11, 3, 1, 9, 0, 5, 14, 12, 10, 0, 4, 0, 8, 15, 7, 2, 13, 0, 1, 1, 0, 1, 1, 0, 1, 1, 1, 0, 1, 0, 1, 1, 0]
Fitness: 1375.604375 	[5, 12, 6, 0, 4, 11, 0, 1, 8, 2, 9, 7, 3, 10, 0, 13, 14, 15, 0, 0, 1, 1, 1, 1, 0, 1, 1, 1, 0, 1, 0, 1, 1, 0]
Fitness: 1341.911831 	[5, 12, 6, 0, 1, 11, 0, 8, 15, 7, 2, 13, 0, 4, 3, 9, 10, 14, 0, 1, 1, 0, 1, 0, 1, 0, 1, 1, 1, 1, 1, 0, 1, 0]
Fitness: 1358.306500 	[13, 6, 4, 11, 0, 12, 0, 8, 2, 9, 7, 3, 10, 0, 15, 1, 5, 14, 0, 0, 1, 1, 1, 1, 0, 1, 1, 1, 0, 1, 0, 1, 1, 0]
Fitness: 1461.553949 	[6, 12, 7, 9, 0, 10, 1, 11, 3, 5, 15, 14, 8, 0, 2, 13, 0, 4, 0, 1, 0, 1, 0, 1, 0, 1, 1, 1, 1, 0, 1, 1, 1, 0]
Fitness: 1358.306500 	[1, 2, 7, 9, 0, 12, 0, 13, 6, 4, 11, 0, 3, 5, 8, 10, 14, 15, 0, 0, 1, 1, 1, 0, 1, 1, 1, 1, 0, 1, 0, 1, 1, 0]
Fitness: 1499.528635 	[6, 12, 7, 9, 0, 10, 1, 11, 3, 5, 15, 14, 8, 0, 2, 13, 0, 4, 0, 1, 0, 1, 1, 1, 1, 0, 0, 1, 0, 1, 1, 1, 1, 0]
Fitness: 1345.707022 	[4, 0, 13, 2, 7, 8, 9, 10, 11, 15, 0, 6, 5, 12, 0, 1, 3, 14, 0, 1, 0, 1, 1, 1, 1, 0, 0, 1, 1, 1, 0, 1, 1, 0]
Fitness: 1499.528635 	[10, 1, 11, 3, 5, 15, 14, 8, 0, 4, 0, 6, 9, 12, 0, 2, 13, 7, 0, 1, 0, 1, 0, 1, 0, 1, 1, 1, 0, 1, 1, 1, 1, 0]
Fitness: 1377.538070 	[4, 0, 13, 0, 14, 2, 3, 11, 0, 1, 5, 6, 7, 8, 9, 10, 12, 15, 0, 1, 1, 0, 1, 1, 1, 0, 1, 0, 1, 0, 1, 1, 1, 0]
Fitness: 1348.509574 	[6, 1, 0, 4, 0, 7, 5, 13, 10, 0, 8, 14, 9, 3, 2, 11, 12, 15, 0, 0, 1, 0, 1, 1, 0, 1, 1, 1, 1, 1, 1, 0, 1, 0]
Fitness: 1396.826317 	[4, 11, 0, 5, 12, 6, 0, 1, 8, 2, 9, 7, 3, 10, 0, 13, 14, 15, 0, 0, 1, 1, 1, 1, 0, 1, 1, 1, 0, 1, 0, 1, 1, 0]
Fitness: 1348.509574 	[6, 1, 0, 8, 14, 9, 3, 2, 11, 12, 15, 0, 4, 5, 7, 10, 0, 13, 0, 0, 1, 0, 1, 1, 1, 1, 1, 0, 1, 1, 1, 0, 1, 0]
Fitness: 1436.095651 	[4, 0, 14, 6, 7, 0, 12, 2, 13, 0, 9, 10, 1, 11, 3, 5, 15, 8, 0, 1, 0, 1, 1, 1, 0, 1, 1, 0, 1, 1, 1, 1, 0, 0]
Fitness: 1372.198215 	[4, 0, 14, 6, 12, 7, 0, 2, 13, 0, 9, 10, 1, 11, 3, 5, 15, 8, 0, 0, 1, 1, 1, 1, 0, 1, 1, 1, 0, 1, 1, 1, 0, 0]
Fitness: 1436.095651 	[9, 10, 1, 11, 3, 5, 15, 8, 0, 4, 0, 2, 13, 0, 12, 14, 6, 7, 0, 1, 0, 1, 1, 1, 0, 1, 1, 0, 1, 1, 1, 1, 0, 0]
Fitness: 1377.538070 	[1, 12, 4, 0, 15, 7, 8, 5, 6, 9, 10, 0, 14, 2, 3, 11, 0, 13, 0, 1, 1, 0, 1, 1, 1, 0, 1, 0, 1, 0, 1, 1, 1, 0]
Fitness: 1377.538070 	[1, 12, 4, 0, 15, 7, 8, 5, 6, 9, 10, 0, 14, 2, 3, 11, 0, 13, 0, 1, 1, 0, 1, 1, 1, 0, 1, 0, 1, 0, 1, 1, 1, 0]
Fitness: 1377.538070 	[1, 12, 4, 0, 15, 7, 8, 5, 6, 9, 10, 0, 14, 2, 3, 11, 0, 13, 0, 1, 1, 0, 1, 1, 1, 0, 1, 0, 1, 0, 1, 1, 1, 0]
Fitness: 1343.826005 	[14, 9, 3, 2, 11, 12, 15, 0, 10, 1, 7, 5, 8, 0, 4, 0, 6, 13, 0, 1, 0, 1, 1, 0, 1, 1, 0, 1, 0, 1, 1, 1, 1, 0]
Fitness: 1443.870826 	[7, 8, 5, 13, 14, 10, 0, 15, 2, 12, 0, 4, 0, 6, 11, 3, 1, 9, 0, 1, 0, 1, 1, 0, 1, 1, 0, 1, 1, 1, 1, 0, 1, 0]
Fitness: 1343.826005 	[10, 1, 7, 5, 8, 0, 4, 0, 2, 0, 6, 11, 3, 12, 9, 13, 14, 15, 0, 0, 1, 0, 1, 1, 1, 0, 1, 1, 0, 1, 1, 1, 1, 0]
Fitness: 1442.346948 	[3, 12, 11, 0, 7, 8, 5, 13, 14, 10, 0, 15, 1, 9, 6, 2, 0, 4, 0, 1, 0, 1, 1, 0, 1, 0, 1, 0, 1, 1, 1, 1, 1, 0]
Fitness: 1460.918357 	[4, 0, 6, 1, 3, 14, 0, 5, 12, 0, 13, 2, 7, 8, 9, 10, 11, 15, 0, 1, 0, 1, 1, 1, 1, 0, 1, 0, 1, 1, 0, 1, 1, 0]
Fitness: 1442.346948 	[4, 0, 11, 12, 3, 0, 15, 1, 9, 6, 2, 0, 7, 8, 5, 13, 14, 10, 0, 1, 0, 1, 1, 0, 1, 0, 1, 1, 0, 1, 1, 1, 1, 0]
Fitness: 1461.553949 	[6, 12, 7, 9, 0, 10, 1, 11, 3, 5, 15, 14, 8, 0, 2, 13, 0, 4, 0, 1, 0, 1, 1, 1, 1, 0, 1, 0, 1, 1, 0, 1, 1, 0]
Fitness: 1457.251674 	[4, 0, 1, 3, 14, 0, 6, 5, 12, 0, 13, 2, 7, 8, 9, 10, 11, 15, 0, 1, 0, 1, 1, 1, 1, 0, 1, 0, 1, 1, 0, 1, 1, 0]
Fitness: 1461.553949 	[4, 0, 2, 13, 0, 6, 12, 7, 9, 0, 1, 3, 5, 8, 14, 10, 11, 15, 0, 1, 0, 1, 0, 1, 0, 1, 1, 1, 1, 0, 1, 1, 1, 0]
Fitness: 1499.528635 	[6, 12, 7, 9, 0, 10, 1, 11, 3, 5, 15, 14, 8, 0, 4, 0, 2, 13, 0, 1, 0, 0, 1, 1, 1, 0, 1, 1, 1, 0, 1, 1, 1, 0]
Fitness: 1377.538070 	[13, 0, 15, 7, 8, 5, 6, 9, 10, 0, 14, 2, 3, 11, 0, 1, 12, 4, 0, 1, 1, 0, 1, 1, 1, 0, 1, 0, 1, 0, 1, 1, 1, 0]
Fitness: 1499.528635 	[6, 12, 7, 9, 0, 4, 0, 14, 2, 3, 11, 0, 1, 5, 8, 10, 13, 15, 0, 1, 0, 1, 0, 1, 0, 1, 1, 1, 1, 0, 1, 1, 1, 0]
Fitness: 1377.538070 	[13, 0, 15, 7, 8, 5, 6, 9, 10, 0, 14, 2, 3, 11, 0, 1, 12, 4, 0, 1, 1, 1, 1, 0, 1, 0, 1, 0, 1, 0, 1, 1, 1, 0]
Fitness: 1375.427066 	[4, 0, 7, 8, 5, 6, 9, 10, 0, 14, 2, 3, 11, 0, 1, 13, 12, 15, 0, 0, 1, 1, 1, 0, 1, 0, 1, 1, 1, 0, 1, 1, 1, 0]
Fitness: 1377.538070 	[5, 0, 1, 12, 4, 0, 14, 2, 3, 11, 0, 6, 13, 7, 15, 8, 9, 10, 0, 1, 1, 0, 1, 1, 1, 0, 1, 0, 1, 0, 1, 1, 1, 0]
Fitness: 1358.306500 	[13, 6, 4, 11, 0, 12, 0, 8, 2, 9, 7, 3, 10, 0, 15, 1, 5, 14, 0, 0, 1, 1, 1, 0, 1, 0, 1, 1, 1, 0, 1, 1, 1, 0]
Fitness: 1375.427066 	[4, 0, 7, 8, 5, 6, 9, 10, 0, 14, 2, 3, 11, 0, 1, 13, 12, 15, 0, 0, 1, 1, 1, 0, 1, 0, 1, 1, 1, 0, 1, 1, 1, 0]
Fitness: 1358.306500 	[4, 0, 12, 0, 8, 2, 9, 7, 3, 10, 0, 1, 13, 11, 15, 5, 6, 14, 0, 0, 1, 1, 1, 0, 1, 1, 1, 1, 0, 1, 0, 1, 1, 0]
Fitness: 1372.371985 	[1, 6, 2, 3, 0, 12, 0, 14, 4, 13, 7, 0, 11, 10, 5, 8, 9, 15, 0, 1, 0, 1, 1, 1, 1, 0, 1, 1, 0, 1, 0, 1, 1, 0]
Fitness: 1359.220934 	[13, 6, 11, 0, 4, 12, 0, 8, 2, 9, 7, 3, 10, 0, 15, 1, 5, 14, 0, 0, 1, 1, 1, 1, 1, 0, 1, 1, 0, 1, 0, 1, 1, 0]
Fitness: 1372.371985 	[13, 14, 7, 0, 4, 12, 0, 1, 6, 2, 3, 0, 11, 10, 5, 8, 9, 15, 0, 1, 0, 1, 1, 0, 1, 1, 1, 0, 1, 1, 1, 0, 1, 0]
Fitness: 1357.752113 	[4, 0, 2, 7, 8, 9, 10, 11, 15, 0, 13, 6, 5, 12, 0, 1, 3, 14, 0, 1, 0, 1, 1, 0, 0, 1, 1, 1, 1, 1, 1, 0, 1, 0]
Fitness: 1375.604375 	[5, 12, 6, 0, 4, 11, 0, 1, 8, 2, 9, 7, 3, 10, 0, 13, 14, 15, 0, 0, 1, 1, 1, 1, 0, 1, 1, 1, 0, 1, 0, 1, 1, 0]
Fitness: 1357.752113 	[1, 2, 3, 0, 7, 11, 0, 4, 0, 13, 6, 5, 12, 8, 9, 10, 14, 15, 0, 1, 0, 1, 1, 0, 1, 1, 0, 1, 1, 1, 1, 0, 1, 0]
Fitness: 1358.306500 	[13, 6, 4, 11, 0, 12, 0, 8, 2, 9, 7, 3, 10, 0, 15, 1, 5, 14, 0, 0, 1, 1, 1, 0, 1, 1, 1, 0, 1, 1, 0, 1, 1, 0]
Fitness: 1362.082725 	[14, 4, 13, 7, 0, 12, 0, 1, 6, 2, 3, 0, 11, 10, 5, 8, 9, 15, 0, 1, 0, 1, 1, 0, 1, 1, 1, 0, 1, 1, 1, 0, 1, 0]
Fitness: 1358.306500 	[15, 1, 5, 14, 0, 8, 2, 9, 7, 3, 10, 0, 13, 6, 4, 12, 0, 11, 0, 0, 1, 1, 1, 0, 1, 1, 1, 1, 0, 1, 0, 1, 1, 0]
Fitness: 1358.845920 	[3, 12, 0, 7, 8, 5, 13, 14, 10, 0, 11, 15, 1, 9, 6, 2, 0, 4, 0, 1, 0, 1, 1, 0, 0, 1, 1, 1, 0, 1, 1, 1, 1, 0]
Fitness: 1410.191540 	[12, 0, 4, 11, 0, 1, 8, 2, 9, 7, 3, 10, 0, 13, 6, 15, 5, 14, 0, 0, 1, 1, 1, 1, 0, 1, 1, 1, 0, 1, 0, 1, 1, 0]
Fitness: 1358.845920 	[12, 0, 4, 3, 0, 7, 8, 5, 13, 14, 10, 0, 11, 15, 1, 9, 6, 2, 0, 1, 0, 1, 1, 0, 1, 0, 1, 1, 0, 1, 1, 1, 1, 0]
Fitness: 1345.707022 	[4, 0, 13, 2, 7, 8, 9, 10, 11, 15, 0, 6, 5, 12, 0, 1, 3, 14, 0, 1, 0, 1, 1, 1, 1, 0, 0, 1, 1, 1, 0, 1, 1, 0]
Fitness: 1372.371985 	[1, 6, 2, 3, 0, 14, 4, 13, 7, 0, 12, 0, 11, 10, 5, 8, 9, 15, 0, 1, 0, 1, 1, 0, 1, 1, 1, 0, 1, 1, 1, 0, 1, 0]
Fitness: 1345.707022 	[1, 6, 12, 3, 0, 14, 5, 0, 13, 2, 7, 8, 9, 10, 11, 15, 0, 4, 0, 1, 0, 1, 1, 1, 1, 0, 0, 1, 1, 1, 0, 1, 1, 0]
Fitness: 1351.648373 	[7, 2, 12, 0, 6, 0, 1, 3, 4, 0, 13, 5, 8, 9, 10, 11, 14, 15, 0, 0, 1, 1, 0, 1, 1, 1, 1, 0, 1, 1, 1, 0, 1, 0]
Fitness: 1461.553949 	[6, 12, 7, 9, 0, 10, 1, 11, 3, 5, 15, 14, 8, 0, 2, 13, 0, 4, 0, 1, 0, 1, 0, 1, 0, 1, 1, 1, 1, 0, 1, 1, 1, 0]
Fitness: 1351.648373 	[6, 12, 7, 2, 0, 13, 5, 8, 9, 0, 1, 3, 4, 0, 10, 11, 14, 15, 0, 0, 1, 1, 1, 0, 1, 1, 1, 0, 1, 1, 1, 0, 1, 0]
Fitness: 1377.538070 	[13, 0, 14, 2, 3, 11, 0, 7, 5, 1, 10, 0, 8, 4, 9, 6, 12, 15, 0, 1, 1, 0, 1, 1, 1, 0, 1, 0, 1, 0, 1, 1, 1, 0]
Fitness: 1377.538070 	[13, 0, 15, 7, 8, 5, 6, 9, 10, 0, 14, 2, 3, 11, 0, 1, 12, 4, 0, 1, 1, 0, 1, 1, 1, 0, 1, 1, 0, 1, 0, 1, 1, 0]
Fitness: 1358.633981 	[12, 0, 13, 6, 15, 5, 14, 0, 1, 8, 2, 9, 7, 3, 10, 0, 4, 11, 0, 0, 1, 1, 1, 1, 0, 1, 1, 1, 0, 1, 0, 1, 1, 0]
Fitness: 1377.538070 	[12, 0, 13, 0, 15, 7, 8, 5, 6, 9, 10, 0, 4, 11, 1, 2, 3, 14, 0, 1, 1, 0, 1, 1, 1, 0, 1, 0, 1, 0, 1, 1, 1, 0]
Fitness: 1377.538070 	[13, 0, 15, 7, 8, 5, 6, 9, 10, 0, 14, 2, 3, 11, 0, 1, 12, 4, 0, 1, 1, 0, 1, 1, 1, 0, 1, 0, 1, 0, 1, 1, 1, 0]
Fitness: 1364.169849 	[6, 1, 0, 4, 0, 7, 5, 13, 10, 0, 8, 14, 9, 3, 2, 11, 12, 15, 0, 1, 1, 0, 1, 0, 1, 1, 1, 1, 0, 1, 1, 0, 1, 0]
Fitness: 1377.538070 	[14, 2, 3, 11, 0, 15, 7, 8, 5, 6, 9, 10, 0, 1, 4, 13, 0, 12, 0, 1, 1, 0, 1, 1, 1, 0, 1, 0, 1, 0, 1, 1, 1, 0]
Fitness: 1377.538070 	[1, 12, 4, 0, 15, 7, 8, 5, 6, 9, 10, 0, 14, 2, 3, 11, 0, 13, 0, 1, 1, 0, 1, 1, 1, 0, 1, 0, 1, 0, 1, 1, 1, 0]
Fitness: 1377.538070 	[1, 12, 4, 0, 15, 7, 8, 5, 6, 9, 10, 0, 14, 2, 3, 11, 0, 13, 0, 1, 1, 0, 1, 1, 1, 0, 1, 0, 1, 0, 1, 1, 1, 0]
Fitness: 1377.538070 	[2, 3, 5, 0, 1, 12, 4, 0, 13, 0, 6, 7, 8, 9, 10, 11, 14, 15, 0, 1, 1, 0, 1, 1, 1, 0, 1, 0, 1, 0, 1, 1, 1, 0]
Fitness: 1377.538070 	[1, 12, 4, 0, 15, 7, 8, 5, 9, 10, 0, 6, 14, 2, 3, 11, 0, 13, 0, 1, 1, 0, 1, 1, 1, 1, 1, 0, 1, 0, 1, 0, 1, 0]
Fitness: 1377.538070 	[1, 12, 4, 0, 5, 6, 9, 10, 0, 14, 2, 3, 11, 0, 13, 15, 7, 8, 0, 1, 1, 0, 1, 1, 1, 0, 1, 0, 1, 1, 1, 1, 0, 0]
Fitness: 1377.538070 	[13, 0, 15, 7, 8, 5, 6, 9, 10, 0, 12, 14, 2, 3, 11, 0, 1, 4, 0, 1, 0, 0, 1, 1, 1, 0, 1, 1, 1, 0, 1, 1, 1, 0]
Fitness: 1377.538070 	[9, 1, 12, 4, 0, 15, 7, 8, 5, 6, 10, 0, 14, 2, 3, 11, 0, 13, 0, 1, 1, 0, 1, 1, 1, 1, 1, 0, 0, 0, 1, 1, 1, 0]
Fitness: 1372.371985 	[12, 1, 6, 2, 3, 0, 11, 10, 5, 0, 14, 4, 13, 7, 0, 8, 9, 15, 0, 1, 1, 1, 1, 1, 1, 0, 1, 1, 0, 1, 0, 0, 1, 0]
Fitness: 1436.095651 	[4, 0, 14, 7, 0, 6, 12, 2, 13, 0, 9, 10, 1, 11, 3, 5, 15, 8, 0, 1, 0, 1, 1, 1, 1, 1, 1, 0, 1, 0, 1, 1, 0, 0]
Fitness: 1499.528635 	[6, 12, 9, 0, 4, 0, 14, 2, 3, 11, 0, 7, 1, 5, 8, 10, 13, 15, 0, 1, 0, 1, 1, 1, 0, 0, 1, 1, 1, 0, 1, 1, 1, 0]
Fitness: 1362.082725 	[14, 4, 13, 7, 0, 12, 11, 10, 0, 1, 6, 2, 3, 0, 5, 8, 9, 15, 0, 1, 1, 1, 1, 0, 1, 1, 1, 0, 1, 0, 1, 0, 1, 0]
Fitness: 1499.528635 	[6, 12, 9, 0, 7, 10, 1, 11, 3, 5, 15, 14, 8, 0, 4, 0, 2, 13, 0, 1, 1, 0, 1, 1, 0, 0, 1, 1, 1, 0, 1, 1, 1, 0]
Fitness: 1443.870826 	[7, 8, 5, 13, 14, 10, 0, 3, 15, 2, 12, 0, 4, 0, 6, 11, 1, 9, 0, 1, 1, 1, 1, 0, 1, 0, 0, 1, 1, 1, 1, 0, 1, 0]
Fitness: 1358.306500 	[13, 6, 4, 11, 0, 12, 8, 2, 0, 9, 7, 3, 10, 0, 15, 1, 5, 14, 0, 0, 1, 1, 1, 0, 0, 1, 1, 1, 1, 1, 0, 1, 1, 0]
Fitness: 1358.306500 	[13, 6, 4, 11, 0, 12, 8, 2, 0, 9, 7, 3, 10, 0, 15, 1, 5, 14, 0, 1, 1, 1, 1, 0, 1, 1, 1, 0, 0, 1, 0, 1, 1, 0]
Fitness: 1414.994397 	[11, 6, 0, 2, 0, 1, 8, 9, 12, 7, 5, 10, 0, 14, 4, 3, 13, 15, 0, 1, 0, 1, 1, 1, 1, 0, 1, 1, 0, 0, 1, 1, 1, 0]
Fitness: 1364.169849 	[6, 1, 0, 4, 8, 14, 9, 0, 7, 5, 13, 10, 0, 3, 2, 11, 12, 15, 0, 1, 1, 0, 1, 0, 1, 1, 1, 1, 0, 1, 0, 1, 1, 0]
Fitness: 1358.633981 	[12, 1, 8, 2, 0, 13, 6, 15, 5, 14, 0, 9, 7, 3, 10, 0, 4, 11, 0, 1, 0, 1, 1, 1, 1, 0, 1, 1, 1, 0, 0, 1, 1, 0]
Fitness: 1377.538070 	[1, 12, 4, 0, 14, 3, 11, 0, 2, 15, 7, 8, 5, 6, 9, 10, 0, 13, 0, 0, 1, 0, 1, 1, 1, 0, 1, 0, 1, 1, 1, 1, 1, 0]
Fitness: 1377.538070 	[13, 0, 14, 15, 7, 8, 5, 6, 9, 10, 0, 2, 3, 11, 0, 1, 12, 4, 0, 1, 1, 0, 1, 1, 1, 0, 1, 0, 1, 1, 0, 1, 1, 0]
Fitness: 1436.095651 	[4, 0, 6, 7, 0, 14, 12, 2, 13, 0, 9, 10, 1, 11, 3, 5, 15, 8, 0, 0, 1, 1, 1, 1, 0, 1, 1, 0, 1, 1, 1, 1, 0, 0]
Fitness: 1460.918357 	[1, 4, 0, 6, 3, 14, 0, 5, 12, 0, 13, 2, 7, 8, 9, 10, 11, 15, 0, 1, 0, 1, 1, 1, 1, 0, 1, 0, 0, 1, 1, 1, 1, 0]
Fitness: 1359.220934 	[13, 6, 11, 0, 12, 0, 4, 8, 2, 9, 7, 3, 10, 0, 15, 1, 5, 14, 0, 0, 1, 1, 1, 0, 1, 0, 1, 1, 0, 1, 1, 1, 1, 0]
Fitness: 1348.509574 	[6, 1, 0, 4, 0, 2, 7, 5, 13, 10, 0, 8, 14, 9, 3, 11, 12, 15, 0, 0, 1, 1, 1, 1, 1, 1, 1, 0, 1, 1, 1, 0, 0, 0]
Fitness: 1461.553949 	[1, 3, 5, 8, 0, 2, 13, 0, 4, 6, 12, 7, 9, 0, 14, 10, 11, 15, 0, 1, 0, 1, 0, 0, 1, 1, 1, 1, 1, 0, 1, 1, 1, 0]
Fitness: 1499.528635 	[6, 12, 9, 0, 7, 10, 1, 11, 3, 5, 15, 14, 8, 0, 2, 13, 0, 4, 0, 1, 1, 0, 0, 1, 0, 1, 1, 1, 0, 1, 1, 1, 1, 0]
Fitness: 1348.509574 	[8, 14, 9, 2, 11, 12, 15, 0, 4, 0, 7, 5, 13, 10, 0, 3, 6, 1, 0, 0, 1, 0, 1, 1, 1, 1, 1, 0, 1, 0, 1, 1, 1, 0]
Fitness: 1406.108549 	[1, 8, 2, 7, 3, 10, 0, 13, 11, 12, 0, 15, 5, 14, 0, 9, 6, 4, 0, 1, 0, 1, 0, 1, 0, 1, 1, 0, 1, 1, 1, 1, 1, 0]
Fitness: 1377.538070 	[15, 7, 8, 0, 5, 6, 9, 10, 0, 13, 14, 2, 3, 11, 0, 1, 12, 4, 0, 1, 0, 1, 1, 0, 1, 1, 1, 0, 1, 0, 1, 1, 1, 0]
Fitness: 1345.707022 	[1, 6, 3, 0, 14, 5, 0, 12, 13, 2, 7, 8, 9, 10, 11, 15, 0, 4, 0, 1, 0, 1, 1, 0, 1, 0, 1, 1, 1, 1, 0, 1, 1, 0]
Fitness: 1341.911831 	[14, 5, 12, 6, 0, 1, 11, 0, 8, 15, 7, 2, 13, 0, 4, 3, 9, 10, 0, 1, 1, 0, 0, 0, 1, 0, 1, 1, 1, 1, 1, 1, 1, 0]
Fitness: 1345.707022 	[4, 0, 13, 2, 7, 9, 10, 11, 15, 0, 8, 6, 5, 12, 0, 1, 3, 14, 0, 1, 0, 1, 1, 1, 1, 0, 1, 1, 1, 1, 0, 0, 1, 0]
Fitness: 1377.538070 	[13, 0, 15, 7, 8, 5, 6, 9, 10, 0, 12, 14, 2, 3, 11, 0, 1, 4, 0, 1, 0, 0, 1, 1, 1, 0, 1, 0, 1, 1, 1, 1, 1, 0]
Fitness: 1358.306500 	[1, 2, 7, 9, 0, 12, 0, 5, 13, 6, 4, 11, 0, 3, 8, 10, 14, 15, 0, 0, 1, 1, 1, 1, 1, 1, 1, 1, 0, 1, 0, 0, 1, 0]
Fitness: 1375.427066 	[4, 0, 7, 8, 5, 6, 9, 10, 0, 14, 2, 11, 0, 3, 1, 13, 12, 15, 0, 0, 1, 1, 1, 1, 1, 0, 1, 0, 1, 0, 1, 1, 1, 0]
Fitness: 1375.427066 	[4, 14, 2, 3, 11, 0, 6, 9, 10, 0, 7, 8, 5, 0, 1, 13, 12, 15, 0, 0, 1, 1, 0, 0, 1, 1, 1, 1, 1, 0, 1, 1, 1, 0]
Fitness: 1499.528635 	[10, 1, 11, 5, 15, 14, 8, 0, 4, 0, 3, 6, 9, 12, 0, 2, 13, 7, 0, 1, 0, 0, 0, 1, 0, 1, 1, 1, 1, 1, 1, 1, 1, 0]
Fitness: 1499.528635 	[12, 7, 9, 0, 10, 1, 11, 3, 5, 15, 14, 8, 0, 6, 4, 0, 2, 13, 0, 1, 1, 1, 0, 1, 0, 1, 1, 1, 1, 0, 1, 0, 1, 0]
Fitness: 1358.306500 	[13, 6, 4, 11, 0, 12, 0, 8, 2, 9, 7, 3, 0, 10, 15, 1, 5, 14, 0, 0, 0, 1, 1, 1, 0, 1, 1, 1, 1, 1, 0, 1, 1, 0]
Fitness: 1442.346948 	[4, 15, 1, 0, 11, 12, 3, 0, 9, 6, 2, 0, 7, 8, 5, 13, 14, 10, 0, 1, 1, 1, 1, 0, 1, 0, 1, 0, 0, 1, 1, 1, 1, 0]
Fitness: 1345.707022 	[4, 0, 13, 2, 7, 8, 9, 10, 11, 15, 0, 3, 6, 5, 12, 0, 1, 14, 0, 0, 0, 1, 1, 1, 1, 0, 1, 1, 1, 1, 0, 1, 1, 0]
Fitness: 1461.553949 	[6, 12, 7, 9, 0, 5, 15, 14, 8, 0, 4, 2, 13, 0, 10, 1, 11, 3, 0, 1, 0, 1, 0, 1, 1, 1, 0, 1, 1, 0, 1, 1, 1, 0]
Fitness: 1461.553949 	[6, 12, 7, 9, 0, 10, 1, 11, 3, 5, 15, 14, 8, 0, 13, 0, 2, 4, 0, 0, 0, 1, 1, 1, 1, 0, 1, 1, 1, 1, 0, 1, 1, 0]
Fitness: 1460.918357 	[4, 0, 6, 1, 14, 0, 5, 12, 0, 3, 13, 2, 7, 8, 9, 10, 11, 15, 0, 1, 0, 1, 0, 1, 1, 1, 1, 0, 1, 1, 0, 1, 1, 0]
Fitness: 1375.604375 	[5, 12, 6, 0, 4, 0, 1, 8, 2, 9, 7, 3, 10, 0, 11, 13, 14, 15, 0, 0, 1, 1, 0, 1, 0, 1, 1, 1, 1, 1, 0, 1, 1, 0]
Fitness: 1341.911831 	[8, 15, 7, 2, 13, 0, 5, 6, 11, 3, 1, 9, 0, 4, 0, 14, 12, 10, 0, 1, 1, 0, 1, 0, 1, 1, 1, 1, 1, 1, 0, 0, 1, 0]
Fitness: 1351.648373 	[7, 2, 0, 6, 0, 1, 3, 4, 0, 12, 13, 5, 8, 9, 10, 11, 14, 15, 0, 0, 1, 1, 1, 1, 1, 1, 1, 0, 1, 0, 1, 0, 1, 0]
Fitness: 1348.509574 	[6, 1, 0, 3, 2, 11, 12, 15, 0, 4, 5, 7, 10, 0, 13, 8, 14, 9, 0, 0, 1, 0, 1, 1, 1, 1, 1, 1, 1, 0, 1, 0, 1, 0]
Fitness: 1358.845920 	[3, 12, 0, 7, 8, 5, 13, 14, 10, 0, 1, 9, 6, 2, 0, 4, 11, 15, 0, 1, 0, 1, 1, 0, 0, 1, 1, 1, 1, 1, 1, 1, 0, 0]
Fitness: 1345.707022 	[4, 0, 13, 2, 7, 8, 9, 10, 11, 15, 0, 1, 6, 5, 12, 0, 3, 14, 0, 1, 0, 1, 1, 1, 1, 0, 0, 1, 0, 1, 1, 1, 1, 0]
Fitness: 1467.145450 	[15, 1, 4, 0, 12, 7, 8, 5, 6, 9, 10, 0, 14, 2, 3, 11, 0, 13, 0, 1, 0, 0, 1, 1, 1, 1, 1, 0, 1, 0, 1, 1, 1, 0]
Fitness: 1377.538070 	[4, 1, 12, 0, 5, 6, 9, 10, 0, 14, 2, 3, 11, 0, 13, 15, 7, 8, 0, 1, 1, 0, 1, 1, 0, 0, 1, 1, 1, 0, 1, 1, 1, 0]
Fitness: 1341.911831 	[15, 6, 11, 3, 1, 9, 0, 5, 14, 12, 10, 0, 4, 0, 8, 7, 2, 13, 0, 1, 1, 0, 1, 0, 0, 1, 1, 1, 1, 1, 0, 1, 1, 0]
Fitness: 1372.371985 	[1, 6, 2, 3, 0, 12, 0, 11, 10, 5, 8, 9, 15, 0, 14, 4, 13, 7, 0, 1, 0, 1, 1, 0, 1, 1, 1, 0, 1, 1, 1, 0, 1, 0]
Fitness: 1358.845920 	[11, 15, 1, 9, 6, 2, 0, 7, 8, 5, 13, 14, 10, 0, 3, 12, 0, 4, 0, 1, 0, 1, 1, 0, 1, 0, 1, 1, 0, 1, 1, 1, 1, 0]
Fitness: 1436.095651 	[4, 0, 6, 7, 0, 9, 10, 1, 11, 3, 5, 15, 8, 0, 14, 12, 2, 13, 0, 0, 1, 1, 1, 1, 0, 1, 1, 0, 1, 1, 1, 1, 0, 0]
Fitness: 1362.082725 	[14, 4, 13, 7, 0, 12, 11, 10, 0, 5, 8, 9, 15, 0, 1, 6, 2, 3, 0, 1, 1, 1, 1, 0, 1, 1, 1, 0, 1, 0, 1, 0, 1, 0]
Fitness: 1366.048938 	[12, 0, 15, 1, 5, 14, 0, 8, 2, 9, 7, 3, 10, 0, 13, 6, 4, 11, 0, 0, 1, 1, 1, 0, 1, 1, 1, 1, 0, 1, 0, 1, 1, 0]
Fitness: 1361.657919 	[13, 2, 7, 6, 14, 0, 12, 0, 4, 0, 9, 10, 1, 11, 3, 5, 15, 8, 0, 0, 1, 1, 1, 1, 0, 1, 1, 0, 1, 1, 1, 1, 0, 0]
Fitness: 1358.633981 	[12, 0, 13, 5, 6, 14, 11, 15, 0, 4, 0, 1, 8, 2, 9, 7, 3, 10, 0, 0, 1, 1, 1, 1, 0, 1, 1, 1, 0, 1, 0, 1, 1, 0]
Fitness: 1345.707022 	[6, 5, 12, 0, 13, 2, 7, 8, 9, 10, 11, 15, 0, 4, 0, 1, 3, 14, 0, 1, 0, 1, 1, 1, 1, 0, 0, 1, 1, 1, 0, 1, 1, 0]
Fitness: 1391.737462 	[14, 9, 3, 2, 11, 12, 15, 0, 10, 1, 7, 5, 8, 0, 4, 0, 6, 13, 0, 0, 1, 0, 1, 1, 1, 0, 1, 1, 0, 1, 1, 1, 1, 0]
Fitness: 1358.306500 	[15, 1, 5, 14, 0, 12, 0, 8, 2, 9, 7, 3, 10, 0, 13, 6, 4, 11, 0, 0, 1, 1, 1, 0, 1, 0, 1, 1, 1, 0, 1, 1, 1, 0]
Fitness: 1461.553949 	[2, 13, 0, 10, 1, 11, 3, 5, 15, 14, 8, 0, 6, 12, 7, 9, 0, 4, 0, 1, 0, 1, 0, 1, 0, 1, 1, 1, 1, 0, 1, 1, 1, 0]
Fitness: 1442.346948 	[11, 12, 3, 0, 4, 0, 15, 1, 9, 6, 2, 0, 7, 8, 5, 13, 14, 10, 0, 1, 0, 1, 1, 0, 1, 0, 1, 1, 0, 1, 1, 1, 1, 0]
Fitness: 1362.082725 	[11, 10, 5, 8, 9, 15, 0, 12, 0, 1, 6, 2, 3, 0, 14, 4, 13, 7, 0, 1, 0, 1, 1, 0, 1, 1, 1, 0, 1, 1, 1, 0, 1, 0]
Fitness: 1375.427066 	[4, 0, 14, 2, 3, 11, 0, 7, 8, 5, 6, 9, 10, 0, 1, 13, 12, 15, 0, 0, 1, 1, 1, 0, 1, 0, 1, 1, 1, 0, 1, 1, 1, 0]
Fitness: 1377.538070 	[14, 2, 3, 11, 0, 15, 7, 8, 5, 6, 9, 10, 0, 1, 12, 4, 0, 13, 0, 1, 1, 0, 1, 1, 1, 0, 1, 0, 1, 0, 1, 1, 1, 0]
Fitness: 1461.553949 	[6, 12, 7, 9, 0, 2, 13, 0, 10, 1, 11, 3, 5, 15, 14, 8, 0, 4, 0, 1, 0, 1, 0, 1, 0, 1, 1, 1, 1, 0, 1, 1, 1, 0]
Fitness: 1442.346948 	[4, 0, 7, 8, 5, 13, 14, 10, 0, 15, 1, 9, 6, 2, 0, 3, 12, 11, 0, 1, 0, 1, 1, 0, 1, 0, 1, 0, 1, 1, 1, 1, 1, 0]
Fitness: 1377.538070 	[13, 0, 15, 7, 8, 5, 6, 9, 10, 0, 14, 2, 3, 11, 0, 1, 12, 4, 0, 1, 1, 0, 1, 1, 1, 0, 1, 0, 1, 0, 1, 1, 1, 0]
Fitness: 1348.509574 	[6, 1, 0, 4, 0, 7, 5, 13, 10, 0, 8, 14, 9, 3, 2, 11, 12, 15, 0, 0, 1, 0, 1, 1, 1, 1, 1, 0, 1, 1, 1, 0, 1, 0]
Fitness: 1377.538070 	[13, 0, 8, 4, 9, 6, 12, 15, 0, 7, 5, 1, 10, 0, 14, 2, 3, 11, 0, 1, 1, 0, 1, 1, 1, 0, 1, 0, 1, 0, 1, 1, 1, 0]
Fitness: 1341.911831 	[8, 15, 7, 2, 13, 0, 6, 11, 3, 1, 9, 0, 4, 0, 10, 12, 5, 14, 0, 1, 1, 0, 1, 0, 1, 0, 1, 1, 1, 1, 1, 0, 1, 0]
Fitness: 1443.870826 	[7, 8, 5, 13, 14, 10, 0, 6, 11, 1, 9, 0, 4, 0, 3, 15, 2, 12, 0, 1, 1, 1, 1, 0, 1, 0, 0, 1, 1, 1, 1, 0, 1, 0]
Fitness: 1358.306500 	[13, 6, 4, 11, 0, 15, 1, 5, 14, 0, 8, 2, 9, 7, 3, 10, 0, 12, 0, 0, 1, 1, 1, 0, 1, 1, 1, 1, 0, 1, 0, 1, 1, 0]
Fitness: 1499.528635 	[12, 7, 9, 0, 6, 4, 0, 10, 1, 11, 3, 5, 15, 14, 8, 0, 2, 13, 0, 1, 1, 1, 0, 1, 0, 1, 1, 1, 1, 0, 1, 0, 1, 0]
Fitness: 1414.025257 	[4, 0, 14, 9, 3, 2, 11, 12, 15, 0, 6, 13, 0, 10, 1, 7, 5, 8, 0, 0, 1, 0, 1, 1, 1, 0, 1, 1, 0, 1, 1, 1, 1, 0]
Fitness: 1460.918357 	[1, 4, 0, 13, 2, 7, 8, 9, 10, 11, 15, 0, 5, 12, 0, 6, 3, 14, 0, 1, 0, 1, 1, 1, 1, 0, 1, 0, 0, 1, 1, 1, 1, 0]
Fitness: 1351.648373 	[1, 3, 4, 0, 13, 5, 8, 9, 0, 6, 12, 7, 2, 0, 10, 11, 14, 15, 0, 0, 1, 1, 1, 0, 1, 1, 1, 0, 1, 1, 1, 0, 1, 0]
Fitness: 1358.306500 	[13, 6, 4, 11, 0, 9, 7, 3, 10, 0, 12, 8, 2, 0, 15, 1, 5, 14, 0, 1, 1, 1, 1, 0, 1, 1, 1, 0, 0, 1, 0, 1, 1, 0]
Fitness: 1461.553949 	[10, 1, 11, 3, 5, 15, 14, 8, 0, 6, 12, 7, 9, 0, 13, 0, 2, 4, 0, 0, 0, 1, 1, 1, 1, 0, 1, 1, 1, 1, 0, 1, 1, 0]
Fitness: 1345.707022 	[4, 0, 6, 5, 12, 0, 13, 2, 7, 8, 9, 10, 11, 15, 0, 1, 3, 14, 0, 1, 0, 1, 1, 1, 1, 0, 0, 1, 1, 1, 0, 1, 1, 0]
Fitness: 1377.538070 	[15, 7, 8, 5, 6, 9, 10, 0, 13, 0, 14, 2, 3, 11, 0, 1, 12, 4, 0, 1, 1, 0, 1, 1, 1, 0, 1, 1, 0, 1, 0, 1, 1, 0]
Fitness: 1358.306500 	[13, 6, 4, 11, 0, 8, 2, 9, 7, 3, 10, 0, 12, 0, 15, 1, 5, 14, 0, 0, 1, 1, 1, 0, 1, 1, 1, 1, 0, 1, 0, 1, 1, 0]
Fitness: 1375.427066 	[1, 13, 12, 15, 0, 7, 8, 5, 6, 9, 10, 0, 4, 0, 14, 2, 3, 11, 0, 0, 1, 1, 1, 0, 1, 0, 1, 1, 1, 0, 1, 1, 1, 0]
Fitness: 1358.306500 	[13, 6, 4, 11, 0, 12, 0, 10, 15, 1, 5, 14, 0, 8, 2, 9, 7, 3, 0, 0, 0, 1, 1, 1, 0, 1, 1, 1, 1, 1, 0, 1, 1, 0]
Fitness: 1372.371985 	[1, 6, 2, 3, 0, 11, 10, 5, 8, 9, 15, 0, 14, 4, 13, 7, 0, 12, 0, 1, 0, 1, 1, 1, 1, 0, 1, 1, 0, 1, 0, 1, 1, 0]
Fitness: 1377.538070 	[2, 3, 5, 0, 13, 0, 1, 12, 4, 0, 6, 7, 8, 9, 10, 11, 14, 15, 0, 1, 1, 0, 1, 1, 1, 0, 1, 0, 1, 0, 1, 1, 1, 0]
Fitness: 1375.604375 	[1, 8, 2, 9, 7, 3, 10, 0, 4, 11, 0, 5, 12, 6, 0, 13, 14, 15, 0, 0, 1, 1, 1, 1, 0, 1, 1, 1, 0, 1, 0, 1, 1, 0]
Fitness: 1460.918357 	[6, 1, 3, 14, 0, 4, 0, 5, 12, 0, 13, 2, 7, 8, 9, 10, 11, 15, 0, 1, 0, 1, 1, 1, 1, 0, 1, 0, 1, 1, 0, 1, 1, 0]
Fitness: 1358.845920 	[4, 0, 7, 8, 5, 13, 14, 10, 0, 11, 15, 1, 9, 6, 2, 0, 3, 12, 0, 1, 0, 1, 1, 0, 0, 1, 1, 1, 0, 1, 1, 1, 1, 0]
Fitness: 1348.509574 	[4, 0, 8, 14, 9, 2, 11, 12, 15, 0, 7, 5, 13, 10, 0, 3, 6, 1, 0, 0, 1, 0, 1, 1, 1, 1, 1, 0, 1, 0, 1, 1, 1, 0]
Fitness: 1410.191540 	[12, 0, 13, 6, 15, 5, 14, 0, 1, 8, 2, 9, 7, 3, 10, 0, 4, 11, 0, 0, 1, 1, 1, 1, 0, 1, 1, 1, 0, 1, 0, 1, 1, 0]
Fitness: 1357.752113 	[13, 6, 5, 12, 0, 2, 7, 8, 9, 10, 11, 15, 0, 4, 0, 1, 3, 14, 0, 1, 0, 1, 1, 0, 0, 1, 1, 1, 1, 1, 1, 0, 1, 0]
Fitness: 1377.538070 	[1, 4, 0, 15, 7, 8, 5, 6, 9, 10, 0, 12, 14, 2, 3, 11, 0, 13, 0, 1, 0, 0, 1, 1, 1, 0, 1, 1, 1, 0, 1, 1, 1, 0]
Fitness: 1357.752113 	[13, 6, 5, 12, 8, 9, 10, 14, 15, 0, 7, 11, 0, 4, 0, 1, 2, 3, 0, 1, 0, 1, 1, 0, 1, 1, 0, 1, 1, 1, 1, 0, 1, 0]
Fitness: 1414.994397 	[14, 4, 3, 13, 15, 0, 2, 11, 0, 1, 8, 9, 12, 7, 5, 10, 0, 6, 0, 1, 0, 1, 1, 1, 1, 0, 1, 1, 1, 0, 1, 0, 1, 0]
Fitness: 1499.528635 	[4, 0, 10, 1, 11, 5, 15, 14, 8, 0, 3, 6, 9, 12, 0, 2, 13, 7, 0, 1, 0, 0, 0, 1, 0, 1, 1, 1, 1, 1, 1, 1, 1, 0]
Fitness: 1357.752113 	[4, 0, 2, 7, 8, 9, 10, 11, 15, 0, 1, 3, 14, 0, 13, 6, 5, 12, 0, 1, 0, 1, 1, 0, 1, 1, 0, 1, 1, 1, 1, 0, 1, 0]
Fitness: 1345.707022 	[13, 2, 7, 8, 9, 10, 11, 15, 0, 4, 0, 6, 5, 12, 0, 1, 3, 14, 0, 1, 0, 1, 1, 1, 1, 0, 0, 1, 1, 1, 0, 1, 1, 0]
Fitness: 1377.538070 	[15, 7, 8, 5, 6, 9, 10, 0, 1, 12, 4, 0, 14, 2, 3, 11, 0, 13, 0, 1, 1, 0, 1, 1, 1, 0, 1, 0, 1, 0, 1, 1, 1, 0]
Fitness: 1372.371985 	[12, 1, 6, 2, 3, 0, 11, 10, 5, 0, 8, 9, 15, 0, 14, 4, 13, 7, 0, 1, 1, 1, 1, 1, 1, 0, 1, 1, 0, 1, 0, 0, 1, 0]
Time: 0.42137