Fitness: 1499.528635 	[6, 12, 7, 9, 0, 10, 1, 11, 3, 5, 15, 14, 8, 0, 4, 0, 2, 13, 0, 1, 0, 1, 0, 1, 0, 1, 1, 1, 1, 0, 1, 1, 1, 0]
Fitness: 1499.528635 	[6, 12, 7, 9, 0, 10, 1, 11, 3, 5, 15, 14, 8, 0, 2, 13, 0, 4, 0, 1, 0, 1, 0, 1, 0, 1, 1, 1, 0, 1, 1, 1, 1, 0]
Fitness: 1499.528635 	[6, 12, 7, 9, 0, 10, 1, 11, 3, 5, 15, 14, 8, 0, 4, 0, 2, 13, 0, 1, 0, 1, 0, 1, 0, 1, 1, 1, 1, 0, 1, 1, 1, 0]
Fitness: 1467.145450 	[1, 4, 0, 12, 15, 7, 8, 5, 6, 9, 10, 0, 14, 2, 3, 11, 0, 13, 0, 1, 0, 1, 1, 1, 1, 0, 1, 0, 1, 0, 1, 1, 1, 0]
Fitness: 1461.553949 	[6, 12, 7, 9, 0, 10, 1, 11, 3, 5, 15, 14, 8, 0, 2, 13, 0, 4, 0, 1, 0, 1, 0, 1, 0, 1, 1, 1, 1, 0, 1, 1, 1, 0]
Fitness: 1461.553949 	[6, 12, 7, 9, 0, 10, 1, 11, 3, 5, 15, 14, 8, 0, 2, 13, 0, 4, 0, 1, 0, 1, 0, 1, 0, 1, 1, 1, 1, 0, 1, 1, 1, 0]
Fitness: 1461.553949 	[6, 12, 7, 9, 0, 10, 1, 11, 3, 5, 15, 14, 8, 0, 2, 13, 0, 4, 0, 1, 0, 1, 0, 1, 0, 1, 1, 1, 1, 0, 1, 1, 1, 0]
Fitness: 1461.553949 	[6, 12, 7, 9, 0, 10, 1, 11, 3, 5, 15, 14, 8, 0, 2, 13, 0, 4, 0, 1, 0, 1, 0, 1, 0, 1, 1, 1, 1, 0, 1, 1, 1, 0]
Fitness: 1461.553949 	[6, 12, 7, 9, 0, 10, 1, 11, 3, 5, 15, 14, 8, 0, 2, 13, 0, 4, 0, 1, 0, 1, 0, 1, 0, 1, 1, 1, 1, 0, 1, 1, 1, 0]
Fitness: 1461.553949 	[6, 12, 7, 9, 0, 10, 1, 11, 3, 5, 15, 14, 8, 0, 2, 13, 0, 4, 0, 1, 0, 1, 0, 1, 0, 1, 1, 1, 1, 0, 1, 1, 1, 0]
Fitness: 1460.918357 	[4, 0, 6, 1, 3, 14, 0, 5, 12, 0, 13, 2, 7, 8, 9, 10, 11, 15, 0, 1, 0, 1, 1, 1, 1, 0, 1, 0, 1, 1, 0, 1, 1, 0]
Fitness: 1460.918357 	[4, 0, 6, 1, 3, 14, 0, 5, 12, 0, 13, 2, 7, 8, 9, 10, 11, 15, 0, 1, 0, 1, 1, 1, 1, 0, 1, 0, 1, 1, 0, 1, 1, 0]
Fitness: 1460.918357 	[4, 0, 6, 1, 3, 14, 0, 5, 12, 0, 13, 2, 7, 8, 9, 10, 11, 15, 0, 1, 0, 1, 1, 1, 1, 0, 1, 0, 1, 1, 0, 1, 1, 0]
Fitness: 1457.251674 	[4, 0, 1, 3, 14, 0, 6, 5, 12, 0, 13, 2, 7, 8, 9, 10, 11, 15, 0, 1, 0, 1, 1, 1, 1, 0, 1, 0, 1, 1, 0, 1, 1, 0]
Fitness: 1457.251674 	[4, 0, 1, 3, 14, 0, 6, 5, 12, 0, 13, 2, 7, 8, 9, 10, 11, 15, 0, 1, 0, 1, 1, 1, 1, 0, 1, 0, 1, 1, 0, 1, 1, 0]
Fitness: 1443.870826 	[7, 8, 5, 13, 14, 10, 0, 15, 2, 12, 0, 4, 0, 6, 11, 3, 1, 9, 0, 1, 0, 1, 1, 0, 1, 1, 0, 1, 1, 1, 1, 0, 1, 0]
Fitness: 1443.870826 	[7, 8, 5, 13, 14, 10, 0, 15, 2, 12, 0, 4, 0, 6, 11, 3, 1, 9, 0, 1, 0, 1, 1, 0, 1, 1, 0, 1, 1, 1, 1, 0, 1, 0]
Fitness: 1442.643776 	[3, 12, 11, 0, 7, 8, 5, 13, 14, 10, 0, 15, 1, 9, 6, 2, 0, 4, 0, 1, 0, 1, 1, 0, 1, 0, 1, 0, 1, 1, 1, 1, 1, 0]
Fitness: 1442.346948 	[3, 12, 11, 0, 7, 8, 5, 13, 14, 10, 0, 15, 1, 9, 6, 2, 0, 4, 0, 1, 0, 1, 1, 0, 1, 0, 1, 1, 0, 1, 1, 1, 1, 0]
Fitness: 1436.095651 	[4, 0, 14, 6, 7, 0, 12, 2, 13, 0, 9, 10, 1, 11, 3, 5, 15, 8, 0, 1, 0, 1, 1, 1, 0, 1, 1, 0, 1, 1, 1, 1, 0, 0]
Fitness: 1436.095651 	[4, 0, 14, 6, 7, 0, 12, 2, 13, 0, 9, 10, 1, 11, 3, 5, 15, 8, 0, 1, 0, 1, 1, 1, 0, 1, 1, 0, 1, 1, 1, 1, 0, 0]
Fitness: 1436.095651 	[4, 0, 14, 6, 7, 0, 12, 2, 13, 0, 9, 10, 1, 11, 3, 5, 15, 8, 0, 1, 0, 1, 1, 1, 0, 1, 1, 0, 1, 1, 1, 1, 0, 0]
Fitness: 1435.994064 	[6, 12, 7, 9, 0, 10, 1, 11, 3, 5, 15, 14, 8, 0, 4, 2, 0, 13, 0, 1, 0, 1, 0, 1, 0, 1, 1, 1, 1, 0, 1, 1, 1, 0]
Fitness: 1431.052479 	[4, 0, 5, 12, 0, 6, 1, 3, 14, 0, 13, 2, 7, 8, 9, 10, 11, 15, 0, 1, 0, 1, 1, 1, 1, 0, 1, 0, 1, 1, 0, 1, 1, 0]
Fitness: 1424.014207 	[15, 1, 9, 6, 2, 0, 7, 8, 5, 13, 14, 10, 0, 3, 12, 11, 0, 4, 0, 1, 0, 1, 0, 1, 1, 0, 1, 1, 0, 1, 1, 1, 1, 0]
Fitness: 1422.241557 	[13, 14, 7, 0, 4, 12, 0, 1, 6, 2, 3, 0, 11, 10, 5, 8, 9, 15, 0, 1, 0, 1, 1, 0, 1, 1, 1, 0, 1, 1, 1, 0, 1, 0]
Fitness: 1414.994397 	[6, 0, 2, 11, 0, 1, 8, 9, 12, 7, 5, 10, 0, 14, 4, 3, 13, 15, 0, 1, 0, 1, 1, 1, 1, 0, 1, 1, 1, 0, 1, 0, 1, 0]
Fitness: 1414.994397 	[6, 0, 2, 11, 0, 1, 8, 9, 12, 7, 5, 10, 0, 14, 4, 3, 13, 15, 0, 1, 0, 1, 1, 1, 1, 0, 1, 1, 1, 0, 1, 0, 1, 0]
Fitness: 1414.025257 	[10, 1, 7, 5, 8, 0, 14, 9, 3, 2, 11, 12, 15, 0, 6, 13, 0, 4, 0, 0, 1, 0, 1, 1, 1, 0, 1, 1, 0, 1, 1, 1, 1, 0]
Fitness: 1410.191540 	[12, 0, 4, 11, 0, 1, 8, 2, 9, 7, 3, 10, 0, 13, 6, 15, 5, 14, 0, 0, 1, 1, 1, 1, 0, 1, 1, 1, 0, 1, 0, 1, 1, 0]
Fitness: 1410.191540 	[12, 0, 4, 11, 0, 1, 8, 2, 9, 7, 3, 10, 0, 13, 6, 15, 5, 14, 0, 0, 1, 1, 1, 1, 0, 1, 1, 1, 0, 1, 0, 1, 1, 0]
Fitness: 1410.191540 	[12, 0, 4, 11, 0, 1, 8, 2, 9, 7, 3, 10, 0, 13, 6, 15, 5, 14, 0, 0, 1, 1, 1, 1, 0, 1, 1, 1, 0, 1, 0, 1, 1, 0]
Fitness: 1410.191540 	[12, 0, 4, 11, 0, 1, 8, 2, 9, 7, 3, 10, 0, 13, 6, 15, 5, 14, 0, 0, 1, 1, 1, 1, 0, 1, 1, 1, 0, 1, 0, 1, 1, 0]
Fitness: 1406.108549 	[1, 8, 2, 9, 7, 3, 10, 0, 13, 11, 12, 0, 15, 5, 14, 0, 6, 4, 0, 1, 0, 1, 0, 1, 1, 1, 1, 0, 1, 1, 0, 1, 1, 0]
Fitness: 1406.108549 	[1, 8, 2, 9, 7, 3, 10, 0, 13, 11, 12, 0, 15, 5, 14, 0, 6, 4, 0, 1, 0, 1, 0, 1, 1, 1, 1, 0, 1, 1, 0, 1, 1, 0]
Fitness: 1401.360689 	[12, 2, 7, 3, 10, 0, 4, 0, 6, 0, 13, 14, 11, 8, 15, 1, 9, 5, 0, 0, 1, 1, 1, 0, 1, 1, 1, 0, 1, 1, 1, 0, 1, 0]
Fitness: 1396.826317 	[4, 11, 0, 5, 12, 6, 0, 1, 8, 2, 9, 7, 3, 10, 0, 13, 14, 15, 0, 0, 1, 1, 1, 1, 0, 1, 1, 1, 0, 1, 0, 1, 1, 0]
Fitness: 1396.826317 	[4, 11, 0, 5, 12, 6, 0, 1, 8, 2, 9, 7, 3, 10, 0, 13, 14, 15, 0, 0, 1, 1, 1, 1, 0, 1, 1, 1, 0, 1, 0, 1, 1, 0]
Fitness: 1391.737462 	[14, 9, 3, 2, 11, 12, 15, 0, 10, 1, 7, 5, 8, 0, 6, 13, 0, 4, 0, 0, 1, 0, 1, 1, 1, 0, 1, 1, 0, 1, 1, 1, 1, 0]
Fitness: 1391.737462 	[14, 9, 3, 2, 11, 12, 15, 0, 10, 1, 7, 5, 8, 0, 6, 13, 0, 4, 0, 0, 1, 0, 1, 1, 1, 0, 1, 1, 0, 1, 1, 1, 1, 0]
Fitness: 1391.737462 	[14, 9, 3, 2, 11, 12, 15, 0, 10, 1, 7, 5, 8, 0, 6, 13, 0, 4, 0, 0, 1, 0, 1, 1, 1, 0, 1, 1, 0, 1, 1, 1, 1, 0]
Fitness: 1386.180909 	[7, 5, 13, 10, 0, 4, 0, 6, 1, 0, 8, 14, 9, 3, 2, 11, 12, 15, 0, 0, 1, 0, 1, 1, 1, 1, 1, 1, 0, 1, 1, 0, 1, 0]
Fitness: 1377.538070 	[4, 1, 12, 0, 15, 7, 8, 5, 6, 9, 10, 0, 14, 2, 3, 11, 0, 13, 0, 1, 1, 0, 1, 1, 1, 0, 1, 0, 1, 0, 1, 1, 1, 0]
Fitness: 1377.538070 	[1, 12, 4, 0, 14, 2, 3, 11, 0, 15, 7, 8, 5, 6, 9, 10, 0, 13, 0, 1, 1, 0, 1, 1, 1, 0, 1, 0, 1, 0, 1, 1, 1, 0]
Fitness: 1377.538070 	[1, 12, 4, 0, 14, 2, 3, 11, 0, 15, 7, 8, 5, 6, 9, 10, 0, 13, 0, 1, 1, 0, 1, 1, 1, 0, 1, 0, 1, 0, 1, 1, 1, 0]
Fitness: 1377.538070 	[1, 12, 4, 0, 14, 2, 3, 11, 0, 15, 7, 8, 5, 6, 9, 10, 0, 13, 0, 1, 1, 0, 1, 1, 1, 0, 1, 0, 1, 0, 1, 1, 1, 0]
Fitness: 1377.538070 	[1, 12, 4, 0, 15, 7, 8, 5, 6, 9, 10, 0, 14, 2, 3, 11, 0, 13, 0, 1, 1, 0, 1, 1, 1, 0, 1, 0, 1, 0, 1, 1, 1, 0]
Fitness: 1377.538070 	[1, 12, 4, 0, 15, 7, 8, 5, 6, 9, 10, 0, 14, 2, 3, 11, 0, 13, 0, 1, 1, 0, 1, 1, 1, 0, 1, 0, 1, 0, 1, 1, 1, 0]
Fitness: 1377.538070 	[1, 12, 4, 0, 15, 7, 8, 5, 6, 9, 10, 0, 14, 2, 3, 11, 0, 13, 0, 1, 1, 0, 1, 1, 1, 0, 1, 0, 1, 0, 1, 1, 1, 0]
Fitness: 1377.538070 	[13, 0, 15, 7, 8, 5, 6, 9, 10, 0, 14, 2, 3, 11, 0, 1, 12, 4, 0, 1, 1, 0, 1, 1, 1, 0, 1, 0, 1, 0, 1, 1, 1, 0]
Fitness: 1377.538070 	[13, 0, 15, 7, 8, 5, 6, 9, 10, 0, 14, 2, 3, 11, 0, 1, 12, 4, 0, 1, 1, 0, 1, 1, 1, 0, 1, 0, 1, 0, 1, 1, 1, 0]
Fitness: 1377.538070 	[1, 12, 4, 0, 15, 7, 8, 5, 6, 9, 10, 0, 14, 2, 3, 11, 0, 13, 0, 1, 1, 0, 1, 1, 1, 0, 1, 0, 1, 0, 1, 1, 1, 0]
Fitness: 1377.538070 	[13, 0, 15, 7, 8, 5, 6, 9, 10, 0, 14, 2, 3, 11, 0, 1, 12, 4, 0, 1, 1, 0, 1, 1, 1, 0, 1, 0, 1, 0, 1, 1, 1, 0]
Fitness: 1377.538070 	[1, 12, 4, 0, 15, 7, 8, 5, 6, 9, 10, 0, 14, 2, 3, 11, 0, 13, 0, 1, 1, 0, 1, 1, 1, 0, 1, 0, 1, 0, 1, 1, 1, 0]
Fitness: 1377.538070 	[13, 0, 15, 7, 8, 5, 6, 9, 10, 0, 14, 2, 3, 11, 0, 1, 12, 4, 0, 1, 1, 0, 1, 1, 1, 0, 1, 0, 1, 0, 1, 1, 1, 0]
Fitness: 1377.538070 	[1, 12, 4, 0, 15, 7, 8, 5, 6, 9, 10, 0, 14, 2, 3, 11, 0, 13, 0, 1, 1, 0, 1, 1, 1, 0, 1, 0, 1, 0, 1, 1, 1, 0]
Fitness: 1377.538070 	[1, 12, 4, 0, 15, 7, 8, 5, 6, 9, 10, 0, 14, 2, 3, 11, 0, 13, 0, 1, 1, 0, 1, 1, 1, 0, 1, 0, 1, 0, 1, 1, 1, 0]
Fitness: 1377.538070 	[13, 0, 15, 7, 8, 5, 6, 9, 10, 0, 14, 2, 3, 11, 0, 1, 12, 4, 0, 1, 1, 0, 1, 1, 1, 0, 1, 0, 1, 0, 1, 1, 1, 0]
Fitness: 1377.538070 	[1, 12, 4, 0, 15, 7, 8, 5, 6, 9, 10, 0, 14, 2, 3, 11, 0, 13, 0, 1, 1, 0, 1, 1, 1, 0, 1, 0, 1, 0, 1, 1, 1, 0]
Fitness: 1377.538070 	[1, 12, 4, 0, 15, 7, 8, 5, 6, 9, 10, 0, 14, 2, 3, 11, 0, 13, 0, 1, 1, 0, 1, 1, 1, 0, 1, 0, 1, 0, 1, 1, 1, 0]
Fitness: 1377.538070 	[13, 0, 15, 7, 8, 5, 6, 9, 10, 0, 14, 2, 3, 11, 0, 1, 12, 4, 0, 1, 1, 0, 1, 1, 1, 0, 1, 0, 1, 0, 1, 1, 1, 0]
Fitness: 1377.538070 	[1, 12, 4, 0, 15, 7, 8, 5, 6, 9, 10, 0, 14, 2, 3, 11, 0, 13, 0, 1, 1, 0, 1, 1, 1, 0, 1, 0, 1, 0, 1, 1, 1, 0]
Fitness: 1377.538070 	[13, 0, 15, 7, 8, 5, 6, 9, 10, 0, 14, 2, 3, 11, 0, 1, 12, 4, 0, 1, 1, 0, 1, 1, 1, 0, 1, 0, 1, 0, 1, 1, 1, 0]
Fitness: 1377.538070 	[1, 12, 4, 0, 15, 7, 8, 5, 6, 9, 10, 0, 14, 2, 3, 11, 0, 13, 0, 1, 1, 0, 1, 1, 1, 0, 1, 0, 1, 0, 1, 1, 1, 0]
Fitness: 1377.538070 	[1, 12, 4, 0, 15, 7, 8, 5, 6, 9, 10, 0, 14, 2, 3, 11, 0, 13, 0, 1, 1, 0, 1, 1, 1, 0, 1, 0, 1, 0, 1, 1, 1, 0]
Fitness: 1377.538070 	[1, 12, 4, 0, 15, 7, 8, 5, 6, 9, 10, 0, 14, 2, 3, 11, 0, 13, 0, 1, 1, 0, 1, 1, 1, 0, 1, 0, 1, 0, 1, 1, 1, 0]
Fitness: 1377.538070 	[1, 12, 4, 0, 15, 7, 8, 5, 6, 9, 10, 0, 14, 2, 3, 11, 0, 13, 0, 1, 1, 0, 1, 1, 1, 0, 1, 0, 1, 0, 1, 1, 1, 0]
Fitness: 1377.538070 	[13, 0, 15, 7, 8, 5, 6, 9, 10, 0, 14, 2, 3, 11, 0, 1, 12, 4, 0, 1, 1, 0, 1, 1, 1, 0, 1, 0, 1, 0, 1, 1, 1, 0]
Fitness: 1377.538070 	[13, 0, 15, 7, 8, 5, 6, 9, 10, 0, 14, 2, 3, 11, 0, 1, 12, 4, 0, 1, 1, 0, 1, 1, 1, 0, 1, 0, 1, 0, 1, 1, 1, 0]
Fitness: 1377.538070 	[1, 12, 4, 0, 15, 7, 8, 5, 6, 9, 10, 0, 14, 2, 3, 11, 0, 13, 0, 1, 1, 0, 1, 1, 1, 0, 1, 0, 1, 0, 1, 1, 1, 0]
Fitness: 1377.538070 	[1, 12, 4, 0, 15, 7, 8, 5, 6, 9, 10, 0, 14, 2, 3, 11, 0, 13, 0, 1, 1, 0, 1, 1, 1, 0, 1, 0, 1, 0, 1, 1, 1, 0]
Fitness: 1377.538070 	[13, 0, 15, 7, 8, 5, 6, 9, 10, 0, 14, 2, 3, 11, 0, 1, 12, 4, 0, 1, 1, 0, 1, 1, 1, 0, 1, 0, 1, 0, 1, 1, 1, 0]
Fitness: 1375.604375 	[5, 12, 6, 0, 4, 11, 0, 1, 8, 2, 9, 7, 3, 10, 0, 13, 14, 15, 0, 0, 1, 1, 1, 1, 0, 1, 1, 1, 0, 1, 0, 1, 1, 0]
Fitness: 1375.604375 	[5, 12, 6, 0, 4, 11, 0, 1, 8, 2, 9, 7, 3, 10, 0, 13, 14, 15, 0, 0, 1, 1, 1, 1, 0, 1, 1, 1, 0, 1, 0, 1, 1, 0]
Fitness: 1375.604375 	[5, 12, 6, 0, 4, 11, 0, 1, 8, 2, 9, 7, 3, 10, 0, 13, 14, 15, 0, 0, 1, 1, 1, 1, 0, 1, 1, 1, 0, 1, 0, 1, 1, 0]
Fitness: 1375.604375 	[5, 12, 6, 0, 4, 11, 0, 1, 8, 2, 9, 7, 3, 10, 0, 13, 14, 15, 0, 0, 1, 1, 1, 1, 0, 1, 1, 1, 0, 1, 0, 1, 1, 0]
Fitness: 1375.427066 	[1, 13, 12, 15, 0, 7, 8, 5, 6, 9, 10, 0, 4, 0, 14, 2, 3, 11, 0, 0, 1, 1, 1, 0, 1, 0, 1, 1, 1, 0, 1, 1, 1, 0]
Fitness: 1375.427066 	[4, 0, 7, 8, 5, 6, 9, 10, 0, 14, 2, 3, 11, 0, 1, 13, 12, 15, 0, 0, 1, 1, 1, 0, 1, 0, 1, 1, 1, 0, 1, 1, 1, 0]
Fitness: 1375.427066 	[4, 0, 7, 8, 5, 6, 9, 10, 0, 14, 2, 3, 11, 0, 1, 13, 12, 15, 0, 0, 1, 1, 1, 0, 1, 0, 1, 1, 1, 0, 1, 1, 1, 0]
Fitness: 1375.427066 	[4, 0, 7, 8, 5, 6, 9, 10, 0, 14, 2, 3, 11, 0, 1, 13, 12, 15, 0, 0, 1, 1, 1, 0, 1, 0, 1, 1, 1, 0, 1, 1, 1, 0]
Fitness: 1375.427066 	[4, 0, 7, 8, 5, 6, 9, 10, 0, 14, 2, 3, 11, 0, 1, 13, 12, 15, 0, 0, 1, 1, 1, 0, 1, 0, 1, 1, 1, 0, 1, 1, 1, 0]
Fitness: 1375.427066 	[14, 2, 3, 11, 0, 7, 8, 5, 6, 9, 10, 0, 4, 0, 1, 13, 12, 15, 0, 0, 1, 1, 1, 0, 1, 0, 1, 1, 1, 0, 1, 1, 1, 0]
Fitness: 1375.427066 	[14, 2, 3, 11, 0, 7, 8, 5, 6, 9, 10, 0, 4, 0, 1, 13, 12, 15, 0, 0, 1, 1, 1, 0, 1, 0, 1, 1, 1, 0, 1, 1, 1, 0]
Fitness: 1372.411533 	[1, 2, 3, 0, 7, 11, 0, 4, 0, 13, 6, 5, 12, 8, 9, 10, 14, 15, 0, 1, 0, 1, 1, 0, 1, 1, 0, 1, 1, 1, 1, 0, 1, 0]
Fitness: 1372.371985 	[1, 6, 2, 3, 0, 12, 0, 14, 4, 13, 7, 0, 11, 10, 5, 8, 9, 15, 0, 1, 0, 1, 1, 0, 1, 1, 1, 0, 1, 1, 1, 0, 1, 0]
Fitness: 1372.371985 	[1, 6, 2, 3, 0, 14, 4, 13, 7, 0, 12, 0, 11, 10, 5, 8, 9, 15, 0, 1, 0, 1, 1, 0, 1, 1, 1, 0, 1, 1, 1, 0, 1, 0]
Fitness: 1372.371985 	[1, 6, 2, 3, 0, 12, 0, 14, 4, 13, 7, 0, 11, 10, 5, 8, 9, 15, 0, 1, 0, 1, 1, 0, 1, 1, 1, 0, 1, 1, 1, 0, 1, 0]
Fitness: 1372.371985 	[1, 6, 2, 3, 0, 14, 4, 13, 7, 0, 12, 0, 11, 10, 5, 8, 9, 15, 0, 1, 0, 1, 1, 0, 1, 1, 1, 0, 1, 1, 1, 0, 1, 0]
Fitness: 1372.198215 	[4, 0, 14, 6, 12, 7, 0, 2, 13, 0, 9, 10, 1, 11, 3, 5, 15, 8, 0, 0, 1, 1, 1, 1, 0, 1, 1, 1, 0, 1, 1, 1, 0, 0]
Fitness: 1372.198215 	[4, 0, 14, 6, 12, 7, 0, 2, 13, 0, 9, 10, 1, 11, 3, 5, 15, 8, 0, 0, 1, 1, 1, 1, 0, 1, 1, 1, 0, 1, 1, 1, 0, 0]
Fitness: 1367.824318 	[4, 0, 7, 8, 5, 6, 9, 10, 0, 14, 2, 11, 0, 3, 1, 13, 12, 15, 0, 0, 1, 1, 1, 1, 1, 0, 1, 0, 1, 0, 1, 1, 1, 0]
Fitness: 1366.048938 	[12, 0, 13, 6, 4, 11, 0, 8, 2, 9, 7, 3, 10, 0, 15, 1, 5, 14, 0, 0, 1, 1, 1, 0, 1, 1, 1, 1, 0, 1, 0, 1, 1, 0]
Fitness: 1366.048938 	[13, 6, 4, 11, 0, 12, 0, 8, 2, 9, 7, 3, 10, 0, 15, 1, 5, 14, 0, 0, 1, 1, 1, 1, 0, 1, 1, 1, 0, 1, 0, 1, 1, 0]
Fitness: 1364.169849 	[6, 1, 0, 4, 0, 7, 5, 13, 10, 0, 8, 14, 9, 3, 2, 11, 12, 15, 0, 1, 1, 0, 1, 0, 1, 1, 1, 1, 0, 1, 1, 0, 1, 0]
Fitness: 1364.169849 	[6, 1, 0, 4, 0, 7, 5, 13, 10, 0, 8, 14, 9, 3, 2, 11, 12, 15, 0, 1, 1, 0, 1, 0, 1, 1, 1, 1, 0, 1, 1, 0, 1, 0]
Fitness: 1363.289022 	[8, 14, 9, 2, 11, 12, 15, 0, 4, 0, 7, 5, 13, 10, 0, 3, 6, 1, 0, 0, 1, 0, 1, 1, 1, 1, 1, 0, 1, 0, 1, 1, 1, 0]
Fitness: 1362.082725 	[14, 4, 13, 7, 0, 12, 0, 1, 6, 2, 3, 0, 11, 10, 5, 8, 9, 15, 0, 1, 0, 1, 1, 0, 1, 1, 1, 0, 1, 1, 1, 0, 1, 0]
Fitness: 1362.082725 	[14, 4, 13, 7, 0, 12, 0, 1, 6, 2, 3, 0, 11, 10, 5, 8, 9, 15, 0, 1, 0, 1, 1, 0, 1, 1, 1, 0, 1, 1, 1, 0, 1, 0]
Fitness: 1361.657919 	[4, 0, 14, 6, 12, 7, 0, 2, 13, 0, 9, 10, 1, 11, 3, 5, 15, 8, 0, 0, 1, 1, 1, 1, 0, 1, 1, 0, 1, 1, 1, 1, 0, 0]
Fitness: 1361.657919 	[4, 0, 14, 6, 12, 7, 0, 2, 13, 0, 9, 10, 1, 11, 3, 5, 15, 8, 0, 0, 1, 1, 1, 1, 0, 1, 1, 0, 1, 1, 1, 1, 0, 0]
Fitness: 1442.346948 	[3, 12, 11, 0, 7, 8, 5, 13, 14, 10, 0, 15, 1, 9, 6, 2, 0, 4, 0, 1, 0, 1, 1, 0, 1, 0, 1, 0, 1, 1, 1, 1, 1, 0]
Fitness: 1457.251674 	[4, 0, 1, 3, 14, 0, 6, 5, 12, 0, 13, 2, 7, 8, 9, 10, 11, 15, 0, 1, 0, 1, 1, 1, 1, 0, 1, 0, 1, 1, 0, 1, 1, 0]
Fitness: 1442.346948 	[4, 0, 7, 8, 5, 13, 14, 10, 0, 3, 12, 11, 0, 1, 2, 6, 9, 15, 0, 1, 0, 1, 1, 0, 1, 0, 1, 1, 0, 1, 1, 1, 1, 0]
Fitness: 1461.553949 	[6, 12, 7, 9, 0, 10, 1, 11, 3, 5, 15, 14, 8, 0, 2, 13, 0, 4, 0, 1, 0, 1, 0, 1, 0, 1, 1, 1, 1, 0, 1, 1, 1, 0]
Fitness: 1460.918357 	[4, 0, 6, 1, 3, 14, 0, 5, 12, 0, 13, 2, 7, 8, 9, 10, 11, 15, 0, 1, 0, 1, 1, 1, 1, 0, 1, 0, 1, 1, 0, 1, 1, 0]
Fitness: 1461.553949 	[4, 0, 2, 13, 0, 6, 12, 7, 9, 0, 10, 1, 11, 3, 5, 15, 14, 8, 0, 1, 0, 1, 0, 1, 0, 1, 1, 1, 1, 0, 1, 1, 1, 0]
Fitness: 1377.538070 	[1, 12, 4, 0, 15, 7, 8, 5, 6, 9, 10, 0, 14, 2, 3, 11, 0, 13, 0, 1, 1, 0, 1, 0, 1, 1, 1, 0, 1, 0, 1, 1, 1, 0]
Fitness: 1372.371985 	[1, 6, 2, 3, 0, 14, 4, 13, 7, 0, 12, 0, 11, 10, 5, 8, 9, 15, 0, 1, 0, 1, 1, 0, 1, 1, 1, 0, 1, 1, 1, 0, 1, 0]
Fitness: 1377.538070 	[1, 13, 4, 12, 0, 14, 2, 3, 11, 0, 15, 7, 8, 0, 5, 6, 9, 10, 0, 1, 1, 0, 1, 1, 1, 0, 1, 0, 1, 0, 1, 1, 1, 0]
Fitness: 1396.826317 	[4, 11, 0, 5, 12, 6, 0, 1, 8, 2, 9, 7, 3, 10, 0, 13, 14, 15, 0, 1, 1, 0, 1, 1, 1, 0, 1, 1, 0, 1, 0, 1, 1, 0]
Fitness: 1377.538070 	[1, 12, 4, 0, 14, 2, 3, 11, 0, 15, 7, 8, 5, 6, 9, 10, 0, 13, 0, 1, 1, 0, 1, 1, 1, 0, 1, 0, 1, 0, 1, 1, 1, 0]
Fitness: 1396.826317 	[1, 2, 3, 0, 4, 11, 0, 5, 12, 6, 0, 13, 7, 8, 9, 10, 14, 15, 0, 0, 1, 1, 1, 1, 0, 1, 1, 1, 0, 1, 0, 1, 1, 0]
Fitness: 1377.538070 	[4, 1, 12, 0, 15, 7, 8, 5, 6, 9, 10, 0, 14, 2, 3, 11, 0, 13, 0, 1, 1, 0, 1, 1, 1, 0, 1, 0, 1, 0, 1, 1, 1, 0]
Fitness: 1366.048938 	[13, 6, 4, 11, 0, 12, 0, 8, 2, 9, 7, 3, 10, 0, 15, 1, 5, 14, 0, 0, 1, 1, 1, 1, 0, 1, 1, 1, 0, 1, 0, 1, 1, 0]
Fitness: 1377.538070 	[13, 2, 3, 11, 0, 4, 1, 12, 0, 15, 7, 8, 5, 6, 9, 10, 0, 14, 0, 1, 1, 0, 1, 1, 1, 0, 1, 0, 1, 0, 1, 1, 1, 0]
Fitness: 1499.528635 	[6, 12, 7, 9, 0, 10, 1, 11, 3, 5, 15, 14, 8, 0, 4, 0, 2, 13, 0, 1, 0, 1, 0, 1, 1, 0, 1, 1, 1, 0, 1, 1, 1, 0]
Fitness: 1377.538070 	[1, 12, 4, 0, 15, 7, 8, 5, 6, 9, 10, 0, 14, 2, 3, 11, 0, 13, 0, 1, 1, 0, 1, 1, 1, 0, 1, 0, 1, 0, 1, 1, 1, 0]
Fitness: 1499.528635 	[1, 12, 11, 0, 15, 7, 8, 5, 6, 9, 10, 0, 4, 0, 2, 13, 3, 14, 0, 1, 0, 1, 0, 1, 0, 1, 1, 1, 1, 0, 1, 1, 1, 0]
Fitness: 1436.095651 	[4, 0, 14, 6, 7, 0, 12, 2, 13, 0, 9, 10, 1, 11, 3, 5, 15, 8, 0, 1, 0, 1, 1, 1, 0, 1, 1, 1, 0, 1, 1, 1, 0, 0]
Fitness: 1375.604375 	[5, 12, 6, 0, 4, 11, 0, 1, 8, 2, 9, 7, 3, 10, 0, 13, 14, 15, 0, 0, 1, 1, 1, 1, 0, 1, 1, 1, 0, 1, 0, 1, 1, 0]
Fitness: 1436.095651 	[2, 12, 6, 0, 13, 14, 0, 9, 10, 1, 11, 3, 5, 15, 8, 0, 4, 7, 0, 1, 0, 1, 1, 1, 0, 1, 1, 0, 1, 1, 1, 1, 0, 0]
Fitness: 1362.082725 	[14, 4, 13, 7, 0, 12, 0, 1, 6, 2, 3, 0, 11, 10, 5, 8, 9, 15, 0, 1, 0, 1, 1, 1, 1, 0, 1, 0, 1, 1, 1, 0, 1, 0]
Fitness: 1377.538070 	[1, 12, 4, 0, 15, 7, 8, 5, 6, 9, 10, 0, 14, 2, 3, 11, 0, 13, 0, 1, 1, 0, 1, 1, 1, 0, 1, 0, 1, 0, 1, 1, 1, 0]
Fitness: 1362.082725 	[1, 2, 4, 0, 12, 0, 11, 10, 5, 8, 9, 15, 0, 13, 3, 6, 7, 14, 0, 1, 0, 1, 1, 0, 1, 1, 1, 0, 1, 1, 1, 0, 1, 0]
Fitness: 1377.538070 	[1, 12, 4, 0, 15, 7, 8, 5, 6, 9, 10, 0, 14, 2, 3, 11, 0, 13, 0, 0, 1, 1, 1, 1, 1, 0, 1, 0, 1, 0, 1, 1, 1, 0]
Fitness: 1375.427066 	[4, 0, 7, 8, 5, 6, 9, 10, 0, 14, 2, 3, 11, 0, 1, 13, 12, 15, 0, 0, 1, 1, 1, 0, 1, 0, 1, 1, 1, 0, 1, 1, 1, 0]
Fitness: 1377.538070 	[13, 0, 14, 2, 3, 11, 0, 4, 5, 6, 7, 0, 1, 8, 12, 15, 9, 10, 0, 1, 1, 0, 1, 1, 1, 0, 1, 0, 1, 0, 1, 1, 1, 0]
Fitness: 1377.538070 	[13, 0, 15, 7, 8, 5, 6, 9, 10, 0, 14, 2, 3, 11, 0, 1, 12, 4, 0, 1, 1, 0, 1, 1, 1, 0, 1, 0, 1, 0, 1, 1, 1, 0]
Fitness: 1461.553949 	[6, 12, 7, 9, 0, 10, 1, 11, 3, 5, 15, 14, 8, 0, 2, 13, 0, 4, 0, 1, 0, 1, 0, 1, 0, 1, 1, 1, 1, 0, 1, 1, 1, 0]
Fitness: 1377.538070 	[6, 2, 7, 9, 0, 13, 0, 1, 12, 4, 0, 3, 5, 8, 10, 11, 14, 15, 0, 1, 1, 0, 1, 1, 1, 0, 1, 0, 1, 0, 1, 1, 1, 0]
Fitness: 1377.538070 	[1, 12, 4, 0, 15, 7, 8, 5, 6, 9, 10, 0, 14, 2, 3, 11, 0, 13, 0, 1, 0, 1, 1, 0, 1, 1, 1, 0, 1, 0, 1, 1, 1, 0]
Fitness: 1422.241557 	[13, 14, 7, 0, 4, 12, 0, 1, 6, 2, 3, 0, 11, 10, 5, 8, 9, 15, 0, 1, 0, 1, 1, 0, 1, 1, 1, 0, 1, 1, 1, 0, 1, 0]
Fitness: 1377.538070 	[15, 7, 8, 5, 6, 9, 10, 0, 1, 12, 4, 0, 13, 14, 2, 3, 0, 11, 0, 1, 1, 0, 1, 1, 1, 0, 1, 0, 1, 0, 1, 1, 1, 0]
Fitness: 1377.538070 	[13, 0, 15, 7, 8, 5, 6, 9, 10, 0, 14, 2, 3, 11, 0, 1, 12, 4, 0, 1, 1, 0, 1, 1, 1, 0, 1, 0, 1, 0, 1, 1, 1, 0]
Fitness: 1410.191540 	[12, 0, 4, 11, 0, 1, 8, 2, 9, 7, 3, 10, 0, 13, 6, 15, 5, 14, 0, 0, 1, 1, 1, 1, 0, 1, 1, 1, 0, 1, 0, 1, 1, 0]
Fitness: 1377.538070 	[12, 0, 4, 11, 0, 15, 7, 8, 5, 6, 9, 10, 0, 13, 1, 2, 3, 14, 0, 1, 1, 0, 1, 1, 1, 0, 1, 0, 1, 0, 1, 1, 1, 0]
Fitness: 1377.538070 	[13, 0, 15, 7, 8, 5, 6, 9, 10, 0, 14, 2, 3, 11, 0, 1, 12, 4, 0, 1, 1, 0, 1, 1, 1, 0, 1, 0, 1, 0, 1, 1, 1, 0]
Fitness: 1414.994397 	[6, 0, 2, 11, 0, 1, 8, 9, 12, 7, 5, 10, 0, 14, 4, 3, 13, 15, 0, 1, 0, 1, 1, 1, 1, 0, 1, 1, 1, 0, 1, 0, 1, 0]
Fitness: 1377.538070 	[3, 0, 2, 11, 0, 15, 7, 8, 5, 6, 9, 10, 0, 1, 12, 4, 13, 14, 0, 1, 1, 0, 1, 1, 1, 0, 1, 0, 1, 0, 1, 1, 1, 0]
Fitness: 1372.371985 	[1, 6, 2, 3, 0, 12, 0, 14, 4, 13, 7, 0, 11, 10, 5, 8, 9, 15, 0, 1, 0, 1, 1, 0, 1, 1, 1, 0, 1, 1, 0, 1, 1, 0]
Fitness: 1366.048938 	[12, 0, 13, 6, 4, 11, 0, 8, 2, 9, 7, 3, 10, 0, 15, 1, 5, 14, 0, 0, 1, 1, 1, 0, 1, 1, 1, 1, 0, 1, 0, 1, 1, 0]
Fitness: 1372.371985 	[14, 4, 13, 7, 0, 11, 10, 5, 8, 9, 15, 0, 12, 2, 6, 3, 0, 1, 0, 1, 0, 1, 1, 0, 1, 1, 1, 0, 1, 1, 1, 0, 1, 0]
Fitness: 1391.737462 	[14, 9, 3, 2, 11, 12, 15, 0, 10, 1, 7, 5, 8, 0, 6, 13, 0, 4, 0, 0, 1, 1, 1, 1, 0, 0, 1, 1, 0, 1, 1, 1, 1, 0]
Fitness: 1372.198215 	[4, 0, 14, 6, 12, 7, 0, 2, 13, 0, 9, 10, 1, 11, 3, 5, 15, 8, 0, 0, 1, 1, 1, 1, 0, 1, 1, 1, 0, 1, 1, 1, 0, 0]
Fitness: 1391.737462 	[2, 0, 4, 0, 10, 1, 7, 5, 8, 0, 9, 6, 12, 11, 3, 13, 15, 14, 0, 0, 1, 0, 1, 1, 1, 0, 1, 1, 0, 1, 1, 1, 1, 0]
Fitness: 1377.538070 	[1, 12, 4, 0, 15, 7, 8, 5, 6, 9, 10, 0, 14, 2, 3, 11, 0, 13, 0, 1, 1, 0, 1, 1, 1, 0, 1, 0, 1, 0, 1, 1, 1, 0]
Fitness: 1377.538070 	[13, 0, 15, 7, 8, 5, 6, 9, 10, 0, 14, 2, 3, 11, 0, 1, 12, 4, 0, 1, 1, 0, 1, 1, 1, 0, 1, 0, 1, 0, 1, 1, 1, 0]
Fitness: 1377.538070 	[13, 0, 1, 4, 12, 0, 14, 2, 3, 11, 0, 15, 7, 8, 5, 6, 9, 10, 0, 1, 1, 0, 1, 1, 1, 0, 1, 0, 1, 0, 1, 1, 1, 0]
Fitness: 1391.737462 	[4, 0, 14, 9, 3, 2, 11, 12, 15, 0, 1, 8, 6, 7, 5, 10, 0, 13, 0, 0, 1, 0, 1, 1, 1, 0, 1, 1, 0, 1, 1, 1, 1, 0]
Fitness: 1375.427066 	[14, 2, 3, 11, 0, 7, 8, 5, 6, 9, 10, 0, 4, 0, 1, 13, 12, 15, 0, 0, 1, 1, 1, 0, 1, 0, 1, 1, 1, 0, 1, 1, 1, 0]
Fitness: 1461.553949 	[6, 12, 7, 9, 0, 10, 1, 11, 3, 5, 15, 14, 8, 0, 2, 13, 0, 4, 0, 1, 0, 1, 0, 1, 0, 1, 1, 1, 1, 0, 1, 1, 1, 0]
Fitness: 1375.427066 	[6, 2, 7, 9, 0, 1, 13, 12, 15, 0, 4, 0, 3, 5, 8, 10, 11, 14, 0, 0, 1, 1, 1, 0, 1, 0, 1, 1, 1, 0, 1, 1, 1, 0]
Fitness: 1375.427066 	[1, 12, 5, 0, 14, 2, 3, 11, 0, 4, 0, 13, 6, 7, 8, 9, 10, 15, 0, 0, 1, 1, 1, 0, 1, 0, 1, 1, 1, 0, 1, 1, 1, 0]
Fitness: 1436.095651 	[4, 0, 14, 6, 7, 0, 12, 2, 13, 0, 9, 10, 1, 11, 3, 5, 15, 8, 0, 1, 0, 1, 1, 1, 0, 1, 1, 0, 1, 0, 1, 1, 1, 0]
Fitness: 1377.538070 	[13, 0, 15, 7, 8, 5, 6, 9, 10, 0, 14, 2, 3, 11, 0, 1, 12, 4, 0, 1, 1, 0, 1, 1, 1, 0, 1, 0, 1, 0, 1, 1, 1, 0]
Fitness: 1436.095651 	[13, 0, 4, 0, 14, 6, 7, 0, 1, 12, 2, 3, 5, 8, 9, 10, 11, 15, 0, 1, 0, 1, 1, 1, 0, 1, 1, 0, 1, 1, 1, 1, 0, 0]
Fitness: 1377.538070 	[13, 0, 15, 7, 8, 5, 6, 9, 10, 0, 14, 2, 3, 11, 0, 1, 12, 4, 0, 1, 1, 0, 1, 1, 1, 0, 1, 0, 1, 1, 1, 0, 1, 0]
Fitness: 1372.411533 	[1, 2, 3, 0, 7, 11, 0, 4, 0, 13, 6, 5, 12, 8, 9, 10, 14, 15, 0, 1, 0, 1, 1, 0, 1, 1, 0, 1, 1, 1, 1, 0, 1, 0]
Fitness: 1377.538070 	[13, 0, 1, 12, 4, 0, 11, 0, 2, 6, 5, 3, 8, 9, 10, 14, 15, 7, 0, 1, 1, 0, 1, 1, 1, 0, 1, 0, 1, 0, 1, 1, 1, 0]
Fitness: 1377.538070 	[1, 12, 4, 0, 15, 7, 8, 5, 6, 9, 10, 0, 11, 13, 0, 2, 3, 14, 0, 1, 1, 0, 1, 1, 1, 0, 1, 0, 1, 0, 1, 1, 1, 0]
Fitness: 1436.095651 	[9, 10, 1, 11, 3, 5, 15, 8, 0, 4, 0, 12, 6, 2, 7, 0, 13, 14, 0, 1, 0, 1, 1, 1, 0, 1, 1, 0, 1, 1, 1, 1, 0, 0]
Fitness: 1499.528635 	[6, 12, 7, 9, 0, 10, 1, 11, 3, 5, 15, 14, 8, 0, 4, 0, 2, 13, 0, 1, 1, 0, 1, 1, 1, 0, 1, 0, 1, 0, 1, 1, 1, 0]
Fitness: 1377.538070 	[1, 12, 4, 0, 14, 2, 3, 11, 0, 15, 7, 8, 5, 6, 9, 10, 0, 13, 0, 1, 1, 0, 1, 1, 1, 0, 1, 0, 1, 0, 1, 1, 1, 0]
Fitness: 1499.528635 	[1, 3, 4, 0, 6, 12, 7, 9, 0, 2, 13, 0, 5, 8, 10, 11, 14, 15, 0, 1, 0, 1, 0, 1, 0, 1, 1, 1, 1, 0, 1, 1, 1, 0]
Fitness: 1377.538070 	[13, 0, 15, 7, 8, 5, 6, 9, 10, 0, 14, 2, 3, 11, 0, 1, 12, 4, 0, 1, 1, 1, 1, 0, 1, 1, 0, 0, 1, 0, 1, 1, 1, 0]
Fitness: 1443.870826 	[7, 8, 5, 13, 14, 10, 0, 15, 2, 12, 0, 4, 0, 6, 11, 3, 1, 9, 0, 1, 0, 1, 1, 0, 1, 1, 0, 1, 1, 1, 1, 0, 1, 0]
Fitness: 1377.538070 	[7, 8, 5, 13, 15, 10, 0, 1, 12, 4, 0, 14, 2, 3, 11, 0, 6, 9, 0, 1, 1, 0, 1, 1, 1, 0, 1, 0, 1, 0, 1, 1, 1, 0]
Fitness: 1372.198215 	[4, 0, 14, 12, 7, 0, 6, 2, 13, 0, 9, 10, 1, 11, 3, 5, 15, 8, 0, 0, 1, 1, 0, 1, 0, 1, 1, 1, 0, 1, 1, 1, 1, 0]
Fitness: 1377.538070 	[13, 1, 12, 4, 0, 5, 6, 9, 10, 0, 14, 2, 3, 11, 0, 15, 7, 8, 0, 1, 1, 1, 1, 1, 1, 0, 1, 0, 1, 0, 1, 1, 0, 0]
Fitness: 1372.371985 	[1, 6, 2, 3, 0, 14, 4, 7, 0, 13, 12, 0, 11, 10, 5, 8, 9, 15, 0, 1, 1, 1, 1, 0, 0, 1, 1, 0, 1, 1, 1, 0, 1, 0]
Fitness: 1377.538070 	[15, 7, 8, 0, 5, 6, 9, 10, 0, 14, 2, 3, 11, 0, 13, 1, 12, 4, 0, 1, 1, 0, 1, 1, 0, 1, 1, 0, 1, 0, 1, 1, 1, 0]
Fitness: 1377.538070 	[9, 12, 0, 4, 11, 0, 15, 7, 8, 5, 6, 10, 0, 13, 1, 2, 3, 14, 0, 1, 1, 0, 1, 1, 1, 0, 1, 0, 1, 1, 1, 1, 0, 0]
Fitness: 1377.538070 	[13, 0, 11, 15, 7, 8, 5, 6, 9, 10, 0, 14, 2, 3, 0, 1, 12, 4, 0, 0, 1, 1, 1, 1, 1, 0, 1, 0, 1, 0, 1, 1, 1, 0]
Fitness: 1461.553949 	[4, 0, 6, 2, 13, 0, 12, 7, 9, 0, 10, 1, 11, 3, 5, 15, 14, 8, 0, 1, 0, 1, 0, 1, 1, 1, 1, 1, 1, 0, 0, 1, 1, 0]
Fitness: 1457.251674 	[4, 0, 1, 14, 0, 6, 5, 12, 0, 3, 13, 2, 7, 8, 9, 10, 11, 15, 0, 1, 0, 1, 1, 1, 0, 0, 1, 1, 1, 1, 0, 1, 1, 0]
Fitness: 1377.538070 	[1, 12, 4, 0, 2, 15, 7, 8, 5, 6, 9, 10, 0, 14, 3, 11, 0, 13, 0, 1, 1, 1, 1, 1, 1, 0, 0, 0, 1, 0, 1, 1, 1, 0]
Fitness: 1367.824318 	[4, 0, 15, 7, 8, 5, 6, 9, 10, 0, 14, 2, 11, 0, 3, 1, 13, 12, 0, 0, 1, 1, 1, 1, 0, 1, 1, 0, 1, 0, 1, 1, 1, 0]
Fitness: 1436.095651 	[4, 0, 10, 14, 6, 7, 0, 12, 2, 13, 0, 9, 1, 11, 3, 5, 15, 8, 0, 1, 0, 1, 1, 1, 0, 0, 1, 1, 1, 1, 1, 1, 0, 0]
Fitness: 1396.826317 	[4, 0, 5, 12, 6, 0, 1, 8, 2, 9, 7, 3, 10, 0, 11, 13, 14, 15, 0, 1, 1, 1, 1, 1, 0, 1, 1, 1, 0, 1, 0, 0, 1, 0]
Fitness: 1377.538070 	[1, 13, 4, 12, 0, 14, 2, 3, 11, 0, 7, 8, 0, 15, 5, 6, 9, 10, 0, 1, 1, 1, 1, 1, 1, 0, 1, 0, 1, 0, 0, 1, 1, 0]
Fitness: 1396.826317 	[9, 4, 11, 0, 5, 12, 6, 0, 1, 8, 2, 7, 3, 10, 0, 13, 14, 15, 0, 0, 1, 1, 1, 1, 1, 0, 1, 1, 0, 1, 0, 1, 1, 0]
Fitness: 1461.553949 	[6, 12, 9, 0, 10, 1, 11, 3, 5, 15, 14, 8, 0, 7, 2, 13, 0, 4, 0, 1, 0, 1, 0, 1, 0, 0, 1, 1, 1, 1, 1, 1, 1, 0]
Fitness: 1499.528635 	[1, 12, 11, 0, 7, 8, 5, 6, 9, 10, 0, 15, 4, 0, 2, 13, 3, 14, 0, 1, 0, 1, 0, 1, 1, 1, 1, 1, 1, 0, 1, 0, 1, 0]
Fitness: 1377.538070 	[13, 1, 12, 4, 0, 14, 2, 3, 11, 0, 5, 6, 9, 10, 0, 15, 7, 8, 0, 1, 1, 0, 1, 1, 1, 1, 1, 0, 1, 0, 0, 1, 1, 0]
Fitness: 1375.427066 	[14, 2, 3, 11, 0, 7, 8, 5, 6, 9, 0, 4, 0, 10, 1, 13, 12, 15, 0, 0, 1, 0, 1, 0, 1, 1, 1, 1, 1, 0, 1, 1, 1, 0]
Fitness: 1406.108549 	[1, 8, 2, 9, 7, 3, 10, 0, 11, 12, 0, 13, 15, 5, 14, 0, 6, 4, 0, 1, 1, 1, 0, 1, 1, 0, 1, 0, 1, 1, 0, 1, 1, 0]
Fitness: 1375.604375 	[12, 6, 0, 4, 11, 0, 5, 1, 8, 2, 9, 7, 3, 10, 0, 13, 14, 15, 0, 0, 1, 1, 1, 1, 1, 0, 1, 1, 0, 1, 0, 1, 1, 0]
Fitness: 1372.371985 	[1, 6, 2, 3, 0, 12, 0, 14, 4, 7, 0, 13, 11, 10, 5, 8, 9, 15, 0, 1, 0, 1, 1, 0, 1, 1, 1, 1, 0, 1, 1, 0, 1, 0]
Fitness: 1410.191540 	[12, 0, 4, 11, 0, 1, 8, 2, 9, 7, 10, 0, 3, 13, 6, 15, 5, 14, 0, 0, 1, 0, 1, 1, 1, 1, 1, 1, 0, 1, 0, 1, 1, 0]
Fitness: 1443.870826 	[7, 8, 5, 13, 14, 0, 15, 2, 12, 0, 10, 4, 0, 6, 11, 3, 1, 9, 0, 1, 1, 1, 1, 0, 1, 1, 0, 1, 1, 1, 1, 0, 0, 0]
Fitness: 1414.994397 	[3, 6, 0, 2, 11, 0, 1, 8, 9, 12, 7, 5, 10, 0, 14, 4, 13, 15, 0, 1, 0, 1, 1, 1, 1, 1, 1, 1, 1, 0, 0, 0, 1, 0]
Fitness: 1362.082725 	[8, 14, 4, 13, 7, 0, 12, 0, 1, 6, 2, 3, 0, 11, 10, 5, 9, 15, 0, 1, 1, 1, 0, 0, 1, 1, 1, 0, 1, 1, 1, 0, 1, 0]
Fitness: 1375.427066 	[14, 2, 3, 0, 11, 7, 8, 5, 6, 9, 10, 0, 4, 0, 1, 13, 12, 15, 0, 1, 1, 0, 1, 0, 1, 0, 1, 1, 1, 0, 1, 1, 1, 0]
Fitness: 1377.538070 	[13, 4, 1, 12, 0, 5, 6, 9, 10, 0, 14, 2, 3, 11, 0, 15, 7, 8, 0, 1, 1, 0, 1, 1, 0, 0, 1, 1, 1, 0, 1, 1, 1, 0]
Fitness: 1377.538070 	[1, 12, 4, 0, 2, 15, 7, 8, 5, 6, 9, 10, 0, 14, 3, 11, 0, 13, 0, 1, 1, 0, 1, 1, 1, 0, 0, 0, 1, 1, 1, 1, 1, 0]
Fitness: 1377.538070 	[1, 12, 0, 14, 2, 3, 11, 0, 15, 7, 8, 5, 6, 9, 10, 0, 4, 13, 0, 1, 1, 0, 1, 1, 1, 1, 1, 0, 0, 0, 1, 1, 1, 0]
Fitness: 1377.538070 	[1, 4, 0, 12, 15, 7, 8, 5, 6, 9, 10, 0, 14, 2, 3, 11, 0, 13, 0, 1, 1, 1, 1, 1, 1, 0, 1, 0, 1, 0, 1, 0, 1, 0]
Fitness: 1436.095651 	[13, 0, 4, 1, 12, 2, 3, 0, 14, 6, 7, 0, 5, 8, 9, 10, 11, 15, 0, 1, 0, 1, 1, 1, 0, 1, 1, 1, 1, 0, 1, 1, 0, 0]
Fitness: 1372.411533 	[1, 2, 3, 0, 4, 7, 11, 0, 13, 6, 5, 12, 0, 8, 9, 10, 14, 15, 0, 1, 0, 1, 1, 0, 0, 1, 0, 1, 1, 1, 1, 1, 1, 0]
Fitness: 1414.994397 	[6, 0, 10, 2, 11, 0, 1, 8, 9, 12, 7, 5, 0, 14, 4, 3, 13, 15, 0, 1, 0, 1, 1, 0, 1, 1, 1, 1, 1, 0, 1, 0, 1, 0]
Fitness: 1391.737462 	[3, 4, 0, 14, 9, 2, 11, 12, 15, 0, 1, 8, 6, 7, 5, 10, 0, 13, 0, 0, 1, 0, 0, 1, 1, 1, 1, 1, 0, 1, 1, 1, 1, 0]
Fitness: 1377.538070 	[1, 12, 0, 4, 15, 7, 8, 5, 6, 9, 10, 0, 14, 2, 3, 11, 0, 13, 0, 0, 1, 0, 1, 1, 1, 1, 1, 0, 1, 0, 1, 1, 1, 0]
Fitness: 1377.538070 	[15, 7, 8, 0, 5, 6, 9, 10, 0, 13, 14, 2, 3, 11, 0, 1, 12, 4, 0, 1, 1, 0, 1, 1, 1, 1, 1, 0, 1, 0, 1, 1, 0, 0]
Fitness: 1410.191540 	[12, 0, 4, 11, 0, 1, 8, 2, 7, 3, 10, 0, 9, 13, 6, 15, 5, 14, 0, 0, 1, 1, 1, 0, 0, 1, 1, 1, 1, 1, 0, 1, 1, 0]
Fitness: 1499.528635 	[6, 12, 7, 9, 0, 10, 1, 11, 3, 5, 15, 14, 8, 0, 13, 4, 0, 2, 0, 1, 1, 1, 0, 1, 0, 1, 1, 1, 0, 0, 1, 1, 1, 0]
Fitness: 1377.538070 	[12, 4, 0, 1, 15, 7, 8, 5, 6, 9, 10, 0, 14, 2, 3, 11, 0, 13, 0, 1, 1, 0, 1, 1, 1, 1, 0, 0, 1, 0, 1, 1, 1, 0]
Fitness: 1499.528635 	[6, 12, 7, 9, 0, 10, 1, 11, 3, 5, 14, 8, 0, 15, 4, 0, 2, 13, 0, 1, 0, 0, 1, 1, 0, 1, 1, 1, 1, 0, 1, 1, 1, 0]
Fitness: 1436.095651 	[4, 0, 12, 14, 6, 7, 0, 2, 13, 0, 9, 10, 1, 11, 3, 5, 15, 8, 0, 1, 0, 1, 1, 1, 1, 1, 1, 1, 0, 1, 0, 1, 0, 0]
Fitness: 1424.014207 	[15, 1, 9, 6, 2, 0, 7, 8, 5, 13, 14, 10, 0, 3, 11, 0, 12, 4, 0, 1, 0, 1, 1, 1, 1, 0, 1, 1, 0, 1, 1, 1, 0, 0]
Fitness: 1375.427066 	[10, 6, 2, 7, 9, 0, 1, 13, 12, 15, 0, 4, 0, 3, 5, 8, 11, 14, 0, 0, 1, 1, 1, 0, 1, 1, 0, 1, 1, 0, 1, 1, 1, 0]
Fitness: 1442.346948 	[15, 3, 12, 11, 0, 7, 8, 5, 13, 14, 10, 0, 1, 9, 6, 2, 0, 4, 0, 1, 0, 0, 1, 0, 1, 0, 1, 1, 1, 1, 1, 1, 1, 0]
Fitness: 1377.538070 	[13, 0, 4, 15, 7, 8, 5, 6, 9, 10, 0, 14, 2, 3, 11, 0, 1, 12, 0, 1, 1, 1, 0, 1, 1, 0, 1, 0, 1, 0, 1, 1, 1, 0]
Fitness: 1377.538070 	[1, 12, 4, 0, 15, 7, 8, 5, 6, 9, 10, 0, 2, 3, 11, 0, 14, 13, 0, 1, 1, 0, 1, 1, 1, 0, 1, 1, 1, 0, 1, 0, 1, 0]
Fitness: 1377.538070 	[1, 12, 4, 0, 5, 6, 9, 10, 0, 14, 2, 3, 11, 0, 13, 15, 7, 8, 0, 1, 1, 0, 1, 1, 1, 0, 0, 1, 1, 0, 1, 1, 1, 0]
Fitness: 1375.604375 	[5, 12, 6, 0, 4, 11, 0, 13, 1, 8, 2, 9, 7, 3, 10, 0, 14, 15, 0, 0, 1, 1, 1, 1, 0, 0, 1, 1, 1, 1, 0, 1, 1, 0]
Fitness: 1377.538070 	[15, 7, 8, 0, 5, 6, 9, 10, 0, 14, 2, 3, 11, 0, 13, 1, 12, 4, 0, 1, 1, 0, 1, 1, 0, 0, 1, 1, 1, 0, 1, 1, 1, 0]
Fitness: 1377.538070 	[2, 13, 0, 1, 4, 12, 0, 14, 3, 11, 0, 15, 7, 8, 5, 6, 9, 10, 0, 1, 1, 1, 1, 0, 1, 0, 1, 0, 1, 0, 1, 1, 1, 0]
Fitness: 1377.538070 	[1, 12, 4, 0, 15, 7, 8, 5, 6, 9, 10, 0, 13, 0, 14, 2, 3, 11, 0, 0, 1, 1, 1, 1, 1, 0, 1, 0, 1, 0, 1, 1, 1, 0]
Fitness: 1377.538070 	[15, 7, 8, 5, 6, 9, 10, 0, 1, 12, 4, 0, 14, 2, 3, 11, 0, 13, 0, 1, 1, 0, 1, 1, 1, 0, 1, 0, 1, 0, 1, 1, 1, 0]
Fitness: 1375.427066 	[4, 0, 1, 13, 12, 15, 0, 14, 2, 3, 11, 0, 7, 8, 5, 6, 9, 10, 0, 0, 1, 1, 1, 0, 1, 0, 1, 1, 1, 0, 1, 1, 1, 0]
Fitness: 1443.870826 	[7, 8, 5, 13, 14, 10, 0, 15, 2, 12, 0, 6, 11, 3, 1, 9, 0, 4, 0, 1, 0, 1, 1, 0, 1, 1, 0, 1, 1, 1, 1, 0, 1, 0]
Fitness: 1377.538070 	[13, 1, 12, 4, 0, 5, 6, 9, 10, 0, 15, 7, 8, 0, 14, 2, 3, 11, 0, 1, 1, 1, 1, 1, 1, 0, 1, 0, 1, 0, 1, 1, 0, 0]
Fitness: 1377.538070 	[1, 12, 4, 0, 14, 2, 3, 11, 0, 15, 7, 8, 5, 6, 9, 10, 0, 13, 0, 1, 1, 0, 1, 1, 1, 0, 1, 0, 1, 0, 1, 1, 1, 0]
Fitness: 1442.346948 	[7, 8, 5, 13, 14, 10, 0, 4, 0, 3, 12, 11, 0, 1, 2, 6, 9, 15, 0, 1, 0, 1, 1, 0, 1, 0, 1, 1, 0, 1, 1, 1, 1, 0]
Fitness: 1362.082725 	[8, 14, 4, 13, 7, 0, 1, 6, 2, 3, 0, 12, 0, 11, 10, 5, 9, 15, 0, 1, 1, 1, 0, 0, 1, 1, 1, 0, 1, 1, 1, 0, 1, 0]
Fitness: 1436.095651 	[9, 10, 1, 11, 3, 5, 15, 8, 0, 14, 6, 7, 0, 12, 2, 13, 0, 4, 0, 1, 0, 1, 1, 1, 0, 1, 1, 0, 1, 1, 1, 1, 0, 0]
Fitness: 1377.538070 	[1, 12, 4, 0, 14, 2, 3, 11, 0, 15, 7, 8, 5, 6, 9, 10, 0, 13, 0, 1, 1, 0, 1, 1, 1, 0, 1, 0, 1, 0, 1, 1, 1, 0]
Fitness: 1372.411533 	[1, 2, 3, 0, 13, 6, 5, 12, 8, 9, 10, 14, 15, 0, 4, 0, 7, 11, 0, 1, 0, 1, 1, 0, 1, 1, 0, 1, 1, 1, 1, 0, 1, 0]
Fitness: 1461.553949 	[4, 0, 10, 1, 11, 3, 5, 15, 14, 8, 0, 2, 13, 0, 6, 12, 7, 9, 0, 1, 0, 1, 0, 1, 0, 1, 1, 1, 1, 0, 1, 1, 1, 0]
Fitness: 1366.048938 	[13, 6, 4, 11, 0, 8, 2, 9, 7, 3, 10, 0, 12, 0, 15, 1, 5, 14, 0, 0, 1, 1, 1, 1, 0, 1, 1, 1, 0, 1, 0, 1, 1, 0]
Fitness: 1377.538070 	[14, 2, 3, 11, 0, 15, 7, 8, 5, 6, 9, 10, 0, 1, 12, 4, 0, 13, 0, 1, 1, 0, 1, 1, 1, 0, 1, 0, 1, 0, 1, 1, 1, 0]
Fitness: 1377.538070 	[9, 12, 0, 15, 7, 8, 5, 6, 10, 0, 4, 11, 0, 13, 1, 2, 3, 14, 0, 1, 1, 0, 1, 1, 1, 0, 1, 0, 1, 1, 1, 1, 0, 0]
Fitness: 1431.052479 	[4, 0, 13, 2, 7, 8, 9, 10, 11, 15, 0, 6, 1, 3, 14, 0, 5, 12, 0, 1, 0, 1, 1, 1, 1, 0, 1, 0, 1, 1, 0, 1, 1, 0]
Fitness: 1377.538070 	[13, 0, 14, 2, 3, 11, 0, 15, 7, 8, 5, 6, 9, 10, 0, 1, 12, 4, 0, 1, 1, 0, 1, 1, 1, 0, 1, 0, 1, 0, 1, 1, 1, 0]
Fitness: 1424.014207 	[15, 1, 9, 6, 2, 0, 4, 0, 3, 12, 11, 0, 7, 8, 5, 13, 14, 10, 0, 1, 0, 1, 0, 1, 1, 0, 1, 1, 0, 1, 1, 1, 1, 0]
Fitness: 1377.538070 	[15, 7, 8, 5, 6, 9, 10, 0, 14, 2, 3, 11, 0, 1, 12, 4, 0, 13, 0, 1, 1, 0, 1, 1, 1, 0, 1, 0, 1, 0, 1, 1, 1, 0]
Fitness: 1375.604375 	[5, 12, 6, 0, 1, 8, 2, 9, 7, 3, 10, 0, 4, 11, 0, 13, 14, 15, 0, 0, 1, 1, 1, 1, 0, 1, 1, 1, 0, 1, 0, 1, 1, 0]
Fitness: 1443.870826 	[7, 8, 5, 13, 14, 10, 0, 15, 2, 12, 0, 6, 11, 3, 1, 9, 0, 4, 0, 1, 0, 1, 1, 0, 1, 1, 0, 1, 1, 1, 1, 0, 1, 0]
Fitness: 1391.737462 	[3, 4, 0, 13, 0, 1, 8, 6, 7, 5, 10, 0, 14, 9, 2, 11, 12, 15, 0, 0, 1, 0, 0, 1, 1, 1, 1, 1, 0, 1, 1, 1, 1, 0]
Fitness: 1461.553949 	[6, 12, 7, 9, 0, 10, 1, 11, 3, 5, 15, 14, 8, 0, 4, 0, 2, 13, 0, 1, 0, 1, 0, 1, 0, 1, 1, 1, 1, 0, 1, 1, 1, 0]
Fitness: 1396.826317 	[4, 11, 0, 5, 12, 6, 0, 13, 14, 15, 0, 1, 8, 2, 9, 7, 3, 10, 0, 1, 1, 0, 1, 1, 1, 0, 1, 1, 0, 1, 0, 1, 1, 0]
Fitness: 1461.553949 	[4, 0, 10, 1, 11, 3, 5, 15, 14, 8, 0, 2, 13, 0, 6, 12, 7, 9, 0, 1, 0, 1, 0, 1, 0, 1, 1, 1, 1, 0, 1, 1, 1, 0]
Fitness: 1391.737462 	[14, 9, 3, 2, 11, 12, 15, 0, 4, 0, 6, 13, 0, 10, 1, 7, 5, 8, 0, 0, 1, 0, 1, 1, 1, 0, 1, 1, 0, 1, 1, 1, 1, 0]
Fitness: 1461.553949 	[6, 12, 7, 9, 0, 4, 0, 2, 13, 0, 10, 1, 11, 3, 5, 15, 14, 8, 0, 1, 0, 1, 0, 1, 0, 1, 1, 1, 1, 0, 1, 1, 1, 0]
Fitness: 1375.427066 	[11, 7, 8, 5, 6, 9, 10, 0, 14, 2, 3, 0, 4, 0, 1, 13, 12, 15, 0, 1, 1, 0, 1, 0, 1, 0, 1, 1, 1, 0, 1, 1, 1, 0]
Fitness: 1377.538070 	[13, 0, 1, 12, 4, 0, 14, 2, 3, 11, 0, 15, 7, 8, 5, 6, 9, 10, 0, 1, 1, 0, 1, 1, 1, 0, 1, 0, 1, 1, 1, 0, 1, 0]
Fitness: 1372.198215 	[2, 13, 0, 14, 6, 12, 7, 0, 4, 0, 9, 10, 1, 11, 3, 5, 15, 8, 0, 0, 1, 1, 1, 1, 0, 1, 1, 1, 0, 1, 1, 1, 0, 0]
Fitness: 1377.538070 	[13, 4, 1, 12, 0, 15, 7, 8, 0, 14, 2, 3, 11, 0, 5, 6, 9, 10, 0, 1, 1, 0, 1, 1, 0, 0, 1, 1, 1, 0, 1, 1, 1, 0]
Fitness: 1499.528635 	[6, 12, 7, 9, 0, 4, 0, 10, 1, 11, 3, 5, 15, 14, 8, 0, 2, 13, 0, 1, 1, 0, 1, 1, 1, 0, 1, 0, 1, 0, 1, 1, 1, 0]
Fitness: 1377.538070 	[13, 0, 1, 12, 4, 0, 14, 2, 3, 11, 0, 15, 7, 8, 5, 6, 9, 10, 0, 1, 1, 0, 1, 1, 1, 0, 1, 0, 1, 0, 1, 1, 1, 0]
Fitness: 1375.604375 	[5, 12, 6, 0, 13, 14, 15, 0, 1, 8, 2, 9, 7, 3, 10, 0, 4, 11, 0, 0, 1, 1, 1, 1, 0, 1, 1, 1, 0, 1, 0, 1, 1, 0]
Fitness: 1375.427066 	[14, 2, 3, 11, 0, 10, 1, 13, 12, 15, 0, 4, 0, 7, 8, 5, 6, 9, 0, 0, 1, 0, 1, 0, 1, 1, 1, 1, 1, 0, 1, 1, 1, 0]
Fitness: 1377.538070 	[7, 8, 5, 13, 15, 10, 0, 14, 2, 3, 11, 0, 1, 12, 4, 0, 6, 9, 0, 1, 1, 0, 1, 1, 1, 0, 1, 0, 1, 0, 1, 1, 1, 0]
Fitness: 1372.371985 	[1, 6, 2, 3, 0, 12, 0, 14, 4, 13, 7, 0, 11, 10, 5, 8, 9, 15, 0, 1, 0, 1, 1, 0, 1, 1, 1, 0, 1, 1, 1, 0, 1, 0]
Fitness: 1377.538070 	[15, 7, 8, 5, 6, 9, 10, 0, 14, 2, 3, 11, 0, 1, 12, 4, 0, 13, 0, 1, 1, 0, 1, 1, 1, 0, 1, 0, 1, 0, 1, 1, 1, 0]
Fitness: 1499.528635 	[6, 12, 7, 9, 0, 2, 13, 0, 15, 4, 0, 10, 1, 11, 3, 5, 14, 8, 0, 1, 0, 0, 1, 1, 0, 1, 1, 1, 1, 0, 1, 1, 1, 0]
Fitness: 1406.108549 	[11, 12, 0, 1, 8, 2, 9, 7, 3, 10, 0, 13, 15, 5, 14, 0, 6, 4, 0, 1, 1, 1, 0, 1, 1, 0, 1, 0, 1, 1, 0, 1, 1, 0]
Fitness: 1377.538070 	[13, 0, 1, 12, 0, 14, 2, 3, 11, 0, 4, 15, 7, 8, 5, 6, 9, 10, 0, 1, 1, 1, 0, 1, 1, 0, 1, 0, 1, 0, 1, 1, 1, 0]
Fitness: 1375.427066 	[14, 2, 3, 11, 0, 7, 8, 5, 6, 9, 10, 0, 4, 0, 1, 13, 12, 15, 0, 0, 1, 1, 1, 0, 1, 0, 1, 1, 1, 0, 1, 1, 1, 0]
Fitness: 1377.538070 	[1, 12, 4, 0, 15, 7, 8, 5, 6, 9, 10, 0, 13, 14, 2, 3, 0, 11, 0, 1, 1, 0, 1, 1, 1, 0, 1, 0, 1, 0, 1, 1, 1, 0]
Fitness: 1422.241557 	[13, 14, 7, 0, 11, 10, 5, 8, 9, 15, 0, 1, 6, 2, 3, 0, 4, 12, 0, 1, 0, 1, 1, 0, 1, 1, 1, 0, 1, 1, 1, 0, 1, 0]
Fitness: 1457.251674 	[13, 2, 7, 8, 9, 10, 11, 15, 0, 1, 3, 14, 0, 6, 5, 12, 0, 4, 0, 1, 0, 1, 1, 1, 1, 0, 1, 0, 1, 1, 0, 1, 1, 0]
Fitness: 1377.538070 	[1, 12, 4, 0, 13, 0, 14, 2, 3, 11, 0, 15, 7, 8, 5, 6, 9, 10, 0, 1, 1, 0, 1, 1, 1, 0, 1, 0, 1, 0, 1, 1, 1, 0]
Fitness: 1362.082725 	[14, 4, 13, 7, 0, 1, 6, 2, 3, 0, 12, 0, 11, 10, 5, 8, 9, 15, 0, 1, 0, 1, 1, 0, 1, 1, 1, 0, 1, 1, 1, 0, 1, 0]
Fitness: 1377.538070 	[1, 12, 4, 0, 13, 0, 15, 7, 8, 5, 6, 9, 10, 0, 14, 2, 3, 11, 0, 1, 1, 0, 1, 1, 1, 0, 1, 0, 1, 0, 1, 1, 1, 0]
Fitness: 1377.538070 	[14, 2, 3, 11, 0, 15, 7, 8, 5, 6, 9, 10, 0, 4, 1, 12, 0, 13, 0, 1, 1, 0, 1, 1, 1, 0, 1, 0, 1, 0, 1, 1, 1, 0]
Fitness: 1375.604375 	[4, 11, 0, 5, 12, 6, 0, 1, 8, 2, 9, 7, 3, 10, 0, 13, 14, 15, 0, 0, 1, 1, 1, 1, 0, 1, 1, 1, 0, 1, 0, 1, 1, 0]
Time: 0.41435