Fitness: 1565.793554 	[4, 0, 12, 2, 13, 0, 14, 6, 7, 0, 9, 10, 1, 11, 3, 5, 15, 8, 0, 1, 0, 1, 1, 1, 0, 1, 1, 1, 0, 1, 1, 0, 1, 0]
Fitness: 1541.918052 	[12, 2, 7, 3, 10, 0, 4, 0, 13, 6, 0, 14, 11, 8, 15, 1, 9, 5, 0, 0, 1, 1, 0, 1, 1, 1, 1, 0, 1, 1, 1, 0, 1, 0]
Fitness: 1541.918052 	[12, 2, 7, 3, 10, 0, 4, 0, 13, 6, 0, 14, 11, 8, 15, 1, 9, 5, 0, 0, 1, 1, 0, 1, 1, 1, 1, 0, 1, 1, 1, 0, 1, 0]
Fitness: 1534.822332 	[10, 1, 7, 5, 8, 0, 14, 9, 3, 2, 11, 12, 15, 0, 6, 13, 0, 4, 0, 1, 0, 1, 0, 1, 1, 0, 1, 1, 0, 1, 1, 1, 1, 0]
Fitness: 1534.822332 	[10, 1, 7, 5, 8, 0, 14, 9, 3, 2, 11, 12, 15, 0, 6, 13, 0, 4, 0, 1, 0, 1, 0, 1, 1, 0, 1, 1, 0, 1, 1, 1, 1, 0]
Fitness: 1513.136988 	[14, 11, 8, 15, 1, 9, 5, 0, 4, 0, 13, 6, 0, 12, 2, 7, 3, 10, 0, 0, 1, 1, 0, 1, 1, 1, 1, 0, 1, 1, 1, 0, 1, 0]
Fitness: 1513.136988 	[14, 11, 8, 15, 1, 9, 5, 0, 4, 0, 13, 6, 0, 12, 2, 7, 3, 10, 0, 0, 1, 1, 0, 1, 1, 1, 1, 0, 1, 1, 1, 0, 1, 0]
Fitness: 1504.259671 	[4, 0, 14, 6, 7, 0, 12, 2, 13, 0, 9, 10, 1, 11, 3, 5, 15, 8, 0, 1, 0, 1, 1, 1, 0, 1, 1, 1, 0, 1, 1, 0, 1, 0]
Fitness: 1499.528635 	[5, 14, 8, 3, 1, 11, 10, 15, 0, 6, 12, 7, 9, 0, 2, 13, 0, 4, 0, 1, 0, 1, 0, 1, 0, 1, 1, 1, 0, 1, 1, 1, 1, 0]
Fitness: 1499.528635 	[10, 1, 11, 3, 5, 15, 14, 8, 0, 6, 12, 7, 9, 0, 4, 0, 2, 13, 0, 1, 0, 1, 0, 1, 0, 1, 1, 1, 1, 0, 1, 1, 1, 0]
Fitness: 1499.528635 	[10, 1, 11, 3, 5, 15, 14, 8, 0, 6, 12, 7, 9, 0, 4, 0, 2, 13, 0, 1, 0, 1, 0, 1, 0, 1, 1, 1, 1, 0, 1, 1, 1, 0]
Fitness: 1499.528635 	[6, 12, 7, 9, 0, 10, 1, 11, 3, 5, 15, 14, 8, 0, 4, 0, 2, 13, 0, 1, 0, 1, 0, 1, 0, 1, 1, 1, 1, 0, 1, 1, 1, 0]
Fitness: 1499.528635 	[6, 12, 7, 9, 0, 10, 1, 11, 3, 5, 15, 14, 8, 0, 2, 13, 0, 4, 0, 1, 0, 1, 0, 1, 0, 1, 1, 1, 0, 1, 1, 1, 1, 0]
Fitness: 1499.528635 	[6, 12, 7, 9, 0, 10, 1, 11, 3, 5, 15, 14, 8, 0, 4, 0, 2, 13, 0, 1, 0, 1, 0, 1, 0, 1, 1, 1, 1, 0, 1, 1, 1, 0]
Fitness: 1499.528635 	[6, 12, 7, 9, 0, 10, 1, 11, 3, 5, 15, 14, 8, 0, 4, 0, 2, 13, 0, 1, 0, 1, 0, 1, 0, 1, 1, 1, 1, 0, 1, 1, 1, 0]
Fitness: 1499.528635 	[6, 12, 7, 9, 0, 10, 1, 11, 3, 5, 15, 14, 8, 0, 4, 0, 2, 13, 0, 1, 0, 1, 0, 1, 0, 1, 1, 1, 1, 0, 1, 1, 1, 0]
Fitness: 1499.528635 	[6, 12, 7, 9, 0, 10, 1, 11, 3, 5, 15, 14, 8, 0, 4, 0, 2, 13, 0, 1, 0, 1, 0, 1, 0, 1, 1, 1, 1, 0, 1, 1, 1, 0]
Fitness: 1499.528635 	[6, 12, 7, 9, 0, 10, 1, 11, 3, 5, 15, 14, 8, 0, 4, 0, 2, 13, 0, 1, 0, 1, 0, 1, 0, 1, 1, 1, 1, 0, 1, 1, 1, 0]
Fitness: 1499.528635 	[6, 12, 7, 9, 0, 10, 1, 11, 3, 5, 15, 14, 8, 0, 4, 0, 2, 13, 0, 1, 0, 1, 0, 1, 0, 1, 1, 1, 1, 0, 1, 1, 1, 0]
Fitness: 1495.883358 	[4, 0, 13, 2, 7, 8, 9, 10, 11, 15, 0, 6, 1, 3, 14, 0, 5, 12, 0, 1, 0, 1, 1, 1, 1, 0, 1, 0, 1, 1, 0, 1, 1, 0]
Fitness: 1495.883358 	[4, 0, 13, 2, 7, 8, 9, 10, 11, 15, 0, 6, 1, 3, 14, 0, 5, 12, 0, 1, 0, 1, 1, 1, 1, 0, 1, 0, 1, 1, 0, 1, 1, 0]
Fitness: 1495.883358 	[4, 0, 13, 2, 7, 8, 9, 10, 11, 15, 0, 5, 12, 0, 6, 1, 3, 14, 0, 1, 0, 1, 1, 1, 1, 0, 1, 0, 1, 1, 0, 1, 1, 0]
Fitness: 1481.726233 	[1, 12, 11, 0, 15, 2, 3, 6, 9, 0, 7, 8, 5, 13, 14, 10, 0, 4, 0, 1, 0, 1, 1, 0, 1, 0, 1, 1, 0, 1, 1, 1, 1, 0]
Fitness: 1480.969810 	[1, 12, 4, 0, 14, 2, 3, 11, 0, 15, 7, 8, 5, 6, 9, 10, 0, 13, 0, 1, 0, 1, 1, 1, 1, 0, 1, 0, 1, 0, 1, 1, 1, 0]
Fitness: 1480.969810 	[1, 12, 4, 0, 14, 2, 3, 11, 0, 15, 7, 8, 5, 6, 9, 10, 0, 13, 0, 1, 0, 1, 1, 1, 1, 0, 1, 0, 1, 0, 1, 1, 1, 0]
Fitness: 1480.969810 	[1, 12, 4, 0, 15, 7, 8, 5, 6, 9, 10, 0, 14, 2, 3, 11, 0, 13, 0, 1, 0, 1, 1, 1, 1, 0, 1, 0, 1, 0, 1, 1, 1, 0]
Fitness: 1480.969810 	[1, 12, 4, 0, 15, 7, 8, 5, 6, 9, 10, 0, 14, 2, 3, 11, 0, 13, 0, 1, 0, 1, 1, 1, 1, 0, 1, 0, 1, 0, 1, 1, 1, 0]
Fitness: 1480.969810 	[1, 12, 4, 0, 15, 7, 8, 5, 6, 9, 10, 0, 14, 2, 3, 11, 0, 13, 0, 1, 0, 1, 1, 1, 1, 0, 1, 0, 1, 0, 1, 1, 1, 0]
Fitness: 1480.969810 	[1, 12, 4, 0, 15, 7, 8, 5, 6, 9, 10, 0, 14, 2, 3, 11, 0, 13, 0, 1, 0, 1, 1, 1, 1, 0, 1, 0, 1, 0, 1, 1, 1, 0]
Fitness: 1476.255987 	[13, 0, 12, 15, 7, 8, 5, 6, 9, 10, 0, 14, 2, 3, 11, 0, 1, 4, 0, 1, 0, 1, 1, 1, 1, 0, 1, 0, 1, 0, 1, 1, 1, 0]
Fitness: 1476.255987 	[13, 0, 12, 15, 7, 8, 5, 6, 9, 10, 0, 14, 2, 3, 11, 0, 1, 4, 0, 1, 0, 1, 1, 1, 1, 0, 1, 0, 1, 0, 1, 1, 1, 0]
Fitness: 1472.080913 	[4, 0, 14, 6, 7, 0, 12, 2, 13, 0, 9, 10, 1, 11, 3, 5, 15, 8, 0, 1, 0, 1, 1, 1, 1, 0, 1, 1, 0, 1, 1, 1, 0, 0]
Fitness: 1472.080913 	[12, 2, 13, 0, 14, 6, 7, 0, 4, 0, 9, 10, 1, 11, 3, 5, 15, 8, 0, 1, 0, 1, 1, 1, 0, 1, 1, 0, 1, 1, 1, 1, 0, 0]
Fitness: 1472.080913 	[12, 2, 13, 0, 14, 6, 7, 0, 4, 0, 9, 10, 1, 11, 3, 5, 15, 8, 0, 1, 0, 1, 1, 1, 0, 1, 1, 0, 1, 1, 1, 1, 0, 0]
Fitness: 1470.756109 	[4, 0, 15, 7, 8, 5, 6, 9, 10, 0, 14, 2, 11, 0, 3, 1, 13, 12, 0, 0, 1, 1, 1, 1, 1, 0, 1, 0, 1, 1, 0, 1, 1, 0]
Fitness: 1470.756109 	[4, 0, 15, 7, 8, 5, 6, 9, 10, 0, 3, 1, 13, 12, 0, 14, 2, 11, 0, 0, 1, 1, 1, 1, 1, 0, 1, 0, 1, 1, 0, 1, 1, 0]
Fitness: 1470.756109 	[4, 0, 15, 7, 8, 5, 6, 9, 10, 0, 3, 1, 13, 12, 0, 14, 2, 11, 0, 0, 1, 1, 1, 1, 1, 0, 1, 0, 1, 1, 0, 1, 1, 0]
Fitness: 1467.145450 	[1, 4, 0, 12, 15, 7, 8, 5, 6, 9, 10, 0, 14, 2, 3, 11, 0, 13, 0, 1, 0, 1, 1, 1, 1, 0, 1, 0, 1, 0, 1, 1, 1, 0]
Fitness: 1467.145450 	[1, 4, 0, 12, 15, 7, 8, 5, 6, 9, 10, 0, 14, 2, 3, 11, 0, 13, 0, 1, 0, 1, 1, 1, 1, 0, 1, 0, 1, 0, 1, 1, 1, 0]
Fitness: 1467.145450 	[1, 4, 0, 12, 15, 7, 8, 5, 6, 9, 10, 0, 14, 2, 3, 11, 0, 13, 0, 1, 0, 1, 1, 1, 1, 0, 1, 0, 1, 0, 1, 1, 1, 0]
Fitness: 1464.836424 	[1, 12, 11, 0, 15, 7, 8, 5, 6, 9, 10, 0, 4, 0, 2, 13, 3, 14, 0, 1, 0, 1, 0, 1, 0, 1, 1, 1, 1, 0, 1, 1, 1, 0]
Fitness: 1464.836424 	[1, 12, 11, 0, 15, 7, 8, 5, 6, 9, 10, 0, 4, 0, 2, 13, 3, 14, 0, 1, 0, 1, 0, 1, 0, 1, 1, 1, 1, 0, 1, 1, 1, 0]
Fitness: 1461.553949 	[10, 1, 11, 3, 5, 15, 14, 8, 0, 6, 12, 7, 9, 0, 2, 13, 0, 4, 0, 1, 0, 1, 0, 1, 0, 1, 1, 1, 1, 0, 1, 1, 1, 0]
Fitness: 1461.553949 	[10, 1, 11, 3, 5, 15, 14, 8, 0, 6, 12, 7, 9, 0, 2, 13, 0, 4, 0, 1, 0, 1, 0, 1, 0, 1, 1, 1, 1, 0, 1, 1, 1, 0]
Fitness: 1461.553949 	[10, 1, 11, 3, 5, 15, 14, 8, 0, 6, 12, 7, 9, 0, 2, 13, 0, 4, 0, 1, 0, 1, 0, 1, 0, 1, 1, 1, 1, 0, 1, 1, 1, 0]
Fitness: 1461.553949 	[10, 1, 11, 3, 5, 15, 14, 8, 0, 6, 12, 7, 9, 0, 2, 13, 0, 4, 0, 1, 0, 1, 0, 1, 0, 1, 1, 1, 1, 0, 1, 1, 1, 0]
Fitness: 1461.553949 	[6, 12, 7, 9, 0, 10, 1, 11, 3, 5, 15, 14, 8, 0, 2, 13, 0, 4, 0, 1, 0, 1, 0, 1, 0, 1, 1, 1, 1, 0, 1, 1, 1, 0]
Fitness: 1461.553949 	[6, 12, 7, 9, 0, 10, 1, 11, 3, 5, 15, 14, 8, 0, 2, 13, 0, 4, 0, 1, 0, 1, 0, 1, 0, 1, 1, 1, 1, 0, 1, 1, 1, 0]
Fitness: 1461.553949 	[6, 12, 7, 9, 0, 10, 1, 11, 3, 5, 15, 14, 8, 0, 2, 13, 0, 4, 0, 1, 0, 1, 0, 1, 0, 1, 1, 1, 1, 0, 1, 1, 1, 0]
Fitness: 1461.553949 	[6, 12, 7, 9, 0, 10, 1, 11, 3, 5, 15, 14, 8, 0, 2, 13, 0, 4, 0, 1, 0, 1, 0, 1, 0, 1, 1, 1, 1, 0, 1, 1, 1, 0]
Fitness: 1461.553949 	[6, 12, 7, 9, 0, 10, 1, 11, 3, 5, 15, 14, 8, 0, 2, 13, 0, 4, 0, 1, 0, 1, 0, 1, 0, 1, 1, 1, 1, 0, 1, 1, 1, 0]
Fitness: 1461.553949 	[6, 12, 7, 9, 0, 10, 1, 11, 3, 5, 15, 14, 8, 0, 2, 13, 0, 4, 0, 1, 0, 1, 0, 1, 0, 1, 1, 1, 1, 0, 1, 1, 1, 0]
Fitness: 1461.553949 	[6, 12, 7, 9, 0, 10, 1, 11, 3, 5, 15, 14, 8, 0, 2, 13, 0, 4, 0, 1, 0, 1, 0, 1, 0, 1, 1, 1, 1, 0, 1, 1, 1, 0]
Fitness: 1461.553949 	[6, 12, 7, 9, 0, 10, 1, 11, 3, 5, 15, 14, 8, 0, 2, 13, 0, 4, 0, 1, 0, 1, 0, 1, 0, 1, 1, 1, 1, 0, 1, 1, 1, 0]
Fitness: 1461.553949 	[6, 12, 7, 9, 0, 10, 1, 11, 3, 5, 15, 14, 8, 0, 2, 13, 0, 4, 0, 1, 0, 1, 0, 1, 0, 1, 1, 1, 1, 0, 1, 1, 1, 0]
Fitness: 1461.553949 	[6, 12, 7, 9, 0, 10, 1, 11, 3, 5, 15, 14, 8, 0, 2, 13, 0, 4, 0, 1, 0, 1, 0, 1, 0, 1, 1, 1, 1, 0, 1, 1, 1, 0]
Fitness: 1461.553949 	[6, 12, 7, 9, 0, 10, 1, 11, 3, 5, 15, 14, 8, 0, 2, 13, 0, 4, 0, 1, 0, 1, 0, 1, 0, 1, 1, 1, 1, 0, 1, 1, 1, 0]
Fitness: 1461.553949 	[6, 12, 7, 9, 0, 10, 1, 11, 3, 5, 15, 14, 8, 0, 2, 13, 0, 4, 0, 1, 0, 1, 0, 1, 0, 1, 1, 1, 1, 0, 1, 1, 1, 0]
Fitness: 1461.553949 	[6, 12, 7, 9, 0, 10, 1, 11, 3, 5, 15, 14, 8, 0, 2, 13, 0, 4, 0, 1, 0, 1, 0, 1, 0, 1, 1, 1, 1, 0, 1, 1, 1, 0]
Fitness: 1461.553949 	[6, 12, 7, 9, 0, 10, 1, 11, 3, 5, 15, 14, 8, 0, 2, 13, 0, 4, 0, 1, 0, 1, 0, 1, 0, 1, 1, 1, 1, 0, 1, 1, 1, 0]
Fitness: 1461.553949 	[6, 12, 7, 9, 0, 10, 1, 11, 3, 5, 15, 14, 8, 0, 2, 13, 0, 4, 0, 1, 0, 1, 0, 1, 0, 1, 1, 1, 1, 0, 1, 1, 1, 0]
Fitness: 1461.553949 	[6, 12, 7, 9, 0, 10, 1, 11, 3, 5, 15, 14, 8, 0, 2, 13, 0, 4, 0, 1, 0, 1, 0, 1, 0, 1, 1, 1, 1, 0, 1, 1, 1, 0]
Fitness: 1461.553949 	[6, 12, 7, 9, 0, 10, 1, 11, 3, 5, 15, 14, 8, 0, 2, 13, 0, 4, 0, 1, 0, 1, 0, 1, 0, 1, 1, 1, 1, 0, 1, 1, 1, 0]
Fitness: 1461.553949 	[6, 12, 7, 9, 0, 10, 1, 11, 3, 5, 15, 14, 8, 0, 2, 13, 0, 4, 0, 1, 0, 1, 0, 1, 0, 1, 1, 1, 1, 0, 1, 1, 1, 0]
Fitness: 1461.553949 	[6, 12, 7, 9, 0, 10, 1, 11, 3, 5, 15, 14, 8, 0, 4, 0, 2, 13, 0, 1, 0, 1, 0, 1, 0, 1, 1, 1, 0, 1, 1, 1, 1, 0]
Fitness: 1461.553949 	[6, 12, 7, 9, 0, 10, 1, 11, 3, 5, 15, 14, 8, 0, 2, 13, 0, 4, 0, 1, 0, 1, 0, 1, 0, 1, 1, 1, 1, 0, 1, 1, 1, 0]
Fitness: 1461.553949 	[6, 12, 7, 9, 0, 10, 1, 11, 3, 5, 15, 14, 8, 0, 2, 13, 0, 4, 0, 1, 0, 1, 0, 1, 0, 1, 1, 1, 1, 0, 1, 1, 1, 0]
Fitness: 1461.553949 	[6, 12, 7, 9, 0, 10, 1, 11, 3, 5, 15, 14, 8, 0, 2, 13, 0, 4, 0, 1, 0, 1, 0, 1, 0, 1, 1, 1, 1, 0, 1, 1, 1, 0]
Fitness: 1461.553949 	[6, 12, 7, 9, 0, 10, 1, 11, 3, 5, 15, 14, 8, 0, 2, 13, 0, 4, 0, 1, 0, 1, 0, 1, 0, 1, 1, 1, 1, 0, 1, 1, 1, 0]
Fitness: 1460.918357 	[4, 0, 6, 1, 3, 14, 0, 5, 12, 0, 13, 2, 7, 8, 9, 10, 11, 15, 0, 1, 0, 1, 1, 1, 1, 0, 1, 0, 1, 1, 0, 1, 1, 0]
Fitness: 1460.918357 	[4, 0, 6, 1, 3, 14, 0, 5, 12, 0, 13, 2, 7, 8, 9, 10, 11, 15, 0, 1, 0, 1, 1, 1, 1, 0, 1, 0, 1, 1, 0, 1, 1, 0]
Fitness: 1460.918357 	[4, 0, 6, 1, 3, 14, 0, 5, 12, 0, 13, 2, 7, 8, 9, 10, 11, 15, 0, 1, 0, 1, 1, 1, 1, 0, 1, 0, 1, 1, 0, 1, 1, 0]
Fitness: 1460.918357 	[4, 0, 6, 1, 3, 14, 0, 5, 12, 0, 13, 2, 7, 8, 9, 10, 11, 15, 0, 1, 0, 1, 1, 1, 1, 0, 1, 0, 1, 1, 0, 1, 1, 0]
Fitness: 1460.918357 	[4, 0, 6, 1, 3, 14, 0, 5, 12, 0, 13, 2, 7, 8, 9, 10, 11, 15, 0, 1, 0, 1, 1, 1, 1, 0, 1, 0, 1, 1, 0, 1, 1, 0]
Fitness: 1460.918357 	[4, 0, 6, 1, 3, 14, 0, 5, 12, 0, 13, 2, 7, 8, 9, 10, 11, 15, 0, 1, 0, 1, 1, 1, 1, 0, 1, 0, 1, 1, 0, 1, 1, 0]
Fitness: 1460.918357 	[4, 0, 6, 1, 3, 14, 0, 5, 12, 0, 13, 2, 7, 8, 9, 10, 11, 15, 0, 1, 0, 1, 1, 1, 1, 0, 1, 0, 1, 1, 0, 1, 1, 0]
Fitness: 1460.918357 	[4, 0, 6, 1, 3, 14, 0, 5, 12, 0, 13, 2, 7, 8, 9, 10, 11, 15, 0, 1, 0, 1, 1, 1, 1, 0, 1, 0, 1, 1, 0, 1, 1, 0]
Fitness: 1460.918357 	[4, 0, 6, 1, 3, 14, 0, 5, 12, 0, 13, 2, 7, 8, 9, 10, 11, 15, 0, 1, 0, 1, 1, 1, 1, 0, 1, 0, 1, 1, 0, 1, 1, 0]
Fitness: 1460.918357 	[4, 0, 6, 1, 3, 14, 0, 5, 12, 0, 13, 2, 7, 8, 9, 10, 11, 15, 0, 1, 0, 1, 1, 1, 1, 0, 1, 0, 1, 1, 0, 1, 1, 0]
Fitness: 1460.918357 	[4, 0, 6, 1, 3, 14, 0, 5, 12, 0, 13, 2, 7, 8, 9, 10, 11, 15, 0, 1, 0, 1, 1, 1, 1, 0, 1, 0, 1, 1, 0, 1, 1, 0]
Fitness: 1460.918357 	[4, 0, 6, 1, 3, 14, 0, 5, 12, 0, 13, 2, 7, 8, 9, 10, 11, 15, 0, 1, 0, 1, 1, 1, 1, 0, 1, 0, 1, 1, 0, 1, 1, 0]
Fitness: 1460.918357 	[4, 0, 6, 1, 3, 14, 0, 5, 12, 0, 13, 2, 7, 8, 9, 10, 11, 15, 0, 1, 0, 1, 1, 1, 1, 0, 1, 0, 1, 1, 0, 1, 1, 0]
Fitness: 1460.918357 	[4, 0, 6, 1, 3, 14, 0, 5, 12, 0, 13, 2, 7, 8, 9, 10, 11, 15, 0, 1, 0, 1, 1, 1, 1, 0, 1, 0, 1, 1, 0, 1, 1, 0]
Fitness: 1457.251674 	[4, 0, 1, 3, 14, 0, 6, 5, 12, 0, 13, 2, 7, 8, 9, 10, 11, 15, 0, 1, 0, 1, 1, 1, 1, 0, 1, 0, 1, 1, 0, 1, 1, 0]
Fitness: 1457.251674 	[4, 0, 1, 3, 14, 0, 6, 5, 12, 0, 13, 2, 7, 8, 9, 10, 11, 15, 0, 1, 0, 1, 1, 1, 1, 0, 1, 0, 1, 1, 0, 1, 1, 0]
Fitness: 1457.251674 	[4, 0, 1, 3, 14, 0, 6, 5, 12, 0, 13, 2, 7, 8, 9, 10, 11, 15, 0, 1, 0, 1, 1, 1, 1, 0, 1, 0, 1, 1, 0, 1, 1, 0]
Fitness: 1457.251674 	[4, 0, 1, 3, 14, 0, 6, 5, 12, 0, 13, 2, 7, 8, 9, 10, 11, 15, 0, 1, 0, 1, 1, 1, 1, 0, 1, 0, 1, 1, 0, 1, 1, 0]
Fitness: 1457.251674 	[4, 0, 1, 3, 14, 0, 6, 5, 12, 0, 13, 2, 7, 8, 9, 10, 11, 15, 0, 1, 0, 1, 1, 1, 1, 0, 1, 0, 1, 1, 0, 1, 1, 0]
Fitness: 1457.251674 	[4, 0, 1, 3, 14, 0, 6, 5, 12, 0, 13, 2, 7, 8, 9, 10, 11, 15, 0, 1, 0, 1, 1, 1, 1, 0, 1, 0, 1, 1, 0, 1, 1, 0]
Fitness: 1457.251674 	[4, 0, 1, 3, 14, 0, 6, 5, 12, 0, 13, 2, 7, 8, 9, 10, 11, 15, 0, 1, 0, 1, 1, 1, 1, 0, 1, 0, 1, 1, 0, 1, 1, 0]
Fitness: 1457.251674 	[4, 0, 1, 3, 14, 0, 13, 2, 7, 8, 9, 10, 11, 15, 0, 6, 5, 12, 0, 1, 0, 1, 1, 1, 1, 0, 1, 0, 1, 1, 0, 1, 1, 0]
Fitness: 1457.251674 	[4, 0, 1, 3, 14, 0, 13, 2, 7, 8, 9, 10, 11, 15, 0, 6, 5, 12, 0, 1, 0, 1, 1, 1, 1, 0, 1, 0, 1, 1, 0, 1, 1, 0]
Fitness: 1457.251674 	[4, 0, 1, 3, 14, 0, 13, 2, 7, 8, 9, 10, 11, 15, 0, 6, 5, 12, 0, 1, 0, 1, 1, 1, 1, 0, 1, 0, 1, 1, 0, 1, 1, 0]
Fitness: 1457.251674 	[4, 0, 1, 3, 14, 0, 13, 2, 7, 8, 9, 10, 11, 15, 0, 6, 5, 12, 0, 1, 0, 1, 1, 1, 1, 0, 1, 0, 1, 1, 0, 1, 1, 0]
Fitness: 1448.497347 	[6, 12, 7, 9, 0, 10, 1, 11, 3, 5, 15, 14, 8, 0, 2, 13, 0, 4, 0, 1, 0, 1, 0, 1, 1, 0, 1, 1, 1, 0, 1, 1, 1, 0]
Fitness: 1448.497347 	[6, 12, 7, 9, 0, 10, 1, 11, 3, 5, 15, 14, 8, 0, 4, 0, 2, 13, 0, 1, 0, 1, 0, 1, 1, 0, 1, 1, 1, 0, 1, 1, 1, 0]
Fitness: 1448.497347 	[6, 12, 7, 9, 0, 10, 1, 11, 3, 5, 15, 14, 8, 0, 4, 0, 2, 13, 0, 1, 0, 1, 0, 1, 1, 0, 1, 1, 1, 0, 1, 1, 1, 0]
Fitness: 1447.498033 	[4, 0, 5, 12, 0, 2, 13, 0, 1, 3, 6, 7, 8, 9, 10, 11, 14, 15, 0, 1, 0, 1, 1, 1, 1, 0, 1, 0, 1, 1, 0, 1, 1, 0]
Fitness: 1447.498033 	[4, 0, 5, 12, 0, 2, 13, 0, 1, 3, 6, 7, 8, 9, 10, 11, 14, 15, 0, 1, 0, 1, 1, 1, 1, 0, 1, 0, 1, 1, 0, 1, 1, 0]
Fitness: 1446.771576 	[7, 5, 13, 10, 0, 4, 0, 6, 1, 0, 8, 14, 9, 3, 2, 11, 12, 15, 0, 0, 1, 0, 1, 1, 1, 1, 1, 0, 1, 1, 1, 0, 1, 0]
Fitness: 1446.771576 	[7, 5, 13, 10, 0, 4, 0, 6, 1, 0, 8, 14, 9, 3, 2, 11, 12, 15, 0, 0, 0, 1, 1, 1, 1, 1, 1, 0, 1, 1, 1, 0, 1, 0]
Fitness: 1460.918357 	[4, 0, 6, 1, 3, 14, 0, 5, 12, 0, 13, 2, 7, 8, 9, 10, 11, 15, 0, 1, 0, 1, 1, 1, 1, 0, 1, 0, 1, 1, 0, 1, 1, 0]
Fitness: 1446.771576 	[7, 5, 13, 10, 0, 8, 14, 9, 3, 2, 11, 12, 15, 0, 1, 4, 0, 6, 0, 0, 1, 0, 1, 1, 1, 1, 1, 0, 1, 1, 1, 0, 1, 0]
Fitness: 1499.528635 	[6, 12, 7, 9, 0, 10, 1, 11, 3, 5, 15, 14, 8, 0, 4, 0, 2, 13, 0, 1, 0, 1, 0, 1, 0, 1, 1, 1, 1, 0, 1, 1, 1, 0]
Fitness: 1467.145450 	[1, 4, 0, 12, 15, 7, 8, 5, 6, 9, 10, 0, 14, 2, 3, 11, 0, 13, 0, 1, 0, 1, 1, 1, 1, 0, 1, 0, 1, 0, 1, 1, 1, 0]
Fitness: 1499.528635 	[4, 0, 10, 1, 11, 3, 5, 15, 14, 8, 0, 9, 2, 12, 6, 0, 13, 7, 0, 1, 0, 1, 0, 1, 0, 1, 1, 1, 1, 0, 1, 1, 1, 0]
Fitness: 1461.553949 	[6, 12, 7, 9, 0, 10, 1, 11, 3, 5, 15, 14, 8, 0, 2, 13, 0, 4, 0, 1, 0, 1, 0, 1, 0, 1, 1, 1, 1, 0, 1, 1, 1, 0]
Fitness: 1499.528635 	[6, 12, 7, 9, 0, 10, 1, 11, 3, 5, 15, 14, 8, 0, 4, 0, 2, 13, 0, 1, 0, 1, 0, 1, 0, 1, 1, 1, 1, 0, 1, 1, 1, 0]
Fitness: 1461.553949 	[1, 3, 4, 5, 0, 6, 12, 7, 9, 0, 2, 13, 0, 8, 10, 11, 14, 15, 0, 1, 0, 1, 0, 1, 0, 1, 1, 1, 1, 0, 1, 1, 1, 0]
Fitness: 1460.918357 	[4, 0, 6, 1, 3, 14, 0, 5, 12, 0, 13, 2, 7, 8, 9, 10, 11, 15, 0, 1, 0, 1, 1, 1, 1, 0, 1, 0, 1, 1, 0, 1, 1, 0]
Fitness: 1461.553949 	[6, 12, 7, 9, 0, 10, 1, 11, 3, 5, 15, 14, 8, 0, 2, 13, 0, 4, 0, 1, 0, 1, 0, 1, 0, 1, 1, 1, 1, 0, 1, 1, 1, 0]
Fitness: 1460.918357 	[4, 12, 0, 5, 0, 13, 2, 7, 8, 9, 10, 11, 15, 0, 6, 1, 3, 14, 0, 1, 0, 1, 1, 1, 1, 0, 1, 0, 1, 1, 0, 1, 1, 0]
Fitness: 1460.918357 	[4, 0, 6, 1, 3, 14, 0, 5, 12, 0, 13, 2, 7, 8, 9, 10, 11, 15, 0, 1, 0, 1, 1, 1, 1, 0, 1, 1, 1, 0, 0, 1, 1, 0]
Fitness: 1461.553949 	[6, 12, 7, 9, 0, 10, 1, 11, 3, 5, 15, 14, 8, 0, 2, 13, 0, 4, 0, 1, 0, 1, 0, 1, 0, 1, 1, 1, 1, 0, 1, 1, 1, 0]
Fitness: 1460.918357 	[5, 12, 0, 13, 2, 7, 8, 9, 10, 11, 15, 0, 1, 3, 0, 4, 6, 14, 0, 1, 0, 1, 1, 1, 1, 0, 1, 0, 1, 1, 0, 1, 1, 0]
Fitness: 1457.251674 	[1, 4, 14, 0, 3, 0, 13, 2, 7, 8, 9, 10, 11, 15, 0, 6, 5, 12, 0, 1, 0, 1, 1, 1, 1, 0, 1, 0, 1, 1, 0, 1, 1, 0]
Fitness: 1460.918357 	[4, 0, 6, 1, 3, 14, 0, 5, 12, 0, 13, 2, 7, 8, 9, 10, 11, 15, 0, 1, 0, 1, 1, 1, 1, 0, 1, 0, 1, 0, 1, 1, 1, 0]
Fitness: 1467.145450 	[1, 4, 0, 12, 15, 7, 8, 5, 6, 9, 10, 0, 14, 2, 3, 11, 0, 13, 0, 1, 0, 1, 1, 1, 1, 0, 1, 0, 1, 0, 1, 1, 1, 0]
Fitness: 1460.918357 	[2, 4, 0, 11, 15, 7, 8, 13, 9, 10, 0, 6, 1, 3, 14, 0, 5, 12, 0, 1, 0, 1, 1, 1, 1, 0, 1, 0, 1, 1, 0, 1, 1, 0]
Fitness: 1457.251674 	[4, 0, 1, 3, 14, 0, 6, 5, 12, 0, 13, 2, 7, 8, 9, 10, 11, 15, 0, 1, 0, 1, 1, 1, 1, 0, 1, 1, 0, 1, 0, 1, 1, 0]
Fitness: 1472.080913 	[4, 0, 14, 6, 7, 0, 12, 2, 13, 0, 9, 10, 1, 11, 3, 5, 15, 8, 0, 1, 0, 1, 1, 1, 1, 0, 1, 1, 0, 1, 1, 1, 0, 0]
Fitness: 1457.251674 	[13, 2, 7, 8, 9, 10, 11, 15, 0, 6, 5, 12, 0, 4, 14, 0, 1, 3, 0, 1, 0, 1, 1, 1, 1, 0, 1, 0, 1, 1, 0, 1, 1, 0]
Fitness: 1461.553949 	[6, 12, 7, 9, 0, 10, 1, 11, 3, 5, 15, 14, 8, 0, 2, 13, 0, 4, 0, 1, 0, 1, 0, 1, 0, 1, 1, 1, 1, 0, 1, 1, 1, 0]
Fitness: 1476.255987 	[13, 0, 12, 15, 7, 8, 5, 6, 9, 10, 0, 14, 2, 3, 11, 0, 1, 4, 0, 1, 0, 1, 1, 1, 1, 0, 1, 0, 1, 0, 1, 1, 1, 0]
Fitness: 1461.553949 	[13, 0, 6, 12, 7, 9, 0, 10, 1, 11, 3, 5, 15, 14, 8, 0, 2, 4, 0, 1, 0, 1, 0, 1, 0, 1, 1, 1, 1, 0, 1, 1, 1, 0]
Fitness: 1480.969810 	[1, 12, 4, 0, 14, 2, 3, 11, 0, 15, 7, 8, 5, 6, 9, 10, 0, 13, 0, 1, 0, 1, 1, 1, 1, 0, 1, 0, 1, 0, 1, 1, 1, 0]
Fitness: 1461.553949 	[6, 12, 7, 9, 0, 10, 1, 11, 3, 5, 15, 14, 8, 0, 2, 13, 0, 4, 0, 1, 0, 1, 0, 1, 0, 1, 1, 1, 1, 0, 1, 1, 1, 0]
Fitness: 1480.969810 	[1, 12, 4, 0, 13, 0, 2, 3, 0, 5, 6, 7, 8, 9, 10, 11, 14, 15, 0, 1, 0, 1, 1, 1, 1, 0, 1, 0, 1, 0, 1, 1, 1, 0]
Fitness: 1461.553949 	[6, 12, 7, 9, 0, 10, 1, 11, 3, 5, 15, 14, 8, 0, 2, 13, 0, 4, 0, 1, 0, 1, 0, 1, 0, 1, 1, 1, 1, 0, 1, 1, 1, 0]
Fitness: 1499.528635 	[6, 12, 7, 9, 0, 10, 1, 11, 3, 5, 15, 14, 8, 0, 4, 0, 2, 13, 0, 1, 0, 1, 0, 1, 0, 1, 1, 1, 1, 0, 1, 1, 1, 0]
Fitness: 1461.553949 	[4, 0, 6, 12, 7, 9, 0, 1, 0, 2, 13, 3, 5, 8, 10, 11, 14, 15, 0, 1, 0, 1, 0, 1, 0, 1, 1, 1, 1, 0, 1, 1, 1, 0]
Fitness: 1541.918052 	[12, 2, 7, 3, 10, 0, 4, 0, 13, 6, 0, 14, 11, 8, 15, 1, 9, 5, 0, 0, 1, 1, 0, 1, 1, 1, 1, 0, 1, 1, 0, 1, 1, 0]
Fitness: 1457.251674 	[4, 0, 1, 3, 14, 0, 6, 5, 12, 0, 13, 2, 7, 8, 9, 10, 11, 15, 0, 1, 0, 1, 1, 1, 1, 0, 1, 0, 1, 1, 0, 1, 1, 0]
Fitness: 1541.918052 	[1, 0, 12, 2, 7, 3, 10, 0, 4, 0, 13, 5, 6, 8, 9, 14, 11, 15, 0, 0, 1, 1, 0, 1, 1, 1, 1, 0, 1, 1, 1, 0, 1, 0]
Fitness: 1457.251674 	[4, 0, 1, 3, 14, 0, 13, 2, 7, 8, 9, 10, 11, 15, 0, 6, 5, 12, 0, 1, 0, 1, 1, 1, 0, 1, 1, 1, 1, 0, 0, 1, 1, 0]
Fitness: 1461.553949 	[6, 12, 7, 9, 0, 10, 1, 11, 3, 5, 15, 14, 8, 0, 2, 13, 0, 4, 0, 1, 0, 1, 0, 1, 0, 1, 1, 1, 1, 0, 1, 1, 1, 0]
Fitness: 1457.251674 	[13, 2, 7, 8, 9, 10, 11, 15, 0, 4, 0, 1, 3, 0, 5, 6, 12, 14, 0, 1, 0, 1, 1, 1, 1, 0, 1, 0, 1, 1, 0, 1, 1, 0]
Fitness: 1461.553949 	[6, 12, 7, 9, 0, 10, 1, 11, 3, 5, 15, 14, 8, 0, 2, 13, 0, 4, 0, 1, 0, 1, 0, 1, 0, 1, 1, 0, 1, 1, 1, 1, 1, 0]
Fitness: 1472.080913 	[12, 2, 13, 0, 14, 6, 7, 0, 4, 0, 9, 10, 1, 11, 3, 5, 15, 8, 0, 1, 0, 1, 1, 1, 0, 1, 1, 0, 1, 1, 1, 1, 0, 0]
Fitness: 1461.553949 	[2, 13, 0, 6, 12, 7, 9, 0, 4, 0, 14, 10, 1, 11, 3, 5, 15, 8, 0, 1, 0, 1, 0, 1, 0, 1, 1, 1, 1, 0, 1, 1, 1, 0]
Fitness: 1464.836424 	[1, 12, 11, 0, 15, 7, 8, 5, 6, 9, 10, 0, 4, 0, 2, 13, 3, 14, 0, 1, 0, 1, 0, 1, 0, 1, 1, 1, 1, 0, 1, 1, 1, 0]
Fitness: 1448.497347 	[6, 12, 7, 9, 0, 10, 1, 11, 3, 5, 15, 14, 8, 0, 4, 0, 2, 13, 0, 1, 0, 1, 0, 1, 1, 0, 1, 1, 1, 0, 1, 1, 1, 0]
Fitness: 1464.836424 	[15, 7, 8, 5, 6, 9, 10, 0, 2, 13, 3, 14, 0, 4, 0, 1, 11, 12, 0, 1, 0, 1, 0, 1, 0, 1, 1, 1, 1, 0, 1, 1, 1, 0]
Fitness: 1460.918357 	[4, 0, 6, 1, 3, 14, 0, 5, 12, 0, 13, 2, 7, 8, 9, 10, 11, 15, 0, 1, 0, 1, 1, 1, 1, 0, 1, 0, 1, 1, 0, 1, 1, 0]
Fitness: 1447.498033 	[4, 0, 5, 12, 0, 2, 13, 0, 1, 3, 6, 7, 8, 9, 10, 11, 14, 15, 0, 1, 0, 1, 1, 1, 1, 0, 1, 0, 1, 1, 0, 1, 1, 0]
Fitness: 1460.918357 	[1, 0, 2, 3, 0, 4, 0, 5, 12, 6, 7, 8, 9, 10, 11, 13, 14, 15, 0, 1, 0, 1, 1, 1, 1, 0, 1, 0, 1, 1, 0, 1, 1, 0]
Fitness: 1470.756109 	[4, 0, 15, 7, 8, 5, 6, 9, 10, 0, 3, 1, 13, 12, 0, 14, 2, 11, 0, 0, 1, 1, 1, 1, 1, 0, 1, 1, 1, 0, 0, 1, 1, 0]
Fitness: 1448.497347 	[6, 12, 7, 9, 0, 10, 1, 11, 3, 5, 15, 14, 8, 0, 2, 13, 0, 4, 0, 1, 0, 1, 0, 1, 1, 0, 1, 1, 1, 0, 1, 1, 1, 0]
Fitness: 1470.756109 	[3, 1, 13, 12, 0, 15, 7, 8, 5, 6, 9, 10, 0, 2, 11, 0, 4, 14, 0, 0, 1, 1, 1, 1, 1, 0, 1, 0, 1, 1, 0, 1, 1, 0]
Fitness: 1495.883358 	[4, 0, 13, 2, 7, 8, 9, 10, 11, 15, 0, 6, 1, 3, 14, 0, 5, 12, 0, 1, 0, 1, 1, 1, 1, 0, 1, 0, 1, 1, 0, 1, 1, 0]
Fitness: 1457.251674 	[4, 0, 1, 3, 14, 0, 6, 5, 12, 0, 13, 2, 7, 8, 9, 10, 11, 15, 0, 1, 0, 1, 1, 1, 1, 0, 1, 0, 1, 1, 0, 1, 1, 0]
Fitness: 1495.883358 	[2, 0, 1, 3, 14, 0, 5, 12, 0, 4, 6, 7, 8, 9, 10, 11, 13, 15, 0, 1, 0, 1, 1, 1, 1, 0, 1, 0, 1, 1, 0, 1, 1, 0]
Fitness: 1447.498033 	[4, 0, 5, 12, 0, 1, 3, 6, 7, 8, 9, 10, 11, 14, 15, 0, 2, 13, 0, 1, 0, 1, 1, 1, 1, 0, 1, 0, 1, 1, 0, 1, 1, 0]
Fitness: 1499.528635 	[6, 12, 7, 9, 0, 10, 1, 11, 3, 5, 15, 14, 8, 0, 4, 0, 2, 13, 0, 1, 0, 1, 0, 1, 0, 1, 1, 1, 1, 0, 1, 1, 1, 0]
Fitness: 1461.553949 	[6, 12, 7, 9, 0, 10, 1, 11, 3, 5, 15, 14, 8, 0, 2, 13, 0, 4, 0, 1, 0, 1, 0, 1, 0, 1, 1, 1, 1, 0, 1, 1, 1, 0]
Fitness: 1499.528635 	[4, 0, 2, 13, 0, 1, 3, 0, 5, 6, 7, 8, 9, 10, 11, 12, 14, 15, 0, 1, 0, 1, 0, 1, 0, 1, 1, 1, 1, 0, 1, 1, 1, 0]
Fitness: 1461.553949 	[10, 1, 11, 3, 5, 15, 14, 8, 0, 6, 12, 7, 9, 0, 2, 13, 0, 4, 0, 1, 0, 1, 1, 1, 1, 0, 1, 0, 1, 0, 1, 1, 1, 0]
Fitness: 1480.969810 	[1, 12, 4, 0, 14, 2, 3, 11, 0, 15, 7, 8, 5, 6, 9, 10, 0, 13, 0, 1, 0, 1, 1, 1, 1, 0, 1, 0, 1, 0, 1, 1, 1, 0]
Fitness: 1461.553949 	[1, 12, 3, 0, 4, 0, 2, 13, 0, 5, 6, 7, 8, 9, 10, 11, 14, 15, 0, 1, 0, 1, 0, 1, 0, 1, 1, 1, 1, 0, 1, 1, 1, 0]
Fitness: 1461.553949 	[6, 12, 7, 9, 0, 10, 1, 11, 3, 5, 15, 14, 8, 0, 2, 13, 0, 4, 0, 1, 0, 1, 0, 1, 0, 1, 1, 1, 1, 0, 1, 1, 1, 0]
Fitness: 1461.553949 	[6, 12, 7, 9, 0, 10, 1, 11, 3, 5, 15, 14, 8, 0, 2, 13, 0, 4, 0, 1, 0, 1, 0, 1, 0, 1, 1, 1, 1, 0, 1, 1, 1, 0]
Fitness: 1461.553949 	[2, 4, 13, 0, 5, 15, 14, 8, 0, 10, 1, 11, 3, 0, 6, 12, 7, 9, 0, 1, 0, 1, 0, 1, 0, 1, 1, 1, 1, 0, 1, 1, 1, 0]
Fitness: 1513.136988 	[14, 11, 8, 15, 1, 9, 5, 0, 4, 0, 13, 6, 0, 12, 2, 7, 3, 10, 0, 0, 1, 1, 0, 1, 1, 1, 1, 0, 1, 1, 1, 0, 1, 0]
Fitness: 1499.528635 	[6, 12, 7, 9, 0, 10, 1, 11, 3, 5, 15, 14, 8, 0, 4, 0, 2, 13, 0, 1, 0, 1, 0, 1, 0, 1, 1, 1, 1, 0, 1, 1, 1, 0]
Fitness: 1513.136988 	[13, 6, 0, 4, 0, 1, 0, 2, 3, 5, 7, 8, 9, 10, 11, 12, 14, 15, 0, 0, 1, 1, 0, 1, 1, 1, 1, 0, 1, 1, 1, 0, 1, 0]
Fitness: 1499.528635 	[6, 12, 7, 9, 0, 10, 1, 11, 3, 5, 15, 14, 8, 0, 4, 0, 2, 13, 0, 1, 0, 1, 0, 1, 0, 1, 1, 1, 1, 0, 1, 1, 1, 0]
Fitness: 1460.918357 	[4, 0, 6, 1, 3, 14, 0, 5, 12, 0, 13, 2, 7, 8, 9, 10, 11, 15, 0, 1, 0, 1, 1, 1, 1, 0, 1, 0, 1, 1, 0, 1, 1, 0]
Fitness: 1499.528635 	[2, 13, 0, 6, 12, 7, 9, 0, 5, 1, 0, 3, 4, 14, 8, 10, 11, 15, 0, 1, 0, 1, 0, 1, 0, 1, 1, 1, 1, 0, 1, 1, 1, 0]
Fitness: 1461.553949 	[6, 12, 7, 9, 0, 10, 1, 11, 3, 5, 15, 14, 8, 0, 2, 13, 0, 4, 0, 1, 0, 1, 0, 1, 0, 1, 1, 1, 1, 0, 1, 1, 1, 0]
Fitness: 1513.136988 	[14, 11, 8, 15, 1, 9, 5, 0, 4, 0, 13, 6, 0, 12, 2, 7, 3, 10, 0, 0, 1, 1, 0, 1, 1, 1, 1, 0, 1, 1, 1, 0, 1, 0]
Fitness: 1461.553949 	[14, 11, 8, 15, 1, 13, 5, 0, 6, 12, 7, 9, 0, 4, 0, 2, 3, 10, 0, 1, 0, 1, 0, 1, 0, 1, 1, 1, 1, 0, 1, 1, 1, 0]
Fitness: 1499.528635 	[4, 0, 13, 0, 1, 3, 0, 2, 5, 6, 7, 8, 9, 10, 11, 12, 14, 15, 0, 1, 0, 0, 0, 1, 0, 1, 1, 1, 1, 1, 1, 1, 1, 0]
Fitness: 1461.553949 	[10, 6, 12, 7, 9, 0, 1, 11, 3, 5, 15, 14, 8, 0, 2, 13, 0, 4, 0, 1, 0, 1, 0, 1, 1, 0, 1, 1, 1, 0, 1, 1, 1, 0]
Fitness: 1480.969810 	[9, 1, 12, 4, 0, 14, 2, 3, 11, 0, 15, 7, 8, 5, 6, 10, 0, 13, 0, 1, 0, 1, 1, 0, 1, 0, 1, 1, 1, 0, 1, 1, 1, 0]
Fitness: 1461.553949 	[1, 12, 3, 0, 4, 0, 8, 2, 13, 0, 5, 6, 7, 9, 10, 11, 14, 15, 0, 1, 0, 1, 0, 1, 0, 1, 0, 1, 1, 1, 1, 1, 1, 0]
Fitness: 1460.918357 	[9, 4, 0, 6, 1, 3, 14, 0, 5, 12, 0, 13, 2, 7, 8, 10, 11, 15, 0, 1, 0, 1, 0, 1, 1, 0, 1, 1, 1, 1, 0, 1, 1, 0]
Fitness: 1461.553949 	[4, 6, 12, 7, 9, 0, 5, 15, 14, 8, 0, 2, 13, 0, 10, 1, 11, 3, 0, 1, 0, 1, 0, 1, 1, 1, 0, 1, 1, 0, 1, 1, 1, 0]
Fitness: 1461.553949 	[6, 12, 7, 9, 0, 3, 5, 15, 14, 8, 0, 2, 13, 0, 4, 10, 1, 11, 0, 1, 0, 1, 0, 1, 0, 1, 1, 1, 1, 1, 0, 1, 1, 0]
Fitness: 1480.969810 	[13, 1, 12, 4, 0, 5, 6, 9, 10, 0, 14, 2, 3, 11, 0, 15, 7, 8, 0, 1, 0, 0, 1, 1, 1, 1, 1, 0, 1, 0, 1, 1, 1, 0]
Fitness: 1460.918357 	[13, 2, 7, 8, 0, 6, 1, 3, 14, 0, 4, 5, 12, 0, 9, 10, 11, 15, 0, 1, 0, 1, 0, 1, 1, 0, 1, 0, 1, 1, 1, 1, 1, 0]
Fitness: 1461.553949 	[4, 13, 0, 6, 12, 7, 9, 0, 10, 1, 11, 3, 5, 15, 14, 8, 0, 2, 0, 1, 0, 1, 0, 1, 0, 1, 1, 1, 0, 1, 1, 1, 1, 0]
Fitness: 1460.918357 	[4, 0, 6, 1, 3, 0, 5, 12, 0, 14, 13, 2, 7, 8, 9, 10, 11, 15, 0, 1, 1, 0, 1, 1, 1, 0, 1, 0, 1, 1, 0, 1, 1, 0]
Fitness: 1461.553949 	[6, 7, 9, 0, 12, 10, 1, 11, 3, 5, 15, 14, 8, 0, 2, 13, 0, 4, 0, 1, 0, 1, 1, 1, 0, 1, 1, 0, 1, 0, 1, 1, 1, 0]
Fitness: 1480.969810 	[1, 12, 0, 4, 14, 2, 3, 11, 0, 15, 7, 8, 5, 6, 9, 10, 0, 13, 0, 1, 0, 1, 0, 1, 1, 0, 1, 1, 1, 0, 1, 1, 1, 0]
Fitness: 1461.553949 	[6, 12, 7, 9, 0, 10, 1, 11, 3, 5, 15, 14, 0, 2, 13, 0, 8, 4, 0, 1, 0, 1, 1, 1, 0, 0, 1, 1, 1, 0, 1, 1, 1, 0]
Fitness: 1461.553949 	[1, 3, 4, 5, 0, 2, 6, 12, 7, 9, 0, 13, 0, 8, 10, 11, 14, 15, 0, 1, 1, 1, 0, 1, 0, 1, 1, 0, 1, 0, 1, 1, 1, 0]
Fitness: 1461.553949 	[6, 12, 7, 9, 0, 5, 15, 14, 8, 0, 4, 2, 13, 0, 10, 1, 11, 3, 0, 1, 0, 1, 0, 1, 0, 1, 1, 1, 1, 1, 1, 1, 0, 0]
Fitness: 1461.553949 	[6, 12, 7, 9, 0, 10, 1, 11, 5, 15, 14, 8, 0, 2, 13, 0, 3, 4, 0, 1, 0, 1, 0, 1, 0, 1, 1, 0, 1, 1, 1, 1, 1, 0]
Fitness: 1541.918052 	[1, 0, 4, 12, 2, 7, 3, 10, 0, 13, 5, 6, 8, 0, 9, 14, 11, 15, 0, 0, 1, 1, 0, 1, 0, 1, 1, 1, 1, 1, 1, 0, 1, 0]
Fitness: 1448.497347 	[4, 6, 12, 7, 9, 0, 5, 15, 14, 8, 0, 2, 13, 0, 10, 1, 11, 3, 0, 1, 1, 1, 0, 1, 1, 0, 1, 1, 0, 0, 1, 1, 1, 0]
Fitness: 1460.918357 	[12, 4, 0, 6, 1, 3, 14, 0, 5, 0, 13, 2, 7, 8, 9, 10, 11, 15, 0, 1, 1, 1, 1, 1, 1, 0, 1, 0, 1, 1, 0, 0, 1, 0]
Fitness: 1513.136988 	[14, 11, 8, 15, 1, 9, 5, 0, 2, 4, 0, 13, 6, 0, 12, 7, 3, 10, 0, 0, 1, 1, 0, 1, 0, 1, 1, 0, 1, 1, 1, 1, 1, 0]
Fitness: 1476.255987 	[13, 0, 12, 7, 8, 5, 6, 9, 10, 0, 15, 14, 2, 3, 11, 0, 1, 4, 0, 1, 0, 0, 1, 1, 1, 1, 1, 0, 1, 0, 1, 1, 1, 0]
Fitness: 1457.251674 	[4, 0, 13, 1, 3, 14, 0, 2, 7, 8, 9, 10, 11, 15, 0, 6, 5, 12, 0, 1, 1, 1, 1, 1, 1, 0, 0, 0, 1, 1, 0, 1, 1, 0]
Fitness: 1464.836424 	[1, 12, 11, 0, 15, 7, 8, 5, 6, 9, 10, 0, 14, 4, 0, 2, 13, 3, 0, 1, 0, 1, 1, 1, 0, 1, 0, 1, 1, 0, 1, 1, 1, 0]
Fitness: 1457.251674 	[12, 4, 0, 1, 3, 14, 0, 6, 5, 0, 13, 2, 7, 8, 9, 10, 11, 15, 0, 0, 0, 1, 1, 1, 1, 0, 1, 1, 1, 1, 0, 1, 1, 0]
Fitness: 1480.969810 	[1, 12, 4, 0, 14, 2, 3, 11, 0, 5, 6, 9, 10, 0, 13, 15, 7, 8, 0, 1, 0, 1, 1, 1, 1, 0, 1, 0, 0, 1, 1, 1, 1, 0]
Fitness: 1461.553949 	[3, 5, 15, 14, 8, 0, 6, 12, 7, 9, 0, 2, 13, 0, 4, 10, 1, 11, 0, 0, 0, 1, 1, 1, 1, 1, 1, 0, 1, 0, 1, 1, 1, 0]
Fitness: 1461.553949 	[10, 11, 3, 5, 15, 14, 8, 0, 6, 12, 7, 9, 0, 1, 2, 13, 0, 4, 0, 1, 0, 1, 1, 1, 0, 1, 0, 1, 1, 0, 1, 1, 1, 0]
Fitness: 1495.883358 	[5, 2, 0, 1, 3, 14, 0, 12, 0, 4, 6, 7, 8, 9, 10, 11, 13, 15, 0, 1, 1, 1, 1, 1, 1, 0, 1, 0, 1, 1, 0, 0, 1, 0]
Fitness: 1457.251674 	[4, 0, 6, 1, 3, 14, 0, 5, 12, 0, 13, 2, 7, 8, 9, 10, 11, 15, 0, 0, 0, 1, 1, 1, 1, 0, 1, 0, 1, 1, 1, 1, 1, 0]
Fitness: 1481.726233 	[4, 1, 12, 11, 0, 15, 2, 3, 6, 9, 0, 13, 14, 10, 0, 7, 8, 5, 0, 1, 1, 1, 0, 0, 1, 0, 1, 1, 0, 1, 1, 1, 1, 0]
Fitness: 1460.918357 	[12, 4, 0, 6, 1, 3, 14, 0, 5, 0, 13, 2, 7, 8, 9, 10, 11, 15, 0, 1, 0, 1, 1, 1, 1, 0, 1, 1, 0, 0, 1, 1, 1, 0]
Fitness: 1499.528635 	[6, 12, 7, 9, 0, 10, 11, 3, 5, 15, 14, 8, 0, 4, 0, 1, 2, 13, 0, 1, 0, 0, 0, 1, 0, 1, 1, 1, 1, 1, 1, 1, 1, 0]
Fitness: 1457.251674 	[13, 2, 7, 8, 0, 4, 1, 3, 14, 0, 9, 10, 11, 15, 0, 6, 5, 12, 0, 1, 0, 1, 1, 1, 1, 0, 1, 0, 1, 1, 1, 1, 0, 0]
Fitness: 1480.969810 	[13, 1, 12, 4, 0, 5, 6, 7, 8, 0, 2, 3, 0, 9, 10, 11, 14, 15, 0, 1, 0, 1, 1, 0, 1, 0, 1, 0, 1, 1, 1, 1, 1, 0]
Fitness: 1499.528635 	[6, 12, 7, 9, 0, 13, 10, 1, 11, 3, 5, 15, 14, 8, 0, 4, 0, 2, 0, 1, 0, 1, 1, 1, 0, 1, 1, 1, 1, 0, 0, 1, 1, 0]
Fitness: 1464.836424 	[1, 12, 11, 0, 15, 7, 8, 5, 6, 9, 10, 0, 3, 4, 0, 2, 13, 14, 0, 1, 0, 0, 0, 1, 1, 1, 1, 1, 1, 0, 1, 1, 1, 0]
Fitness: 1460.918357 	[4, 12, 0, 15, 5, 0, 13, 2, 7, 8, 9, 10, 11, 0, 6, 1, 3, 14, 0, 1, 0, 0, 1, 1, 1, 0, 1, 1, 1, 1, 0, 1, 1, 0]
Fitness: 1457.251674 	[8, 9, 10, 11, 15, 0, 4, 13, 2, 7, 0, 1, 3, 0, 5, 6, 12, 14, 0, 1, 1, 1, 0, 1, 1, 0, 1, 0, 1, 1, 0, 1, 1, 0]
Fitness: 1461.553949 	[4, 6, 12, 7, 9, 0, 5, 15, 14, 8, 0, 2, 13, 0, 10, 1, 11, 3, 0, 1, 0, 1, 0, 0, 1, 1, 1, 1, 1, 0, 1, 1, 1, 0]
Fitness: 1460.918357 	[4, 0, 6, 1, 3, 14, 0, 15, 5, 12, 0, 13, 2, 7, 8, 9, 10, 11, 0, 1, 0, 0, 1, 1, 1, 0, 1, 0, 1, 1, 1, 1, 1, 0]
Fitness: 1457.251674 	[13, 2, 7, 8, 0, 1, 3, 14, 0, 4, 6, 5, 12, 0, 9, 10, 11, 15, 0, 0, 0, 1, 1, 1, 1, 1, 1, 0, 1, 1, 0, 1, 1, 0]
Fitness: 1461.553949 	[6, 12, 7, 9, 0, 3, 5, 15, 14, 8, 0, 2, 13, 0, 4, 10, 1, 11, 0, 0, 0, 1, 0, 1, 0, 1, 1, 1, 1, 1, 1, 1, 1, 0]
Fitness: 1513.136988 	[14, 11, 8, 15, 1, 9, 5, 0, 7, 4, 0, 13, 6, 0, 12, 2, 3, 10, 0, 0, 1, 1, 1, 1, 1, 1, 1, 0, 0, 1, 1, 0, 1, 0]
Fitness: 1461.553949 	[2, 4, 13, 0, 10, 5, 15, 14, 8, 0, 1, 11, 3, 0, 6, 12, 7, 9, 0, 0, 0, 1, 1, 1, 0, 1, 1, 1, 1, 0, 1, 1, 1, 0]
Fitness: 1476.255987 	[13, 0, 11, 12, 15, 7, 8, 5, 6, 9, 10, 0, 14, 2, 3, 0, 1, 4, 0, 1, 1, 1, 1, 1, 1, 0, 0, 0, 1, 0, 1, 1, 1, 0]
Fitness: 1480.969810 	[3, 1, 12, 4, 0, 15, 7, 8, 5, 6, 9, 10, 0, 14, 2, 11, 0, 13, 0, 1, 0, 1, 1, 1, 1, 0, 1, 1, 1, 0, 0, 1, 1, 0]
Fitness: 1461.553949 	[11, 6, 12, 7, 9, 0, 10, 1, 3, 5, 15, 14, 8, 0, 2, 13, 0, 4, 0, 1, 0, 1, 1, 1, 0, 0, 1, 1, 1, 0, 1, 1, 1, 0]
Fitness: 1460.918357 	[13, 2, 7, 8, 0, 4, 6, 1, 3, 14, 0, 5, 12, 0, 9, 10, 11, 15, 0, 1, 0, 1, 0, 1, 1, 0, 1, 1, 1, 1, 0, 1, 1, 0]
Fitness: 1461.553949 	[12, 7, 9, 0, 6, 10, 1, 11, 3, 5, 15, 14, 8, 0, 2, 13, 0, 4, 0, 1, 1, 1, 0, 1, 0, 1, 1, 0, 1, 0, 1, 1, 1, 0]
Fitness: 1499.528635 	[2, 13, 0, 10, 1, 11, 3, 5, 15, 14, 8, 0, 4, 0, 6, 12, 7, 9, 0, 1, 0, 1, 0, 1, 0, 1, 1, 1, 1, 0, 1, 1, 1, 0]
Fitness: 1461.553949 	[11, 6, 12, 7, 9, 0, 4, 0, 2, 13, 0, 10, 1, 3, 5, 15, 14, 8, 0, 1, 0, 1, 1, 1, 0, 0, 1, 1, 1, 0, 1, 1, 1, 0]
Fitness: 1495.883358 	[5, 12, 0, 13, 2, 7, 8, 9, 10, 11, 15, 0, 6, 1, 3, 14, 0, 4, 0, 1, 0, 1, 1, 1, 1, 0, 1, 0, 1, 1, 0, 1, 1, 0]
Fitness: 1499.528635 	[4, 0, 10, 1, 11, 3, 5, 15, 14, 8, 0, 6, 12, 7, 9, 0, 2, 13, 0, 1, 0, 1, 0, 1, 0, 1, 1, 1, 1, 0, 1, 1, 1, 0]
Fitness: 1460.918357 	[4, 12, 0, 13, 2, 7, 8, 9, 10, 11, 0, 15, 5, 0, 6, 1, 3, 14, 0, 1, 0, 0, 1, 1, 1, 0, 1, 1, 1, 1, 0, 1, 1, 0]
Fitness: 1461.553949 	[4, 0, 10, 1, 11, 3, 5, 15, 14, 8, 0, 2, 13, 0, 6, 12, 7, 9, 0, 1, 0, 1, 0, 1, 0, 1, 1, 1, 1, 0, 1, 1, 1, 0]
Fitness: 1461.553949 	[6, 12, 7, 9, 0, 4, 0, 2, 13, 0, 10, 1, 11, 3, 5, 15, 14, 8, 0, 1, 0, 1, 0, 1, 0, 1, 1, 1, 1, 0, 1, 1, 1, 0]
Fitness: 1461.553949 	[5, 15, 14, 8, 0, 2, 4, 13, 0, 10, 1, 11, 3, 0, 6, 12, 7, 9, 0, 1, 0, 1, 0, 1, 0, 1, 1, 1, 1, 0, 1, 1, 1, 0]
Fitness: 1513.136988 	[12, 2, 7, 3, 10, 0, 4, 0, 13, 6, 0, 14, 11, 8, 15, 1, 9, 5, 0, 0, 1, 1, 0, 1, 1, 1, 1, 0, 1, 1, 1, 0, 1, 0]
Fitness: 1460.918357 	[4, 0, 6, 1, 3, 14, 0, 13, 2, 7, 8, 9, 10, 11, 0, 15, 5, 12, 0, 1, 0, 0, 1, 1, 1, 0, 1, 0, 1, 1, 1, 1, 1, 0]
Fitness: 1457.251674 	[4, 0, 6, 5, 12, 0, 1, 3, 14, 0, 13, 2, 7, 8, 9, 10, 11, 15, 0, 1, 0, 1, 1, 1, 1, 0, 1, 0, 1, 1, 0, 1, 1, 0]
Fitness: 1457.251674 	[6, 5, 12, 0, 1, 3, 14, 0, 4, 0, 13, 2, 7, 8, 9, 10, 11, 15, 0, 1, 0, 1, 1, 1, 1, 0, 1, 0, 1, 1, 0, 1, 1, 0]
Fitness: 1461.553949 	[6, 12, 7, 9, 0, 10, 11, 3, 5, 15, 14, 8, 0, 1, 2, 13, 0, 4, 0, 1, 0, 1, 1, 1, 0, 1, 0, 1, 1, 0, 1, 1, 1, 0]
Fitness: 1461.553949 	[10, 1, 11, 3, 5, 15, 14, 8, 0, 6, 12, 7, 9, 0, 13, 0, 2, 4, 0, 1, 0, 1, 0, 1, 0, 1, 1, 1, 1, 0, 1, 1, 1, 0]
Fitness: 1460.918357 	[4, 0, 5, 12, 0, 6, 1, 3, 14, 0, 13, 2, 7, 8, 9, 10, 11, 15, 0, 1, 0, 1, 1, 1, 1, 0, 1, 0, 1, 1, 0, 1, 1, 0]
Fitness: 1457.251674 	[1, 3, 14, 0, 4, 0, 6, 5, 12, 0, 13, 2, 7, 8, 9, 10, 11, 15, 0, 1, 0, 1, 1, 1, 1, 0, 1, 0, 1, 1, 0, 1, 1, 0]
Fitness: 1457.251674 	[1, 3, 0, 4, 13, 2, 7, 0, 8, 9, 10, 11, 15, 0, 5, 6, 12, 14, 0, 1, 1, 1, 0, 1, 1, 0, 1, 0, 1, 1, 0, 1, 1, 0]
Fitness: 1565.793554 	[4, 0, 12, 2, 13, 0, 9, 10, 1, 11, 3, 5, 15, 8, 0, 14, 6, 7, 0, 1, 0, 1, 1, 1, 0, 1, 1, 1, 0, 1, 1, 0, 1, 0]
Fitness: 1495.883358 	[4, 6, 7, 8, 9, 10, 11, 13, 15, 0, 1, 3, 14, 0, 5, 12, 0, 2, 0, 1, 0, 1, 1, 1, 1, 0, 1, 0, 1, 1, 0, 1, 1, 0]
Fitness: 1461.553949 	[6, 12, 7, 9, 0, 5, 15, 14, 8, 0, 10, 1, 11, 3, 0, 4, 2, 13, 0, 1, 0, 1, 0, 1, 0, 1, 1, 1, 1, 1, 1, 1, 0, 0]
Fitness: 1480.969810 	[1, 12, 4, 0, 14, 2, 3, 11, 0, 15, 7, 8, 5, 6, 9, 10, 0, 13, 0, 1, 0, 1, 1, 1, 1, 0, 1, 0, 1, 0, 1, 1, 1, 0]
Fitness: 1460.918357 	[4, 0, 6, 1, 3, 14, 0, 13, 2, 7, 8, 9, 10, 11, 15, 0, 5, 12, 0, 1, 0, 1, 1, 1, 1, 0, 1, 0, 1, 1, 0, 1, 1, 0]
Fitness: 1464.836424 	[15, 7, 8, 5, 6, 9, 10, 0, 1, 12, 11, 0, 4, 0, 2, 13, 3, 14, 0, 1, 0, 1, 0, 1, 0, 1, 1, 1, 1, 0, 1, 1, 1, 0]
Fitness: 1460.918357 	[5, 12, 0, 4, 6, 14, 0, 1, 3, 0, 13, 2, 7, 8, 9, 10, 11, 15, 0, 1, 0, 1, 1, 1, 1, 0, 1, 0, 1, 1, 0, 1, 1, 0]
Fitness: 1461.553949 	[2, 4, 13, 0, 10, 5, 15, 14, 8, 0, 6, 12, 7, 9, 0, 1, 11, 3, 0, 0, 0, 1, 1, 1, 0, 1, 1, 1, 1, 0, 1, 1, 1, 0]
Fitness: 1461.553949 	[10, 1, 11, 3, 5, 15, 14, 8, 0, 6, 12, 7, 9, 0, 2, 13, 0, 4, 0, 1, 0, 1, 0, 1, 0, 1, 1, 1, 1, 0, 1, 1, 1, 0]
Fitness: 1513.136988 	[14, 11, 8, 15, 1, 9, 5, 0, 12, 2, 3, 10, 0, 13, 6, 0, 7, 4, 0, 0, 1, 1, 1, 1, 1, 1, 1, 0, 0, 1, 1, 0, 1, 0]
Fitness: 1461.553949 	[10, 1, 11, 3, 5, 15, 14, 8, 0, 6, 12, 7, 9, 0, 2, 13, 0, 4, 0, 1, 0, 1, 0, 1, 0, 1, 1, 1, 1, 0, 1, 1, 1, 0]
Fitness: 1467.145450 	[1, 4, 0, 13, 0, 14, 2, 3, 11, 0, 12, 15, 7, 8, 5, 6, 9, 10, 0, 1, 0, 1, 1, 1, 1, 0, 1, 0, 1, 0, 1, 1, 1, 0]
Fitness: 1461.553949 	[6, 12, 7, 9, 0, 10, 1, 11, 3, 5, 15, 14, 8, 0, 4, 0, 2, 13, 0, 1, 0, 1, 0, 1, 0, 1, 1, 1, 1, 0, 1, 1, 1, 0]
Fitness: 1499.528635 	[10, 1, 11, 3, 5, 15, 14, 8, 0, 6, 12, 7, 9, 0, 4, 0, 2, 13, 0, 1, 0, 1, 0, 1, 0, 1, 1, 1, 1, 0, 1, 1, 1, 0]
Fitness: 1461.553949 	[14, 11, 8, 15, 1, 13, 5, 0, 4, 0, 6, 12, 7, 9, 0, 2, 3, 10, 0, 1, 0, 1, 0, 1, 0, 1, 1, 1, 1, 0, 1, 1, 1, 0]
Fitness: 1499.528635 	[6, 12, 7, 9, 0, 2, 13, 0, 4, 0, 10, 1, 11, 3, 5, 15, 14, 8, 0, 1, 0, 1, 0, 1, 0, 1, 1, 1, 1, 0, 1, 1, 1, 0]
Fitness: 1461.553949 	[1, 12, 3, 0, 5, 6, 7, 8, 9, 10, 11, 14, 15, 0, 2, 13, 0, 4, 0, 1, 0, 1, 0, 1, 0, 1, 1, 1, 1, 0, 1, 1, 1, 0]
Fitness: 1461.553949 	[2, 13, 0, 10, 1, 11, 3, 5, 15, 14, 8, 0, 6, 12, 7, 9, 0, 4, 0, 1, 0, 1, 0, 1, 0, 1, 1, 1, 1, 0, 1, 1, 1, 0]
Fitness: 1461.553949 	[10, 1, 11, 3, 5, 15, 14, 8, 0, 6, 12, 7, 9, 0, 2, 13, 0, 4, 0, 1, 0, 1, 0, 1, 0, 1, 1, 1, 1, 0, 1, 1, 1, 0]
Fitness: 1461.553949 	[6, 12, 7, 9, 0, 2, 13, 0, 10, 1, 11, 3, 5, 15, 14, 8, 0, 4, 0, 1, 0, 1, 0, 1, 0, 1, 1, 1, 1, 0, 1, 1, 1, 0]
Fitness: 1480.969810 	[2, 3, 0, 5, 6, 7, 8, 0, 13, 1, 12, 4, 0, 9, 10, 11, 14, 15, 0, 1, 0, 1, 1, 0, 1, 0, 1, 0, 1, 1, 1, 1, 1, 0]
Fitness: 1513.136988 	[13, 6, 0, 4, 0, 14, 11, 8, 15, 1, 9, 5, 0, 12, 2, 7, 3, 10, 0, 0, 1, 1, 0, 1, 1, 1, 1, 0, 1, 1, 1, 0, 1, 0]
Fitness: 1541.918052 	[4, 0, 12, 2, 7, 3, 10, 0, 13, 6, 0, 14, 11, 8, 15, 1, 9, 5, 0, 0, 1, 1, 0, 1, 1, 1, 1, 0, 1, 1, 0, 1, 1, 0]
Fitness: 1460.918357 	[12, 4, 0, 13, 2, 7, 8, 9, 10, 11, 15, 0, 5, 0, 6, 1, 3, 14, 0, 1, 1, 1, 1, 1, 1, 0, 1, 0, 1, 1, 0, 0, 1, 0]
Fitness: 1461.553949 	[6, 12, 7, 9, 0, 2, 13, 0, 10, 1, 11, 3, 5, 15, 14, 8, 0, 4, 0, 1, 0, 1, 0, 1, 0, 1, 1, 1, 1, 0, 1, 1, 1, 0]
Fitness: 1461.553949 	[10, 1, 11, 3, 5, 15, 14, 0, 6, 12, 7, 9, 0, 2, 13, 0, 8, 4, 0, 1, 0, 1, 1, 1, 0, 0, 1, 1, 1, 0, 1, 1, 1, 0]
Fitness: 1499.528635 	[10, 1, 11, 3, 5, 15, 14, 8, 0, 6, 12, 7, 9, 0, 2, 13, 0, 4, 0, 1, 0, 1, 0, 1, 0, 1, 1, 1, 0, 1, 1, 1, 1, 0]
Fitness: 1467.145450 	[14, 2, 3, 11, 0, 12, 15, 7, 8, 5, 6, 9, 10, 0, 1, 4, 0, 13, 0, 1, 0, 1, 1, 1, 1, 0, 1, 0, 1, 0, 1, 1, 1, 0]
Fitness: 1461.553949 	[10, 1, 11, 3, 5, 15, 14, 8, 0, 6, 12, 7, 9, 0, 2, 13, 0, 4, 0, 1, 0, 1, 0, 1, 0, 1, 1, 1, 1, 0, 1, 1, 1, 0]
Fitness: 1460.918357 	[4, 6, 1, 3, 14, 0, 13, 2, 7, 8, 0, 5, 12, 0, 9, 10, 11, 15, 0, 1, 0, 1, 0, 1, 1, 0, 1, 1, 1, 1, 0, 1, 1, 0]
Fitness: 1472.080913 	[9, 10, 1, 11, 3, 5, 15, 8, 0, 14, 6, 7, 0, 4, 0, 12, 2, 13, 0, 1, 0, 1, 1, 1, 0, 1, 1, 0, 1, 1, 1, 1, 0, 0]
Fitness: 1476.255987 	[12, 7, 8, 5, 6, 9, 10, 0, 13, 0, 15, 14, 2, 3, 11, 0, 1, 4, 0, 1, 0, 0, 1, 1, 1, 1, 1, 0, 1, 0, 1, 1, 1, 0]
Fitness: 1460.918357 	[5, 12, 0, 6, 1, 3, 14, 0, 4, 0, 13, 2, 7, 8, 9, 10, 11, 15, 0, 1, 0, 1, 1, 1, 1, 0, 1, 0, 1, 1, 0, 1, 1, 0]
Time: 0.40234