Fitness: 1565.793554 	[4, 0, 12, 2, 13, 0, 14, 6, 7, 0, 9, 10, 1, 11, 3, 5, 15, 8, 0, 1, 0, 1, 1, 1, 0, 1, 1, 1, 0, 1, 1, 0, 1, 0]
Fitness: 1541.918052 	[12, 2, 7, 3, 10, 0, 4, 0, 13, 6, 0, 14, 11, 8, 15, 1, 9, 5, 0, 0, 1, 1, 0, 1, 1, 1, 1, 0, 1, 1, 1, 0, 1, 0]
Fitness: 1541.918052 	[12, 2, 7, 3, 10, 0, 4, 0, 13, 6, 0, 14, 11, 8, 15, 1, 9, 5, 0, 0, 1, 1, 0, 1, 1, 1, 1, 0, 1, 1, 1, 0, 1, 0]
Fitness: 1541.918052 	[12, 2, 7, 3, 10, 0, 4, 0, 13, 6, 0, 14, 11, 8, 15, 1, 9, 5, 0, 0, 1, 1, 0, 1, 1, 1, 1, 0, 1, 1, 1, 0, 1, 0]
Fitness: 1541.918052 	[12, 2, 7, 3, 10, 0, 4, 0, 13, 6, 0, 14, 11, 8, 15, 1, 9, 5, 0, 0, 1, 1, 0, 1, 1, 1, 1, 0, 1, 1, 1, 0, 1, 0]
Fitness: 1541.918052 	[12, 2, 7, 3, 10, 0, 4, 0, 13, 6, 0, 14, 11, 8, 15, 1, 9, 5, 0, 0, 1, 1, 0, 1, 1, 1, 1, 0, 1, 1, 1, 0, 1, 0]
Fitness: 1540.459097 	[15, 7, 8, 5, 6, 9, 10, 0, 2, 13, 3, 14, 0, 4, 0, 1, 11, 12, 0, 1, 0, 1, 0, 1, 0, 1, 1, 1, 1, 0, 1, 1, 1, 0]
Fitness: 1540.459097 	[15, 7, 8, 5, 6, 9, 10, 0, 2, 13, 3, 14, 0, 4, 0, 1, 11, 12, 0, 1, 0, 1, 0, 1, 0, 1, 1, 1, 1, 0, 1, 1, 1, 0]
Fitness: 1534.822332 	[10, 1, 7, 5, 8, 0, 6, 13, 0, 14, 9, 3, 2, 11, 12, 15, 0, 4, 0, 1, 0, 1, 0, 1, 1, 0, 1, 1, 0, 1, 1, 1, 1, 0]
Fitness: 1534.822332 	[10, 1, 7, 5, 8, 0, 6, 13, 0, 14, 9, 3, 2, 11, 12, 15, 0, 4, 0, 1, 0, 1, 0, 1, 1, 0, 1, 1, 0, 1, 1, 1, 1, 0]
Fitness: 1534.822332 	[10, 1, 7, 5, 8, 0, 14, 9, 3, 2, 11, 12, 15, 0, 6, 13, 0, 4, 0, 1, 0, 1, 0, 1, 1, 0, 1, 1, 0, 1, 1, 1, 1, 0]
Fitness: 1534.822332 	[10, 1, 7, 5, 8, 0, 14, 9, 3, 2, 11, 12, 15, 0, 6, 13, 0, 4, 0, 1, 0, 1, 0, 1, 1, 0, 1, 1, 0, 1, 1, 1, 1, 0]
Fitness: 1534.822332 	[10, 1, 7, 5, 8, 0, 14, 9, 3, 2, 11, 12, 15, 0, 6, 13, 0, 4, 0, 1, 0, 1, 0, 1, 1, 0, 1, 1, 0, 1, 1, 1, 1, 0]
Fitness: 1534.822332 	[10, 1, 7, 5, 8, 0, 14, 9, 3, 2, 11, 12, 15, 0, 6, 13, 0, 4, 0, 1, 0, 1, 0, 1, 1, 0, 1, 1, 0, 1, 1, 1, 1, 0]
Fitness: 1534.822332 	[10, 1, 7, 5, 8, 0, 14, 9, 3, 2, 11, 12, 15, 0, 6, 13, 0, 4, 0, 1, 0, 1, 0, 1, 1, 0, 1, 1, 0, 1, 1, 1, 1, 0]
Fitness: 1522.015765 	[14, 9, 3, 2, 11, 12, 15, 0, 10, 1, 7, 5, 8, 0, 6, 13, 0, 4, 0, 1, 0, 1, 0, 1, 1, 0, 1, 1, 0, 1, 1, 1, 1, 0]
Fitness: 1513.136988 	[14, 11, 8, 15, 1, 9, 5, 0, 4, 0, 13, 6, 0, 12, 2, 7, 3, 10, 0, 0, 1, 1, 0, 1, 1, 1, 1, 0, 1, 1, 1, 0, 1, 0]
Fitness: 1513.136988 	[14, 11, 8, 15, 1, 9, 5, 0, 4, 0, 13, 6, 0, 12, 2, 7, 3, 10, 0, 0, 1, 1, 0, 1, 1, 1, 1, 0, 1, 1, 1, 0, 1, 0]
Fitness: 1513.136988 	[14, 11, 8, 15, 1, 9, 5, 0, 4, 0, 13, 6, 0, 12, 2, 7, 3, 10, 0, 0, 1, 1, 0, 1, 1, 1, 1, 0, 1, 1, 1, 0, 1, 0]
Fitness: 1513.136988 	[14, 11, 8, 15, 1, 9, 5, 0, 4, 0, 13, 6, 0, 12, 2, 7, 3, 10, 0, 0, 1, 1, 0, 1, 1, 1, 1, 0, 1, 1, 1, 0, 1, 0]
Fitness: 1513.136988 	[14, 11, 8, 15, 1, 9, 5, 0, 4, 0, 13, 6, 0, 12, 2, 7, 3, 10, 0, 0, 1, 1, 0, 1, 1, 1, 1, 0, 1, 1, 1, 0, 1, 0]
Fitness: 1513.136988 	[14, 11, 8, 15, 1, 9, 5, 0, 4, 0, 13, 6, 0, 12, 2, 7, 3, 10, 0, 0, 1, 1, 0, 1, 1, 1, 1, 0, 1, 1, 1, 0, 1, 0]
Fitness: 1513.136988 	[14, 11, 8, 15, 1, 9, 5, 0, 4, 0, 13, 6, 0, 12, 2, 7, 3, 10, 0, 0, 1, 1, 0, 1, 1, 1, 1, 0, 1, 1, 1, 0, 1, 0]
Fitness: 1513.136988 	[14, 11, 8, 15, 1, 9, 5, 0, 4, 0, 13, 6, 0, 12, 2, 7, 3, 10, 0, 0, 1, 1, 0, 1, 1, 1, 1, 0, 1, 1, 1, 0, 1, 0]
Fitness: 1513.136988 	[14, 11, 8, 15, 1, 9, 5, 0, 4, 0, 13, 6, 0, 12, 2, 7, 3, 10, 0, 0, 1, 1, 0, 1, 1, 1, 1, 0, 1, 1, 1, 0, 1, 0]
Fitness: 1513.136988 	[14, 11, 8, 15, 1, 9, 5, 0, 4, 0, 13, 6, 0, 12, 2, 7, 3, 10, 0, 0, 1, 1, 0, 1, 1, 1, 1, 0, 1, 1, 1, 0, 1, 0]
Fitness: 1513.136988 	[14, 11, 8, 15, 1, 9, 5, 0, 4, 0, 13, 6, 0, 12, 2, 7, 3, 10, 0, 0, 1, 1, 0, 1, 1, 1, 1, 0, 1, 1, 1, 0, 1, 0]
Fitness: 1513.136988 	[14, 11, 8, 15, 1, 9, 5, 0, 4, 0, 13, 6, 0, 12, 2, 7, 3, 10, 0, 0, 1, 1, 0, 1, 1, 1, 1, 0, 1, 1, 1, 0, 1, 0]
Fitness: 1505.697872 	[10, 6, 12, 7, 9, 0, 1, 11, 3, 5, 15, 14, 8, 0, 2, 13, 0, 4, 0, 1, 0, 1, 0, 1, 0, 1, 1, 1, 1, 0, 1, 1, 1, 0]
Fitness: 1504.631889 	[4, 0, 12, 2, 13, 0, 9, 10, 1, 11, 3, 5, 15, 8, 0, 14, 6, 7, 0, 1, 0, 1, 1, 1, 0, 1, 1, 1, 0, 1, 1, 0, 1, 0]
Fitness: 1504.631889 	[4, 0, 12, 2, 13, 0, 9, 10, 1, 11, 3, 5, 15, 8, 0, 14, 6, 7, 0, 1, 0, 1, 1, 1, 0, 1, 1, 1, 0, 1, 1, 0, 1, 0]
Fitness: 1504.631889 	[12, 2, 13, 0, 4, 0, 9, 10, 1, 11, 3, 5, 15, 8, 0, 14, 6, 7, 0, 1, 0, 1, 1, 1, 0, 1, 1, 1, 0, 1, 1, 0, 1, 0]
Fitness: 1504.259671 	[4, 0, 14, 6, 7, 0, 12, 2, 13, 0, 9, 10, 1, 11, 3, 5, 15, 8, 0, 1, 0, 1, 1, 1, 0, 1, 1, 1, 0, 1, 1, 0, 1, 0]
Fitness: 1504.259671 	[4, 0, 14, 6, 7, 0, 12, 2, 13, 0, 9, 10, 1, 11, 3, 5, 15, 8, 0, 1, 0, 1, 1, 1, 0, 1, 1, 1, 0, 1, 1, 0, 1, 0]
Fitness: 1504.259671 	[4, 0, 14, 6, 7, 0, 12, 2, 13, 0, 9, 10, 1, 11, 3, 5, 15, 8, 0, 1, 0, 1, 1, 1, 0, 1, 1, 1, 0, 1, 1, 0, 1, 0]
Fitness: 1499.528635 	[5, 14, 8, 3, 1, 11, 10, 15, 0, 6, 12, 7, 9, 0, 2, 13, 0, 4, 0, 1, 0, 1, 0, 1, 0, 1, 1, 1, 0, 1, 1, 1, 1, 0]
Fitness: 1499.528635 	[10, 1, 11, 3, 5, 15, 14, 8, 0, 6, 12, 7, 9, 0, 4, 0, 2, 13, 0, 1, 0, 1, 0, 1, 0, 1, 1, 1, 1, 0, 1, 1, 1, 0]
Fitness: 1499.528635 	[10, 1, 11, 3, 5, 15, 14, 8, 0, 6, 12, 7, 9, 0, 4, 0, 2, 13, 0, 1, 0, 1, 0, 1, 0, 1, 1, 1, 1, 0, 1, 1, 1, 0]
Fitness: 1499.528635 	[10, 1, 11, 3, 5, 15, 14, 8, 0, 6, 12, 7, 9, 0, 4, 0, 2, 13, 0, 1, 0, 1, 0, 1, 0, 1, 1, 1, 1, 0, 1, 1, 1, 0]
Fitness: 1499.528635 	[10, 1, 11, 3, 5, 15, 14, 8, 0, 6, 12, 7, 9, 0, 2, 13, 0, 4, 0, 1, 0, 1, 0, 1, 0, 1, 1, 1, 0, 1, 1, 1, 1, 0]
Fitness: 1499.528635 	[10, 1, 11, 3, 5, 15, 14, 8, 0, 6, 12, 7, 9, 0, 4, 0, 2, 13, 0, 1, 0, 1, 0, 1, 0, 1, 1, 1, 1, 0, 1, 1, 1, 0]
Fitness: 1499.528635 	[5, 14, 8, 3, 1, 11, 10, 15, 0, 6, 12, 7, 9, 0, 2, 13, 0, 4, 0, 1, 0, 1, 0, 1, 0, 1, 1, 1, 0, 1, 1, 1, 1, 0]
Fitness: 1499.528635 	[10, 1, 11, 3, 5, 15, 14, 8, 0, 6, 12, 7, 9, 0, 4, 0, 2, 13, 0, 1, 0, 1, 0, 1, 0, 1, 1, 1, 1, 0, 1, 1, 1, 0]
Fitness: 1499.528635 	[10, 1, 11, 3, 5, 15, 14, 8, 0, 6, 12, 7, 9, 0, 4, 0, 2, 13, 0, 1, 0, 1, 0, 1, 0, 1, 1, 1, 1, 0, 1, 1, 1, 0]
Fitness: 1499.528635 	[10, 1, 11, 3, 5, 15, 14, 8, 0, 6, 12, 7, 9, 0, 4, 0, 2, 13, 0, 1, 0, 1, 0, 1, 0, 1, 1, 1, 1, 0, 1, 1, 1, 0]
Fitness: 1499.528635 	[10, 1, 11, 3, 5, 15, 14, 8, 0, 6, 12, 7, 9, 0, 2, 13, 0, 4, 0, 1, 0, 1, 0, 1, 0, 1, 1, 1, 0, 1, 1, 1, 1, 0]
Fitness: 1499.528635 	[10, 1, 11, 3, 5, 15, 14, 8, 0, 6, 12, 7, 9, 0, 4, 0, 2, 13, 0, 1, 0, 1, 0, 1, 0, 1, 1, 1, 1, 0, 1, 1, 1, 0]
Fitness: 1499.528635 	[10, 1, 11, 3, 5, 15, 14, 8, 0, 6, 12, 7, 9, 0, 4, 0, 2, 13, 0, 1, 0, 1, 0, 1, 0, 1, 1, 1, 1, 0, 1, 1, 1, 0]
Fitness: 1499.528635 	[6, 12, 7, 9, 0, 10, 1, 11, 3, 5, 15, 14, 8, 0, 4, 0, 2, 13, 0, 1, 0, 1, 0, 1, 0, 1, 1, 1, 1, 0, 1, 1, 1, 0]
Fitness: 1499.528635 	[6, 12, 7, 9, 0, 10, 1, 11, 3, 5, 15, 14, 8, 0, 2, 13, 0, 4, 0, 1, 0, 1, 0, 1, 0, 1, 1, 1, 0, 1, 1, 1, 1, 0]
Fitness: 1499.528635 	[6, 12, 7, 9, 0, 10, 1, 11, 3, 5, 15, 14, 8, 0, 4, 0, 2, 13, 0, 1, 0, 1, 0, 1, 0, 1, 1, 1, 1, 0, 1, 1, 1, 0]
Fitness: 1499.528635 	[6, 12, 7, 9, 0, 10, 1, 11, 3, 5, 15, 14, 8, 0, 4, 0, 2, 13, 0, 1, 0, 1, 0, 1, 0, 1, 1, 1, 1, 0, 1, 1, 1, 0]
Fitness: 1499.528635 	[6, 12, 7, 9, 0, 10, 1, 11, 3, 5, 15, 14, 8, 0, 4, 0, 2, 13, 0, 1, 0, 1, 0, 1, 0, 1, 1, 1, 1, 0, 1, 1, 1, 0]
Fitness: 1499.528635 	[6, 12, 7, 9, 0, 10, 1, 11, 3, 5, 15, 14, 8, 0, 4, 0, 2, 13, 0, 1, 0, 1, 0, 1, 0, 1, 1, 1, 1, 0, 1, 1, 1, 0]
Fitness: 1499.528635 	[6, 12, 7, 9, 0, 10, 1, 11, 3, 5, 15, 14, 8, 0, 4, 0, 2, 13, 0, 1, 0, 1, 0, 1, 0, 1, 1, 1, 1, 0, 1, 1, 1, 0]
Fitness: 1499.528635 	[6, 12, 7, 9, 0, 10, 1, 11, 3, 5, 15, 14, 8, 0, 4, 0, 2, 13, 0, 1, 0, 1, 0, 1, 0, 1, 1, 1, 1, 0, 1, 1, 1, 0]
Fitness: 1499.528635 	[6, 12, 7, 9, 0, 10, 1, 11, 3, 5, 15, 14, 8, 0, 4, 0, 2, 13, 0, 1, 0, 1, 0, 1, 0, 1, 1, 1, 1, 0, 1, 1, 1, 0]
Fitness: 1499.528635 	[6, 12, 7, 9, 0, 10, 1, 11, 3, 5, 15, 14, 8, 0, 4, 0, 2, 13, 0, 1, 0, 1, 0, 1, 0, 1, 1, 1, 1, 0, 1, 1, 1, 0]
Fitness: 1499.528635 	[6, 12, 7, 9, 0, 10, 1, 11, 3, 5, 15, 14, 8, 0, 4, 0, 2, 13, 0, 1, 0, 1, 0, 1, 0, 1, 1, 1, 1, 0, 1, 1, 1, 0]
Fitness: 1499.528635 	[6, 12, 7, 9, 0, 10, 1, 11, 3, 5, 15, 14, 8, 0, 4, 0, 2, 13, 0, 1, 0, 1, 0, 1, 0, 1, 1, 1, 1, 0, 1, 1, 1, 0]
Fitness: 1499.528635 	[6, 12, 7, 9, 0, 10, 1, 11, 3, 5, 15, 14, 8, 0, 4, 0, 2, 13, 0, 1, 0, 1, 0, 1, 0, 1, 1, 1, 1, 0, 1, 1, 1, 0]
Fitness: 1499.528635 	[6, 12, 7, 9, 0, 10, 1, 11, 3, 5, 15, 14, 8, 0, 4, 0, 2, 13, 0, 1, 0, 1, 0, 1, 0, 1, 1, 1, 1, 0, 1, 1, 1, 0]
Fitness: 1499.528635 	[6, 12, 7, 9, 0, 10, 1, 11, 3, 5, 15, 14, 8, 0, 4, 0, 2, 13, 0, 1, 0, 1, 0, 1, 0, 1, 1, 1, 1, 0, 1, 1, 1, 0]
Fitness: 1499.528635 	[6, 12, 7, 9, 0, 10, 1, 11, 3, 5, 15, 14, 8, 0, 4, 0, 2, 13, 0, 1, 0, 1, 0, 1, 0, 1, 1, 1, 1, 0, 1, 1, 1, 0]
Fitness: 1499.528635 	[6, 12, 7, 9, 0, 10, 1, 11, 3, 5, 15, 14, 8, 0, 4, 0, 2, 13, 0, 1, 0, 1, 0, 1, 0, 1, 1, 1, 1, 0, 1, 1, 1, 0]
Fitness: 1499.528635 	[6, 12, 7, 9, 0, 10, 1, 11, 3, 5, 15, 14, 8, 0, 2, 13, 0, 4, 0, 1, 0, 1, 0, 1, 0, 1, 1, 1, 0, 1, 1, 1, 1, 0]
Fitness: 1499.528635 	[6, 12, 7, 9, 0, 10, 1, 11, 3, 5, 15, 14, 8, 0, 4, 0, 2, 13, 0, 1, 0, 1, 0, 1, 0, 1, 1, 1, 1, 0, 1, 1, 1, 0]
Fitness: 1499.528635 	[6, 12, 7, 9, 0, 10, 1, 11, 3, 5, 15, 14, 8, 0, 4, 0, 2, 13, 0, 1, 0, 1, 0, 1, 0, 1, 1, 1, 1, 0, 1, 1, 1, 0]
Fitness: 1499.528635 	[6, 12, 7, 9, 0, 10, 1, 11, 3, 5, 15, 14, 8, 0, 4, 0, 2, 13, 0, 1, 0, 1, 0, 1, 0, 1, 1, 1, 1, 0, 1, 1, 1, 0]
Fitness: 1499.528635 	[6, 12, 7, 9, 0, 5, 14, 8, 3, 1, 11, 10, 15, 0, 2, 13, 0, 4, 0, 1, 0, 1, 0, 1, 0, 1, 1, 1, 0, 1, 1, 1, 1, 0]
Fitness: 1499.528635 	[6, 12, 7, 9, 0, 10, 1, 11, 3, 5, 15, 14, 8, 0, 2, 13, 0, 4, 0, 1, 0, 1, 0, 1, 0, 1, 1, 1, 0, 1, 1, 1, 1, 0]
Fitness: 1499.528635 	[6, 12, 7, 9, 0, 10, 1, 11, 3, 5, 15, 14, 8, 0, 4, 0, 2, 13, 0, 1, 0, 1, 0, 1, 0, 1, 1, 1, 1, 0, 1, 1, 1, 0]
Fitness: 1499.528635 	[6, 12, 7, 9, 0, 10, 1, 11, 3, 5, 15, 14, 8, 0, 4, 0, 2, 13, 0, 1, 0, 1, 0, 1, 0, 1, 1, 1, 1, 0, 1, 1, 1, 0]
Fitness: 1499.528635 	[6, 12, 7, 9, 0, 10, 1, 11, 3, 5, 15, 14, 8, 0, 4, 0, 2, 13, 0, 1, 0, 1, 0, 1, 0, 1, 1, 1, 1, 0, 1, 1, 1, 0]
Fitness: 1499.528635 	[6, 12, 7, 9, 0, 10, 1, 11, 3, 5, 15, 14, 8, 0, 4, 0, 2, 13, 0, 1, 0, 1, 0, 1, 0, 1, 1, 1, 1, 0, 1, 1, 1, 0]
Fitness: 1499.528635 	[6, 12, 7, 9, 0, 10, 1, 11, 3, 5, 15, 14, 8, 0, 4, 0, 2, 13, 0, 1, 0, 1, 0, 1, 0, 1, 1, 1, 1, 0, 1, 1, 1, 0]
Fitness: 1499.528635 	[6, 12, 7, 9, 0, 10, 1, 11, 3, 5, 15, 14, 8, 0, 4, 0, 2, 13, 0, 1, 0, 1, 0, 1, 0, 1, 1, 1, 1, 0, 1, 1, 1, 0]
Fitness: 1499.528635 	[6, 12, 7, 9, 0, 10, 1, 11, 3, 5, 15, 14, 8, 0, 4, 0, 2, 13, 0, 1, 0, 1, 0, 1, 0, 1, 1, 1, 1, 0, 1, 1, 1, 0]
Fitness: 1499.528635 	[6, 12, 7, 9, 0, 10, 1, 11, 3, 5, 15, 14, 8, 0, 4, 0, 2, 13, 0, 1, 0, 1, 0, 1, 0, 1, 1, 1, 1, 0, 1, 1, 1, 0]
Fitness: 1499.528635 	[6, 12, 7, 9, 0, 10, 1, 11, 3, 5, 15, 14, 8, 0, 4, 0, 2, 13, 0, 1, 0, 1, 0, 1, 0, 1, 1, 1, 1, 0, 1, 1, 1, 0]
Fitness: 1499.528635 	[6, 12, 7, 9, 0, 10, 1, 11, 3, 5, 15, 14, 8, 0, 4, 0, 2, 13, 0, 1, 0, 1, 0, 1, 0, 1, 1, 1, 1, 0, 1, 1, 1, 0]
Fitness: 1499.528635 	[6, 12, 7, 9, 0, 10, 1, 11, 3, 5, 15, 14, 8, 0, 4, 0, 2, 13, 0, 1, 0, 1, 0, 1, 0, 1, 1, 1, 1, 0, 1, 1, 1, 0]
Fitness: 1495.971761 	[10, 6, 12, 7, 9, 0, 1, 11, 3, 5, 15, 14, 8, 0, 2, 13, 0, 4, 0, 1, 0, 1, 0, 1, 1, 0, 1, 1, 1, 0, 1, 1, 1, 0]
Fitness: 1495.883358 	[4, 0, 13, 2, 7, 8, 9, 10, 11, 15, 0, 6, 1, 3, 14, 0, 5, 12, 0, 1, 0, 1, 1, 1, 1, 0, 1, 0, 1, 1, 0, 1, 1, 0]
Fitness: 1495.883358 	[4, 0, 13, 2, 7, 8, 9, 10, 11, 15, 0, 6, 1, 3, 14, 0, 5, 12, 0, 1, 0, 1, 1, 1, 1, 0, 1, 0, 1, 1, 0, 1, 1, 0]
Fitness: 1495.883358 	[4, 0, 13, 2, 7, 8, 9, 10, 11, 15, 0, 5, 12, 0, 6, 1, 3, 14, 0, 1, 0, 1, 1, 1, 1, 0, 1, 0, 1, 1, 0, 1, 1, 0]
Fitness: 1495.883358 	[4, 0, 13, 2, 7, 8, 9, 10, 11, 15, 0, 6, 1, 3, 14, 0, 5, 12, 0, 1, 0, 1, 1, 1, 1, 0, 1, 0, 1, 1, 0, 1, 1, 0]
Fitness: 1495.883358 	[4, 0, 13, 2, 7, 8, 9, 10, 11, 15, 0, 6, 1, 3, 14, 0, 5, 12, 0, 1, 0, 1, 1, 1, 1, 0, 1, 0, 1, 1, 0, 1, 1, 0]
Fitness: 1495.883358 	[4, 0, 13, 2, 7, 8, 9, 10, 11, 15, 0, 6, 1, 3, 14, 0, 5, 12, 0, 1, 0, 1, 1, 1, 1, 0, 1, 0, 1, 1, 0, 1, 1, 0]
Fitness: 1495.883358 	[4, 0, 13, 2, 7, 8, 9, 10, 11, 15, 0, 5, 12, 0, 6, 1, 3, 14, 0, 1, 0, 1, 1, 1, 1, 0, 1, 0, 1, 1, 0, 1, 1, 0]
Fitness: 1495.883358 	[4, 0, 13, 2, 7, 8, 9, 10, 11, 15, 0, 6, 1, 3, 14, 0, 5, 12, 0, 1, 0, 1, 1, 1, 1, 0, 1, 0, 1, 1, 0, 1, 1, 0]
Fitness: 1495.883358 	[4, 0, 13, 2, 7, 8, 9, 10, 11, 15, 0, 6, 1, 3, 14, 0, 5, 12, 0, 1, 0, 1, 1, 1, 1, 0, 1, 0, 1, 1, 0, 1, 1, 0]
Fitness: 1493.772946 	[13, 6, 0, 4, 0, 2, 1, 0, 3, 5, 7, 8, 9, 10, 11, 12, 14, 15, 0, 0, 1, 1, 0, 1, 1, 1, 1, 0, 1, 1, 1, 0, 1, 0]
Fitness: 1491.941394 	[12, 2, 7, 3, 10, 0, 4, 0, 13, 6, 0, 14, 11, 8, 15, 1, 9, 5, 0, 0, 1, 1, 0, 1, 1, 1, 1, 0, 1, 1, 0, 1, 1, 0]
Fitness: 1488.889146 	[14, 11, 8, 15, 1, 9, 5, 0, 13, 6, 0, 4, 0, 12, 2, 7, 3, 10, 0, 0, 1, 1, 0, 1, 1, 1, 1, 0, 1, 1, 1, 0, 1, 0]
Fitness: 1483.693196 	[1, 12, 3, 0, 5, 6, 7, 8, 9, 10, 11, 14, 15, 0, 2, 13, 0, 4, 0, 1, 0, 1, 0, 1, 0, 1, 1, 1, 1, 0, 1, 1, 1, 0]
Fitness: 1481.726233 	[1, 12, 11, 0, 15, 2, 3, 6, 9, 0, 7, 8, 5, 13, 14, 10, 0, 4, 0, 1, 0, 1, 1, 0, 1, 0, 1, 1, 0, 1, 1, 1, 1, 0]
Fitness: 1480.969810 	[1, 12, 4, 0, 14, 2, 3, 11, 0, 15, 7, 8, 5, 6, 9, 10, 0, 13, 0, 1, 0, 1, 1, 1, 1, 0, 1, 0, 1, 0, 1, 1, 1, 0]
Fitness: 1480.969810 	[1, 12, 4, 0, 14, 2, 3, 11, 0, 15, 7, 8, 5, 6, 9, 10, 0, 13, 0, 1, 0, 1, 1, 1, 1, 0, 1, 0, 1, 0, 1, 1, 1, 0]
Fitness: 1480.969810 	[1, 12, 4, 0, 14, 2, 3, 11, 0, 15, 7, 8, 5, 6, 9, 10, 0, 13, 0, 1, 0, 1, 1, 1, 1, 0, 1, 0, 1, 0, 1, 1, 1, 0]
Fitness: 1480.969810 	[1, 12, 4, 0, 14, 2, 3, 11, 0, 15, 7, 8, 5, 6, 9, 10, 0, 13, 0, 1, 0, 1, 1, 1, 1, 0, 1, 0, 1, 0, 1, 1, 1, 0]
Fitness: 1499.528635 	[10, 1, 11, 3, 5, 15, 14, 8, 0, 6, 12, 7, 9, 0, 4, 0, 2, 13, 0, 1, 0, 1, 0, 1, 0, 1, 1, 1, 1, 0, 1, 1, 1, 0]
Fitness: 1480.969810 	[15, 7, 8, 5, 6, 9, 10, 0, 1, 12, 4, 0, 11, 0, 2, 13, 3, 14, 0, 1, 0, 1, 1, 1, 1, 0, 1, 0, 1, 0, 1, 1, 1, 0]
Fitness: 1499.528635 	[4, 13, 0, 10, 1, 11, 3, 5, 15, 14, 8, 0, 6, 12, 7, 9, 0, 2, 0, 1, 0, 1, 0, 1, 0, 1, 1, 1, 1, 0, 1, 1, 1, 0]
Fitness: 1495.883358 	[4, 0, 13, 2, 7, 8, 9, 10, 11, 15, 0, 6, 1, 3, 14, 0, 5, 12, 0, 1, 0, 1, 0, 1, 0, 1, 1, 1, 1, 1, 0, 1, 1, 0]
Fitness: 1540.459097 	[15, 7, 8, 5, 6, 9, 10, 0, 2, 13, 3, 14, 0, 4, 0, 1, 11, 12, 0, 1, 0, 1, 0, 1, 0, 1, 1, 1, 1, 0, 1, 1, 1, 0]
Fitness: 1495.883358 	[15, 7, 8, 5, 2, 9, 10, 0, 6, 1, 3, 14, 0, 4, 0, 13, 11, 12, 0, 1, 0, 1, 1, 1, 1, 0, 1, 0, 1, 1, 0, 1, 1, 0]
Fitness: 1504.259671 	[4, 0, 14, 6, 7, 0, 12, 2, 13, 0, 9, 10, 1, 11, 3, 5, 15, 8, 0, 1, 0, 1, 1, 1, 0, 1, 1, 0, 1, 1, 1, 0, 1, 0]
Fitness: 1513.136988 	[14, 11, 8, 15, 1, 9, 5, 0, 4, 0, 13, 6, 0, 12, 2, 7, 3, 10, 0, 0, 1, 1, 0, 1, 1, 1, 1, 0, 1, 1, 1, 0, 1, 0]
Fitness: 1504.259671 	[9, 10, 1, 11, 3, 5, 15, 8, 0, 12, 2, 13, 0, 4, 6, 0, 14, 7, 0, 1, 0, 1, 1, 1, 0, 1, 1, 1, 0, 1, 1, 0, 1, 0]
Fitness: 1504.631889 	[4, 0, 12, 2, 13, 0, 9, 10, 1, 11, 3, 5, 15, 8, 0, 14, 6, 7, 0, 1, 0, 1, 0, 1, 0, 1, 1, 1, 1, 1, 1, 0, 1, 0]
Fitness: 1499.528635 	[6, 12, 7, 9, 0, 10, 1, 11, 3, 5, 15, 14, 8, 0, 4, 0, 2, 13, 0, 1, 0, 1, 0, 1, 0, 1, 1, 1, 1, 0, 1, 1, 1, 0]
Fitness: 1504.631889 	[1, 3, 4, 9, 0, 14, 6, 7, 0, 12, 2, 13, 0, 5, 8, 10, 11, 15, 0, 1, 0, 1, 1, 1, 0, 1, 1, 1, 0, 1, 1, 0, 1, 0]
Fitness: 1499.528635 	[6, 12, 7, 9, 0, 10, 1, 11, 3, 5, 15, 14, 8, 0, 4, 0, 2, 13, 0, 1, 0, 1, 0, 1, 0, 1, 1, 1, 1, 0, 1, 1, 1, 0]
Fitness: 1505.697872 	[10, 6, 12, 7, 9, 0, 1, 11, 3, 5, 15, 14, 8, 0, 2, 13, 0, 4, 0, 1, 0, 1, 0, 1, 0, 1, 1, 1, 1, 0, 1, 1, 1, 0]
Fitness: 1499.528635 	[6, 12, 7, 9, 0, 4, 0, 2, 13, 0, 1, 3, 5, 8, 10, 11, 14, 15, 0, 1, 0, 1, 0, 1, 0, 1, 1, 1, 1, 0, 1, 1, 1, 0]
Fitness: 1513.136988 	[14, 11, 8, 15, 1, 9, 5, 0, 4, 0, 13, 6, 0, 12, 2, 7, 3, 10, 0, 0, 0, 1, 1, 1, 1, 1, 1, 0, 1, 1, 1, 0, 1, 0]
Fitness: 1495.883358 	[4, 0, 13, 2, 7, 8, 9, 10, 11, 15, 0, 6, 1, 3, 14, 0, 5, 12, 0, 1, 0, 1, 1, 1, 1, 0, 1, 0, 1, 1, 0, 1, 1, 0]
Fitness: 1513.136988 	[4, 0, 14, 11, 8, 15, 1, 9, 5, 0, 6, 2, 3, 10, 0, 13, 12, 7, 0, 0, 1, 1, 0, 1, 1, 1, 1, 0, 1, 1, 1, 0, 1, 0]
Fitness: 1499.528635 	[10, 1, 11, 3, 5, 15, 14, 8, 0, 6, 12, 7, 9, 0, 4, 0, 2, 13, 0, 1, 0, 1, 0, 1, 0, 1, 1, 1, 1, 0, 1, 1, 1, 0]
Fitness: 1483.693196 	[1, 12, 3, 0, 5, 6, 7, 8, 9, 10, 11, 14, 15, 0, 2, 13, 0, 4, 0, 1, 0, 1, 0, 1, 0, 1, 1, 1, 1, 0, 1, 1, 1, 0]
Fitness: 1499.528635 	[4, 0, 10, 1, 11, 3, 5, 15, 14, 8, 0, 2, 13, 0, 9, 12, 6, 7, 0, 1, 0, 1, 0, 1, 0, 1, 1, 1, 1, 0, 1, 1, 1, 0]
Fitness: 1513.136988 	[14, 11, 8, 15, 1, 9, 5, 0, 4, 0, 13, 6, 0, 12, 2, 7, 3, 10, 0, 0, 1, 1, 0, 1, 1, 1, 1, 0, 1, 1, 1, 0, 1, 0]
Fitness: 1513.136988 	[14, 11, 8, 15, 1, 9, 5, 0, 4, 0, 13, 6, 0, 12, 2, 7, 3, 10, 0, 0, 1, 1, 0, 1, 1, 1, 1, 0, 1, 1, 1, 0, 1, 0]
Fitness: 1513.136988 	[4, 13, 6, 0, 14, 11, 8, 0, 12, 2, 7, 3, 10, 0, 15, 1, 9, 5, 0, 0, 1, 1, 0, 1, 1, 1, 1, 0, 1, 1, 1, 0, 1, 0]
Fitness: 1541.918052 	[4, 0, 12, 2, 7, 3, 10, 0, 1, 0, 5, 13, 6, 8, 9, 11, 14, 15, 0, 0, 1, 1, 0, 1, 1, 1, 1, 0, 1, 1, 1, 0, 1, 0]
Fitness: 1499.528635 	[6, 12, 7, 9, 0, 10, 1, 11, 3, 5, 15, 14, 8, 0, 4, 0, 2, 13, 0, 1, 0, 1, 0, 1, 0, 1, 1, 1, 1, 0, 1, 1, 1, 0]
Fitness: 1499.528635 	[6, 12, 7, 9, 0, 10, 1, 11, 3, 5, 15, 14, 8, 0, 4, 0, 2, 13, 0, 1, 0, 1, 0, 1, 0, 1, 1, 1, 1, 0, 1, 1, 1, 0]
Fitness: 1499.528635 	[2, 13, 0, 6, 12, 7, 9, 0, 4, 0, 1, 3, 5, 8, 10, 11, 14, 15, 0, 1, 0, 1, 0, 1, 0, 1, 1, 1, 1, 0, 1, 1, 1, 0]
Fitness: 1499.528635 	[13, 6, 0, 9, 0, 4, 0, 10, 1, 11, 3, 5, 15, 14, 8, 2, 12, 7, 0, 1, 0, 1, 0, 1, 0, 1, 1, 1, 1, 0, 1, 1, 1, 0]
Fitness: 1499.528635 	[6, 12, 7, 9, 0, 10, 1, 11, 3, 5, 15, 14, 8, 0, 4, 0, 2, 13, 0, 1, 0, 1, 0, 1, 0, 1, 1, 1, 1, 0, 1, 1, 1, 0]
Fitness: 1499.528635 	[6, 12, 7, 9, 0, 10, 1, 11, 3, 5, 15, 14, 8, 0, 4, 0, 2, 13, 0, 1, 0, 1, 0, 1, 0, 1, 1, 1, 1, 0, 1, 1, 1, 0]
Fitness: 1499.528635 	[6, 12, 7, 9, 0, 10, 1, 11, 3, 5, 15, 14, 8, 0, 2, 13, 0, 4, 0, 1, 0, 1, 0, 1, 0, 1, 1, 1, 1, 0, 1, 1, 1, 0]
Fitness: 1481.726233 	[1, 12, 11, 0, 15, 2, 3, 6, 9, 0, 7, 8, 5, 13, 14, 10, 0, 4, 0, 1, 0, 1, 1, 0, 1, 0, 1, 1, 0, 1, 1, 1, 1, 0]
Fitness: 1534.822332 	[10, 1, 7, 5, 8, 0, 14, 9, 3, 2, 11, 12, 15, 0, 6, 13, 0, 4, 0, 1, 0, 1, 0, 1, 1, 0, 1, 1, 0, 1, 1, 1, 1, 0]
Fitness: 1481.726233 	[10, 4, 7, 5, 8, 0, 14, 13, 0, 1, 12, 11, 0, 15, 2, 3, 6, 9, 0, 1, 0, 1, 1, 0, 1, 0, 1, 1, 0, 1, 1, 1, 1, 0]
Fitness: 1499.528635 	[6, 12, 7, 9, 0, 10, 1, 11, 3, 5, 15, 14, 8, 0, 4, 0, 2, 13, 0, 1, 0, 1, 0, 1, 0, 1, 1, 1, 1, 0, 1, 1, 1, 0]
Fitness: 1540.459097 	[15, 7, 8, 5, 6, 9, 10, 0, 2, 13, 3, 14, 0, 4, 0, 1, 11, 12, 0, 1, 0, 1, 0, 1, 0, 1, 1, 1, 1, 0, 1, 1, 1, 0]
Fitness: 1499.528635 	[4, 0, 2, 13, 0, 6, 12, 7, 9, 0, 10, 1, 11, 3, 5, 15, 14, 8, 0, 1, 0, 1, 0, 1, 0, 1, 1, 1, 1, 0, 1, 1, 1, 0]
Fitness: 1541.918052 	[14, 11, 8, 15, 1, 9, 5, 0, 13, 6, 0, 2, 10, 3, 4, 0, 7, 12, 0, 0, 1, 1, 0, 1, 1, 1, 1, 0, 1, 1, 1, 0, 1, 0]
Fitness: 1534.822332 	[10, 1, 7, 5, 8, 0, 14, 9, 3, 2, 11, 12, 15, 0, 6, 13, 0, 4, 0, 1, 0, 1, 0, 1, 1, 0, 1, 1, 0, 1, 1, 1, 1, 0]
Fitness: 1499.528635 	[10, 1, 11, 3, 5, 15, 14, 8, 0, 6, 12, 7, 9, 0, 4, 0, 2, 13, 0, 1, 0, 1, 0, 1, 0, 1, 1, 1, 1, 0, 1, 1, 1, 0]
Fitness: 1534.822332 	[4, 0, 6, 13, 0, 1, 0, 2, 3, 5, 7, 8, 9, 10, 11, 12, 14, 15, 0, 1, 0, 1, 0, 1, 1, 0, 1, 1, 0, 1, 1, 1, 1, 0]
Fitness: 1513.136988 	[2, 12, 7, 9, 0, 10, 1, 11, 3, 5, 15, 14, 8, 0, 4, 0, 13, 6, 0, 0, 1, 1, 0, 1, 1, 1, 1, 0, 1, 1, 1, 0, 1, 0]
Fitness: 1495.883358 	[4, 0, 13, 2, 7, 8, 9, 10, 11, 15, 0, 6, 1, 3, 14, 0, 5, 12, 0, 1, 0, 1, 1, 1, 1, 0, 1, 0, 1, 1, 0, 1, 1, 0]
Fitness: 1499.528635 	[10, 1, 11, 3, 5, 15, 14, 8, 0, 6, 12, 7, 9, 0, 4, 0, 2, 13, 0, 1, 0, 1, 0, 1, 0, 1, 1, 1, 1, 0, 1, 1, 1, 0]
Fitness: 1495.883358 	[10, 1, 11, 3, 9, 15, 14, 8, 0, 4, 0, 5, 12, 0, 2, 13, 6, 7, 0, 1, 0, 1, 1, 1, 1, 0, 1, 0, 1, 1, 0, 1, 1, 0]
Fitness: 1499.528635 	[10, 1, 11, 3, 5, 15, 14, 8, 0, 6, 12, 7, 9, 0, 4, 0, 2, 13, 0, 1, 0, 1, 0, 1, 0, 1, 1, 1, 1, 0, 1, 1, 1, 0]
Fitness: 1495.883358 	[4, 0, 13, 2, 7, 8, 9, 10, 11, 15, 0, 6, 1, 3, 14, 0, 5, 12, 0, 1, 0, 1, 1, 1, 1, 0, 1, 0, 1, 1, 0, 1, 1, 0]
Fitness: 1499.528635 	[2, 13, 0, 6, 12, 7, 9, 0, 4, 1, 3, 14, 0, 5, 8, 10, 11, 15, 0, 1, 0, 1, 0, 1, 0, 1, 1, 1, 1, 0, 1, 1, 1, 0]
Fitness: 1513.136988 	[14, 11, 8, 15, 1, 9, 5, 0, 4, 0, 13, 6, 0, 12, 2, 7, 3, 10, 0, 0, 1, 1, 1, 1, 0, 1, 1, 0, 1, 1, 1, 0, 1, 0]
Fitness: 1504.259671 	[4, 0, 14, 6, 7, 0, 12, 2, 13, 0, 9, 10, 1, 11, 3, 5, 15, 8, 0, 1, 0, 1, 1, 1, 0, 1, 1, 1, 0, 1, 1, 0, 1, 0]
Fitness: 1513.136988 	[1, 0, 14, 2, 7, 0, 4, 0, 13, 6, 3, 5, 8, 9, 10, 11, 12, 15, 0, 0, 1, 1, 0, 1, 1, 1, 1, 0, 1, 1, 1, 0, 1, 0]
Fitness: 1499.528635 	[6, 12, 7, 9, 0, 10, 1, 11, 3, 5, 15, 14, 8, 0, 4, 0, 2, 13, 0, 1, 0, 1, 0, 1, 0, 1, 1, 1, 0, 1, 1, 1, 1, 0]
Fitness: 1499.528635 	[6, 12, 7, 9, 0, 5, 14, 8, 3, 1, 11, 10, 15, 0, 2, 13, 0, 4, 0, 1, 0, 1, 0, 1, 0, 1, 1, 1, 0, 1, 1, 1, 1, 0]
Fitness: 1499.528635 	[2, 13, 0, 10, 1, 11, 3, 5, 15, 14, 8, 0, 9, 12, 0, 4, 6, 7, 0, 1, 0, 1, 0, 1, 0, 1, 1, 1, 1, 0, 1, 1, 1, 0]
Fitness: 1499.528635 	[6, 12, 7, 9, 0, 10, 1, 11, 3, 5, 15, 14, 8, 0, 4, 0, 2, 13, 0, 1, 0, 1, 0, 1, 0, 1, 1, 1, 0, 1, 1, 1, 1, 0]
Fitness: 1504.631889 	[12, 2, 13, 0, 4, 0, 9, 10, 1, 11, 3, 5, 15, 8, 0, 14, 6, 7, 0, 1, 0, 1, 1, 1, 0, 1, 1, 1, 0, 1, 1, 0, 1, 0]
Fitness: 1499.528635 	[1, 2, 13, 0, 6, 12, 7, 9, 0, 4, 0, 14, 3, 5, 8, 10, 11, 15, 0, 1, 0, 1, 0, 1, 0, 1, 1, 1, 1, 0, 1, 1, 1, 0]
Fitness: 1499.528635 	[2, 6, 7, 9, 12, 0, 4, 0, 10, 1, 11, 3, 5, 15, 14, 8, 0, 13, 0, 1, 0, 1, 0, 1, 0, 1, 1, 1, 1, 0, 1, 1, 1, 0]
Fitness: 1499.528635 	[6, 12, 7, 9, 0, 10, 1, 11, 3, 5, 15, 14, 8, 0, 4, 0, 2, 13, 0, 1, 0, 1, 0, 1, 0, 1, 1, 0, 1, 1, 1, 1, 1, 0]
Fitness: 1541.918052 	[12, 2, 7, 3, 10, 0, 4, 0, 13, 6, 0, 14, 11, 8, 15, 1, 9, 5, 0, 0, 1, 1, 0, 1, 1, 1, 1, 0, 1, 1, 1, 0, 1, 0]
Fitness: 1499.528635 	[12, 1, 7, 3, 10, 0, 5, 0, 4, 0, 2, 13, 6, 8, 9, 11, 14, 15, 0, 1, 0, 1, 0, 1, 0, 1, 1, 1, 1, 0, 1, 1, 1, 0]
Fitness: 1540.459097 	[15, 7, 8, 5, 6, 9, 10, 0, 1, 2, 13, 3, 14, 0, 4, 0, 11, 12, 0, 1, 0, 1, 0, 1, 0, 1, 1, 1, 1, 1, 1, 0, 1, 0]
Fitness: 1504.259671 	[4, 0, 6, 7, 0, 12, 2, 13, 0, 14, 9, 10, 1, 11, 3, 5, 15, 8, 0, 1, 1, 1, 1, 0, 0, 1, 1, 1, 0, 1, 1, 0, 1, 0]
Fitness: 1513.136988 	[14, 8, 15, 1, 9, 5, 0, 4, 0, 11, 13, 6, 0, 12, 2, 7, 3, 10, 0, 0, 0, 1, 0, 1, 1, 1, 1, 1, 1, 1, 1, 0, 1, 0]
Fitness: 1513.136988 	[14, 11, 8, 15, 1, 9, 0, 4, 0, 5, 13, 6, 0, 12, 2, 7, 3, 10, 0, 0, 1, 1, 0, 1, 1, 1, 1, 0, 1, 1, 1, 1, 0, 0]
Fitness: 1499.528635 	[6, 12, 7, 9, 0, 3, 5, 15, 14, 8, 0, 4, 10, 1, 11, 0, 2, 13, 0, 1, 0, 1, 1, 1, 0, 0, 1, 1, 1, 0, 1, 1, 1, 0]
Fitness: 1499.528635 	[6, 12, 7, 0, 10, 1, 11, 3, 5, 15, 14, 8, 0, 4, 0, 9, 2, 13, 0, 1, 1, 1, 0, 0, 0, 1, 1, 1, 1, 0, 1, 1, 1, 0]
Fitness: 1499.528635 	[6, 12, 7, 9, 0, 10, 1, 11, 5, 15, 14, 8, 0, 3, 4, 0, 2, 13, 0, 1, 0, 1, 1, 1, 0, 0, 1, 1, 1, 0, 1, 1, 1, 0]
Fitness: 1513.136988 	[14, 4, 13, 6, 0, 11, 8, 0, 12, 2, 7, 3, 10, 0, 15, 1, 9, 5, 0, 0, 1, 1, 0, 1, 1, 0, 1, 1, 1, 1, 1, 0, 1, 0]
Fitness: 1499.528635 	[12, 7, 9, 0, 6, 10, 1, 11, 3, 5, 15, 14, 8, 0, 4, 0, 2, 13, 0, 1, 1, 1, 0, 1, 0, 1, 0, 1, 1, 0, 1, 1, 1, 0]
Fitness: 1513.136988 	[15, 1, 9, 5, 0, 14, 11, 8, 0, 13, 6, 0, 4, 12, 2, 7, 3, 10, 0, 0, 1, 1, 1, 1, 1, 1, 1, 0, 1, 0, 1, 0, 1, 0]
Fitness: 1495.883358 	[13, 2, 7, 8, 0, 9, 10, 11, 15, 0, 4, 6, 1, 3, 14, 0, 5, 12, 0, 1, 0, 1, 1, 1, 1, 1, 1, 0, 1, 1, 0, 1, 0, 0]
Fitness: 1495.883358 	[4, 0, 13, 2, 7, 8, 9, 10, 15, 0, 11, 6, 1, 3, 14, 0, 5, 12, 0, 1, 0, 1, 1, 1, 1, 0, 1, 0, 1, 0, 1, 1, 1, 0]
Fitness: 1499.528635 	[6, 12, 7, 0, 9, 10, 1, 11, 3, 5, 15, 14, 8, 0, 4, 0, 2, 13, 0, 1, 1, 1, 0, 1, 0, 0, 1, 1, 1, 0, 1, 1, 1, 0]
Fitness: 1541.918052 	[7, 4, 0, 12, 2, 3, 10, 0, 1, 0, 5, 13, 6, 8, 9, 11, 14, 15, 0, 0, 1, 1, 0, 1, 1, 0, 1, 1, 1, 1, 1, 0, 1, 0]
Fitness: 1540.459097 	[7, 8, 5, 6, 9, 10, 0, 2, 13, 3, 14, 0, 15, 4, 0, 1, 11, 12, 0, 1, 0, 1, 0, 1, 1, 1, 1, 1, 1, 0, 1, 0, 1, 0]
Fitness: 1499.528635 	[2, 6, 7, 9, 12, 0, 13, 4, 0, 5, 15, 14, 8, 0, 10, 1, 11, 3, 0, 1, 0, 1, 1, 1, 0, 1, 1, 1, 1, 0, 1, 0, 1, 0]
Fitness: 1499.528635 	[6, 12, 9, 0, 10, 1, 11, 3, 5, 15, 14, 8, 0, 7, 4, 0, 2, 13, 0, 1, 0, 1, 1, 1, 0, 1, 1, 1, 0, 0, 1, 1, 1, 0]
Fitness: 1499.528635 	[6, 12, 7, 9, 0, 2, 10, 1, 11, 3, 5, 15, 14, 8, 0, 4, 0, 13, 0, 1, 0, 1, 0, 1, 1, 1, 1, 1, 0, 1, 1, 0, 1, 0]
Fitness: 1499.528635 	[2, 6, 12, 7, 9, 0, 10, 1, 11, 3, 5, 15, 14, 8, 0, 4, 0, 13, 0, 1, 0, 1, 0, 1, 1, 1, 1, 1, 1, 0, 1, 0, 1, 0]
Fitness: 1495.971761 	[10, 6, 12, 7, 9, 0, 5, 15, 14, 8, 0, 4, 2, 13, 0, 1, 11, 3, 0, 1, 0, 1, 1, 1, 0, 0, 1, 1, 1, 0, 1, 1, 1, 0]
Fitness: 1565.793554 	[9, 10, 1, 11, 0, 4, 12, 2, 13, 0, 14, 6, 7, 0, 3, 5, 15, 8, 0, 1, 1, 1, 1, 1, 0, 1, 1, 0, 0, 1, 1, 0, 1, 0]
Fitness: 1504.631889 	[6, 4, 0, 12, 2, 13, 0, 9, 10, 1, 11, 3, 5, 15, 8, 0, 14, 7, 0, 1, 0, 1, 1, 1, 1, 0, 1, 1, 0, 1, 1, 0, 1, 0]
Fitness: 1495.883358 	[4, 13, 2, 7, 0, 8, 9, 10, 11, 15, 0, 6, 1, 3, 14, 0, 5, 12, 0, 1, 0, 0, 1, 1, 1, 0, 1, 0, 1, 1, 1, 1, 1, 0]
Fitness: 1513.136988 	[15, 1, 9, 5, 0, 4, 14, 11, 8, 0, 13, 6, 0, 12, 2, 7, 3, 10, 0, 0, 1, 1, 0, 1, 0, 1, 1, 1, 1, 1, 1, 0, 1, 0]
Fitness: 1495.883358 	[5, 4, 0, 13, 2, 7, 8, 9, 10, 11, 15, 0, 6, 1, 3, 14, 0, 12, 0, 1, 0, 1, 0, 1, 1, 1, 1, 1, 0, 1, 0, 1, 1, 0]
Fitness: 1499.528635 	[10, 1, 11, 3, 5, 15, 14, 0, 6, 12, 7, 9, 0, 8, 4, 0, 2, 13, 0, 1, 0, 1, 0, 1, 0, 1, 1, 0, 1, 1, 1, 1, 1, 0]
Fitness: 1491.941394 	[12, 2, 7, 3, 10, 0, 4, 14, 11, 8, 0, 13, 6, 0, 15, 1, 9, 5, 0, 0, 1, 1, 0, 1, 0, 1, 1, 0, 1, 1, 1, 1, 1, 0]
Fitness: 1499.528635 	[6, 12, 7, 9, 0, 4, 0, 13, 0, 2, 1, 3, 5, 8, 10, 11, 14, 15, 0, 1, 0, 1, 0, 1, 0, 0, 1, 1, 1, 1, 1, 1, 1, 0]
Fitness: 1541.918052 	[13, 12, 2, 7, 3, 10, 0, 4, 0, 6, 0, 14, 11, 8, 15, 1, 9, 5, 0, 0, 1, 1, 0, 1, 1, 1, 1, 0, 1, 1, 1, 1, 0, 0]
Fitness: 1481.726233 	[1, 12, 11, 0, 15, 2, 3, 6, 9, 0, 5, 13, 14, 10, 0, 4, 7, 8, 0, 0, 0, 1, 1, 0, 1, 1, 1, 1, 0, 1, 1, 1, 1, 0]
Fitness: 1499.528635 	[6, 12, 7, 0, 10, 1, 11, 3, 5, 15, 14, 8, 0, 9, 2, 13, 0, 4, 0, 1, 1, 0, 0, 1, 0, 1, 1, 1, 0, 1, 1, 1, 1, 0]
Fitness: 1534.822332 	[1, 7, 5, 8, 0, 14, 9, 3, 2, 11, 12, 15, 0, 10, 6, 13, 0, 4, 0, 1, 0, 1, 1, 1, 1, 0, 1, 1, 0, 1, 1, 0, 1, 0]
Fitness: 1495.883358 	[13, 2, 7, 8, 0, 9, 10, 11, 15, 0, 6, 1, 3, 14, 0, 4, 5, 12, 0, 1, 0, 1, 0, 1, 1, 0, 1, 0, 1, 1, 1, 1, 1, 0]
Fitness: 1534.822332 	[10, 1, 7, 5, 8, 0, 14, 9, 3, 2, 11, 12, 15, 0, 6, 0, 13, 4, 0, 1, 0, 1, 0, 1, 1, 0, 1, 1, 1, 1, 1, 0, 1, 0]
Fitness: 1541.918052 	[12, 2, 7, 3, 0, 4, 0, 10, 13, 6, 0, 14, 11, 8, 15, 1, 9, 5, 0, 0, 1, 0, 0, 1, 1, 1, 1, 1, 1, 1, 1, 0, 1, 0]
Fitness: 1541.918052 	[12, 2, 7, 3, 0, 10, 4, 0, 13, 6, 0, 14, 11, 8, 15, 1, 9, 5, 0, 0, 1, 1, 0, 1, 1, 1, 1, 1, 1, 0, 1, 0, 1, 0]
Fitness: 1499.528635 	[5, 15, 14, 8, 0, 4, 6, 12, 7, 9, 0, 10, 1, 11, 3, 0, 2, 13, 0, 0, 0, 1, 1, 1, 0, 1, 1, 1, 1, 0, 1, 1, 1, 0]
Fitness: 1483.693196 	[1, 12, 3, 0, 9, 10, 11, 14, 15, 0, 4, 2, 13, 0, 5, 6, 7, 8, 0, 0, 0, 1, 1, 1, 0, 1, 1, 1, 1, 0, 1, 1, 1, 0]
Fitness: 1499.528635 	[9, 13, 6, 0, 10, 1, 11, 3, 5, 0, 4, 0, 15, 14, 8, 2, 12, 7, 0, 1, 0, 1, 0, 0, 0, 1, 1, 1, 1, 1, 1, 1, 1, 0]
Fitness: 1499.528635 	[4, 6, 12, 7, 9, 0, 5, 15, 14, 8, 0, 10, 1, 11, 3, 0, 2, 13, 0, 1, 0, 1, 0, 1, 0, 1, 1, 1, 1, 1, 0, 1, 1, 0]
Fitness: 1499.528635 	[6, 12, 7, 9, 0, 5, 15, 14, 8, 0, 10, 1, 11, 3, 0, 4, 2, 13, 0, 1, 0, 1, 1, 1, 0, 1, 1, 0, 1, 0, 1, 1, 1, 0]
Fitness: 1534.822332 	[10, 1, 5, 8, 0, 7, 14, 9, 3, 2, 11, 12, 15, 0, 6, 13, 0, 4, 0, 1, 0, 1, 0, 1, 1, 1, 1, 1, 0, 1, 1, 1, 0, 0]
Fitness: 1504.259671 	[9, 10, 1, 11, 3, 5, 15, 8, 0, 12, 2, 0, 4, 6, 0, 13, 14, 7, 0, 1, 0, 1, 0, 1, 0, 1, 1, 1, 0, 1, 1, 1, 1, 0]
Fitness: 1513.136988 	[2, 12, 7, 9, 0, 5, 15, 14, 8, 0, 10, 1, 11, 3, 0, 4, 13, 6, 0, 0, 1, 1, 0, 1, 1, 1, 1, 1, 1, 1, 1, 0, 0, 0]
Fitness: 1499.528635 	[10, 1, 11, 3, 5, 15, 14, 0, 6, 12, 7, 9, 0, 8, 4, 0, 2, 13, 0, 1, 0, 1, 1, 1, 0, 1, 1, 1, 1, 0, 0, 1, 1, 0]
Fitness: 1499.528635 	[4, 6, 12, 7, 9, 0, 5, 15, 14, 8, 0, 10, 1, 11, 3, 0, 2, 13, 0, 1, 0, 1, 0, 1, 0, 1, 0, 1, 1, 1, 1, 1, 1, 0]
Fitness: 1499.528635 	[6, 12, 7, 9, 0, 2, 10, 1, 11, 3, 5, 15, 14, 8, 0, 4, 0, 13, 0, 1, 0, 1, 1, 1, 0, 1, 1, 1, 1, 0, 1, 0, 1, 0]
Fitness: 1495.883358 	[4, 0, 1, 13, 2, 7, 8, 9, 10, 11, 15, 0, 6, 3, 14, 0, 5, 12, 0, 1, 0, 1, 1, 1, 1, 1, 0, 0, 1, 1, 0, 1, 1, 0]
Fitness: 1499.528635 	[10, 1, 11, 3, 5, 15, 14, 8, 0, 6, 7, 9, 0, 4, 0, 12, 2, 13, 0, 1, 0, 1, 1, 1, 0, 1, 0, 1, 1, 0, 1, 1, 1, 0]
Fitness: 1495.883358 	[4, 0, 13, 2, 7, 8, 9, 11, 15, 0, 10, 6, 1, 3, 14, 0, 5, 12, 0, 1, 0, 1, 1, 1, 1, 1, 1, 0, 1, 0, 0, 1, 1, 0]
Fitness: 1481.726233 	[1, 12, 11, 0, 4, 0, 7, 8, 5, 13, 14, 10, 0, 15, 2, 3, 6, 9, 0, 1, 0, 1, 1, 0, 1, 0, 1, 1, 0, 1, 1, 1, 1, 0]
Fitness: 1541.918052 	[12, 2, 7, 3, 10, 0, 4, 0, 14, 11, 8, 15, 1, 9, 5, 0, 13, 6, 0, 0, 1, 1, 0, 1, 1, 1, 1, 0, 1, 1, 1, 0, 1, 0]
Fitness: 1499.528635 	[10, 1, 11, 3, 5, 15, 14, 8, 0, 4, 0, 6, 12, 7, 9, 0, 2, 13, 0, 1, 0, 1, 0, 1, 0, 1, 1, 1, 1, 0, 1, 1, 1, 0]
Fitness: 1499.528635 	[6, 12, 7, 9, 0, 2, 13, 0, 5, 14, 8, 3, 1, 11, 10, 15, 0, 4, 0, 1, 0, 1, 0, 1, 0, 1, 1, 1, 0, 1, 1, 1, 1, 0]
Fitness: 1495.883358 	[8, 9, 10, 11, 15, 0, 4, 13, 2, 7, 0, 6, 1, 3, 14, 0, 5, 12, 0, 1, 0, 0, 1, 1, 1, 0, 1, 0, 1, 1, 1, 1, 1, 0]
Fitness: 1499.528635 	[4, 0, 10, 1, 11, 3, 5, 15, 14, 8, 0, 6, 12, 7, 9, 0, 2, 13, 0, 1, 0, 1, 0, 1, 0, 1, 1, 1, 1, 0, 1, 1, 1, 0]
Fitness: 1499.528635 	[6, 12, 7, 9, 0, 10, 1, 11, 3, 5, 15, 14, 8, 0, 4, 0, 2, 13, 0, 1, 0, 1, 0, 1, 0, 1, 1, 1, 0, 1, 1, 1, 1, 0]
Fitness: 1499.528635 	[2, 13, 0, 10, 1, 11, 3, 5, 15, 14, 8, 0, 6, 12, 7, 9, 0, 4, 0, 1, 0, 1, 0, 1, 0, 1, 1, 1, 0, 1, 1, 1, 1, 0]
Fitness: 1495.883358 	[4, 0, 5, 12, 0, 6, 1, 3, 14, 0, 13, 2, 7, 8, 9, 10, 11, 15, 0, 1, 0, 1, 1, 1, 1, 0, 1, 0, 1, 1, 0, 1, 1, 0]
Fitness: 1534.822332 	[10, 1, 7, 5, 8, 0, 6, 13, 0, 4, 0, 14, 9, 3, 2, 11, 12, 15, 0, 1, 0, 1, 0, 1, 1, 0, 1, 1, 0, 1, 1, 1, 1, 0]
Fitness: 1499.528635 	[2, 13, 0, 6, 12, 7, 9, 0, 5, 14, 8, 3, 1, 11, 10, 15, 0, 4, 0, 1, 0, 1, 0, 1, 0, 1, 1, 1, 0, 1, 1, 1, 1, 0]
Fitness: 1513.136988 	[13, 12, 7, 0, 14, 11, 8, 15, 1, 9, 5, 0, 6, 2, 3, 10, 0, 4, 0, 0, 1, 1, 0, 1, 1, 1, 1, 0, 1, 1, 1, 0, 1, 0]
Fitness: 1499.528635 	[2, 13, 0, 10, 1, 11, 3, 5, 15, 14, 8, 0, 6, 12, 7, 9, 0, 4, 0, 1, 0, 1, 0, 1, 0, 1, 1, 1, 0, 1, 1, 1, 1, 0]
Fitness: 1499.528635 	[6, 12, 7, 9, 0, 10, 1, 11, 3, 5, 15, 14, 8, 0, 2, 13, 0, 4, 0, 1, 0, 1, 0, 1, 0, 1, 1, 1, 0, 1, 1, 1, 1, 0]
Fitness: 1540.459097 	[15, 7, 8, 5, 6, 9, 10, 0, 1, 11, 12, 0, 4, 0, 2, 13, 3, 14, 0, 1, 0, 1, 0, 1, 0, 1, 1, 1, 1, 0, 1, 1, 1, 0]
Fitness: 1499.528635 	[13, 0, 2, 10, 1, 11, 3, 5, 15, 14, 8, 0, 4, 0, 6, 12, 7, 9, 0, 1, 0, 1, 0, 1, 1, 1, 1, 1, 0, 1, 1, 0, 1, 0]
Fitness: 1513.136988 	[14, 11, 8, 15, 1, 9, 5, 0, 13, 6, 0, 4, 0, 12, 2, 7, 3, 10, 0, 0, 1, 1, 0, 1, 1, 1, 1, 0, 1, 1, 1, 0, 1, 0]
Fitness: 1499.528635 	[6, 12, 7, 9, 0, 10, 1, 11, 3, 5, 15, 14, 8, 0, 4, 0, 2, 13, 0, 1, 0, 1, 0, 1, 0, 1, 1, 1, 1, 0, 1, 1, 1, 0]
Fitness: 1499.528635 	[10, 1, 11, 3, 0, 5, 15, 14, 8, 0, 6, 12, 7, 9, 0, 4, 2, 13, 0, 1, 0, 1, 1, 1, 0, 1, 1, 0, 1, 0, 1, 1, 1, 0]
Fitness: 1499.528635 	[6, 12, 7, 9, 0, 2, 13, 0, 4, 0, 10, 1, 11, 3, 5, 15, 14, 8, 0, 1, 0, 1, 0, 1, 0, 1, 1, 1, 1, 0, 1, 1, 1, 0]
Fitness: 1504.631889 	[4, 0, 12, 2, 13, 0, 9, 10, 1, 11, 3, 5, 15, 8, 0, 14, 6, 7, 0, 1, 0, 1, 1, 1, 0, 1, 1, 1, 0, 1, 1, 0, 1, 0]
Fitness: 1499.528635 	[4, 0, 10, 1, 11, 3, 5, 15, 14, 8, 0, 6, 12, 7, 9, 0, 2, 13, 0, 1, 0, 1, 0, 1, 0, 1, 1, 1, 1, 0, 1, 1, 1, 0]
Fitness: 1541.918052 	[13, 12, 2, 7, 3, 10, 0, 6, 0, 4, 0, 14, 11, 8, 15, 1, 9, 5, 0, 0, 1, 1, 0, 1, 1, 1, 1, 0, 1, 1, 1, 1, 0, 0]
Fitness: 1499.528635 	[2, 13, 0, 10, 1, 11, 3, 5, 15, 14, 8, 0, 4, 0, 6, 12, 7, 9, 0, 1, 0, 1, 0, 1, 0, 1, 1, 1, 1, 0, 1, 1, 1, 0]
Fitness: 1495.883358 	[15, 7, 8, 5, 2, 9, 10, 0, 4, 0, 6, 1, 3, 14, 0, 13, 11, 12, 0, 1, 0, 1, 1, 1, 1, 0, 1, 0, 1, 1, 0, 1, 1, 0]
Fitness: 1495.883358 	[6, 1, 3, 14, 0, 13, 2, 7, 8, 9, 10, 11, 15, 0, 4, 0, 5, 12, 0, 1, 0, 1, 1, 1, 1, 0, 1, 0, 1, 1, 0, 1, 1, 0]
Fitness: 1499.528635 	[1, 2, 13, 0, 4, 0, 6, 12, 7, 9, 0, 14, 3, 5, 8, 10, 11, 15, 0, 1, 0, 1, 0, 1, 0, 1, 1, 1, 1, 0, 1, 1, 1, 0]
Fitness: 1534.822332 	[4, 0, 14, 9, 3, 2, 11, 12, 15, 0, 6, 13, 0, 10, 1, 7, 5, 8, 0, 1, 0, 1, 0, 1, 1, 0, 1, 1, 0, 1, 1, 1, 1, 0]
Fitness: 1534.822332 	[14, 9, 3, 2, 11, 12, 15, 0, 10, 1, 7, 5, 8, 0, 6, 13, 0, 4, 0, 1, 0, 1, 0, 1, 1, 0, 1, 1, 0, 1, 1, 1, 1, 0]
Fitness: 1499.528635 	[10, 1, 11, 3, 5, 15, 14, 8, 0, 4, 0, 6, 12, 7, 9, 0, 2, 13, 0, 1, 0, 1, 0, 1, 0, 1, 1, 1, 1, 0, 1, 1, 1, 0]
Fitness: 1541.918052 	[4, 0, 12, 2, 7, 3, 10, 0, 5, 13, 6, 8, 9, 11, 14, 15, 0, 1, 0, 0, 1, 1, 0, 1, 1, 1, 1, 0, 1, 1, 1, 0, 1, 0]
Fitness: 1541.918052 	[13, 6, 0, 10, 4, 0, 12, 2, 7, 3, 0, 14, 11, 8, 15, 1, 9, 5, 0, 0, 1, 1, 0, 1, 1, 1, 1, 1, 1, 0, 1, 0, 1, 0]
Fitness: 1513.136988 	[14, 11, 8, 15, 1, 9, 5, 0, 13, 6, 0, 4, 0, 12, 2, 7, 3, 10, 0, 0, 1, 1, 0, 1, 1, 1, 1, 0, 1, 1, 1, 0, 1, 0]
Fitness: 1499.528635 	[10, 1, 11, 3, 5, 15, 14, 8, 0, 6, 12, 7, 9, 0, 2, 13, 0, 4, 0, 1, 0, 1, 0, 1, 0, 1, 1, 1, 1, 0, 1, 1, 1, 0]
Fitness: 1513.136988 	[13, 6, 0, 4, 0, 14, 11, 8, 15, 1, 9, 5, 0, 12, 2, 7, 3, 10, 0, 0, 1, 1, 0, 1, 1, 1, 1, 0, 1, 1, 1, 0, 1, 0]
Fitness: 1499.528635 	[4, 0, 6, 12, 7, 9, 0, 2, 13, 0, 10, 1, 11, 3, 5, 15, 14, 8, 0, 1, 0, 1, 0, 1, 0, 1, 1, 1, 0, 1, 1, 1, 1, 0]
Fitness: 1499.528635 	[6, 7, 9, 0, 10, 1, 11, 3, 5, 15, 14, 8, 0, 4, 0, 12, 2, 13, 0, 1, 0, 1, 1, 1, 0, 1, 0, 1, 1, 0, 1, 1, 1, 0]
Fitness: 1504.259671 	[9, 10, 1, 11, 3, 5, 15, 8, 0, 4, 6, 0, 12, 2, 0, 13, 14, 7, 0, 1, 0, 1, 0, 1, 0, 1, 1, 1, 0, 1, 1, 1, 1, 0]
Fitness: 1534.822332 	[14, 9, 3, 2, 11, 12, 15, 0, 10, 1, 7, 5, 8, 0, 6, 13, 0, 4, 0, 1, 0, 1, 0, 1, 1, 0, 1, 1, 0, 1, 1, 1, 1, 0]
Fitness: 1499.528635 	[6, 12, 7, 9, 0, 4, 0, 10, 1, 11, 3, 5, 15, 14, 8, 0, 2, 13, 0, 1, 0, 1, 0, 1, 0, 1, 1, 1, 1, 0, 1, 1, 1, 0]
Fitness: 1534.822332 	[10, 1, 7, 5, 8, 0, 4, 0, 6, 13, 0, 14, 9, 3, 2, 11, 12, 15, 0, 1, 0, 1, 0, 1, 1, 0, 1, 1, 0, 1, 1, 1, 1, 0]
Fitness: 1534.822332 	[10, 1, 7, 5, 8, 0, 6, 13, 0, 14, 9, 3, 2, 11, 12, 15, 0, 4, 0, 1, 0, 1, 0, 1, 1, 0, 1, 1, 0, 1, 1, 1, 1, 0]
Fitness: 1534.822332 	[1, 7, 5, 8, 0, 10, 6, 13, 0, 14, 9, 3, 2, 11, 12, 15, 0, 4, 0, 1, 0, 1, 1, 1, 1, 0, 1, 1, 0, 1, 1, 0, 1, 0]
Fitness: 1499.528635 	[4, 0, 10, 1, 11, 3, 5, 15, 14, 8, 0, 6, 12, 7, 9, 0, 2, 13, 0, 1, 0, 1, 0, 1, 0, 1, 1, 1, 1, 0, 1, 1, 1, 0]
Fitness: 1540.459097 	[2, 13, 3, 14, 0, 15, 7, 8, 5, 6, 9, 10, 0, 4, 0, 1, 11, 12, 0, 1, 0, 1, 0, 1, 0, 1, 1, 1, 1, 0, 1, 1, 1, 0]
Fitness: 1504.631889 	[4, 0, 12, 2, 13, 0, 14, 6, 7, 0, 9, 10, 1, 11, 3, 5, 15, 8, 0, 1, 0, 1, 0, 1, 0, 1, 1, 1, 1, 1, 1, 0, 1, 0]
Fitness: 1513.136988 	[4, 0, 14, 11, 8, 15, 1, 9, 5, 0, 13, 6, 0, 12, 2, 7, 3, 10, 0, 0, 1, 1, 0, 1, 1, 1, 1, 0, 1, 1, 1, 0, 1, 0]
Fitness: 1499.528635 	[4, 0, 10, 1, 11, 3, 5, 15, 14, 8, 0, 6, 12, 7, 9, 0, 2, 13, 0, 1, 0, 1, 0, 1, 0, 1, 1, 1, 1, 0, 1, 1, 1, 0]
Fitness: 1499.528635 	[6, 12, 7, 9, 0, 2, 13, 0, 4, 0, 10, 1, 11, 3, 5, 15, 14, 8, 0, 1, 0, 1, 0, 1, 0, 1, 1, 1, 1, 0, 1, 1, 1, 0]
Fitness: 1504.631889 	[12, 2, 13, 0, 6, 4, 0, 9, 10, 1, 11, 3, 5, 15, 8, 0, 14, 7, 0, 1, 0, 1, 1, 1, 1, 0, 1, 1, 0, 1, 1, 0, 1, 0]
Time: 0.40634