Fitness: 1247.477376 	[4, 0, 6, 12, 7, 9, 0, 10, 1, 11, 3, 5, 15, 14, 8, 0, 2, 13, 0, 0, 1, 1, 0, 1, 1, 1, 1, 0, 1, 0, 1, 1, 1, 0]
Fitness: 1198.735323 	[6, 0, 13, 14, 11, 8, 15, 1, 9, 5, 0, 7, 2, 12, 0, 3, 10, 4, 0, 0, 1, 1, 1, 0, 1, 1, 1, 0, 1, 1, 1, 0, 1, 0]
Fitness: 1135.060809 	[13, 15, 0, 14, 2, 3, 11, 0, 1, 8, 9, 12, 7, 5, 4, 10, 0, 6, 0, 0, 1, 0, 1, 1, 1, 0, 1, 1, 1, 0, 1, 1, 1, 0]
Fitness: 1117.716401 	[8, 2, 9, 7, 3, 10, 0, 12, 0, 6, 4, 11, 0, 15, 13, 1, 5, 14, 0, 1, 1, 0, 0, 1, 1, 1, 1, 1, 0, 1, 0, 1, 1, 0]
Fitness: 1117.716401 	[8, 2, 9, 7, 3, 10, 0, 12, 0, 6, 4, 11, 0, 15, 13, 1, 5, 14, 0, 1, 1, 0, 0, 1, 1, 1, 1, 1, 0, 1, 0, 1, 1, 0]
Fitness: 1116.461381 	[12, 15, 3, 13, 6, 8, 0, 5, 0, 2, 0, 9, 14, 1, 7, 4, 10, 11, 0, 1, 0, 1, 1, 0, 1, 1, 0, 1, 1, 1, 0, 1, 1, 0]
Fitness: 1104.289284 	[5, 1, 13, 8, 0, 14, 7, 6, 2, 15, 0, 4, 0, 3, 12, 11, 9, 10, 0, 0, 1, 1, 1, 0, 1, 0, 1, 1, 1, 1, 1, 1, 0, 0]
Fitness: 1095.199180 	[11, 0, 10, 12, 15, 14, 3, 1, 13, 7, 0, 6, 4, 0, 9, 5, 2, 8, 0, 0, 1, 1, 0, 1, 1, 1, 1, 0, 1, 1, 1, 0, 1, 0]
Fitness: 1083.305023 	[14, 6, 9, 11, 3, 8, 15, 0, 7, 10, 4, 0, 1, 5, 12, 0, 13, 2, 0, 0, 1, 0, 1, 1, 1, 1, 1, 0, 1, 1, 1, 0, 1, 0]
Fitness: 1074.002122 	[4, 0, 6, 12, 7, 9, 0, 2, 13, 0, 10, 1, 11, 3, 5, 15, 14, 8, 0, 0, 1, 1, 0, 1, 1, 1, 1, 0, 1, 0, 1, 1, 1, 0]
Fitness: 1050.940663 	[1, 8, 2, 9, 7, 3, 10, 0, 12, 0, 6, 4, 11, 0, 15, 13, 5, 14, 0, 1, 1, 0, 0, 1, 1, 1, 0, 1, 0, 1, 1, 1, 1, 0]
Fitness: 1037.694307 	[15, 10, 13, 3, 0, 7, 5, 9, 2, 14, 8, 11, 0, 4, 6, 0, 12, 1, 0, 1, 1, 0, 0, 0, 1, 1, 1, 0, 1, 1, 1, 1, 1, 0]
Fitness: 1037.694307 	[7, 5, 9, 2, 14, 8, 11, 0, 15, 10, 13, 3, 0, 4, 6, 0, 12, 1, 0, 1, 1, 0, 0, 0, 1, 1, 1, 0, 1, 1, 1, 1, 1, 0]
Fitness: 1030.702478 	[7, 5, 9, 2, 14, 8, 11, 0, 15, 10, 13, 4, 3, 0, 6, 0, 12, 1, 0, 1, 1, 0, 0, 0, 1, 1, 1, 1, 1, 0, 1, 1, 1, 0]
Fitness: 1026.428372 	[9, 15, 7, 4, 1, 0, 13, 3, 11, 2, 0, 5, 6, 8, 0, 14, 12, 10, 0, 1, 0, 1, 0, 1, 1, 0, 1, 1, 0, 1, 1, 1, 1, 0]
Fitness: 1022.584072 	[14, 4, 9, 5, 2, 0, 6, 0, 1, 13, 12, 0, 3, 7, 8, 10, 11, 15, 0, 0, 1, 0, 1, 0, 1, 1, 1, 1, 1, 1, 1, 0, 1, 0]
Fitness: 1022.584072 	[14, 4, 9, 5, 2, 0, 3, 7, 8, 10, 11, 15, 0, 1, 13, 12, 0, 6, 0, 0, 1, 0, 1, 0, 1, 1, 1, 1, 1, 1, 1, 0, 1, 0]
Fitness: 1016.079661 	[4, 0, 7, 8, 5, 13, 14, 10, 0, 15, 1, 9, 6, 2, 0, 3, 12, 11, 0, 1, 1, 0, 1, 0, 1, 0, 1, 1, 0, 1, 1, 1, 1, 0]
Fitness: 1009.222299 	[13, 1, 0, 11, 12, 3, 2, 0, 5, 14, 4, 9, 15, 8, 10, 7, 0, 6, 0, 1, 0, 1, 0, 1, 1, 1, 1, 1, 1, 0, 0, 1, 1, 0]
Fitness: 1005.980038 	[10, 15, 8, 7, 12, 5, 13, 2, 9, 0, 1, 3, 14, 0, 4, 11, 0, 6, 0, 1, 0, 1, 1, 0, 1, 0, 0, 1, 1, 1, 1, 1, 1, 0]
Fitness: 999.355735 	[6, 9, 15, 0, 7, 5, 1, 3, 8, 10, 13, 11, 2, 0, 4, 0, 14, 12, 0, 0, 1, 0, 1, 0, 1, 1, 1, 1, 1, 1, 1, 0, 1, 0]
Fitness: 997.842191 	[14, 4, 13, 7, 0, 6, 2, 12, 0, 9, 5, 15, 3, 11, 8, 1, 0, 10, 0, 1, 0, 1, 0, 1, 1, 1, 1, 0, 1, 1, 1, 0, 1, 0]
Fitness: 997.842191 	[14, 4, 13, 7, 0, 6, 2, 12, 0, 9, 5, 15, 3, 11, 8, 1, 0, 10, 0, 1, 0, 1, 0, 1, 1, 1, 1, 0, 1, 1, 1, 0, 1, 0]
Fitness: 987.769139 	[6, 2, 12, 0, 14, 4, 13, 7, 0, 11, 9, 1, 5, 8, 0, 3, 10, 15, 0, 1, 0, 1, 0, 1, 1, 1, 1, 0, 1, 1, 1, 0, 1, 0]
Fitness: 986.467460 	[3, 13, 15, 0, 14, 2, 11, 0, 1, 8, 9, 12, 7, 5, 4, 10, 0, 6, 0, 0, 1, 1, 1, 1, 1, 0, 1, 0, 1, 0, 1, 1, 1, 0]
Fitness: 940.861057 	[5, 6, 8, 0, 13, 3, 11, 2, 0, 4, 15, 9, 0, 12, 10, 7, 14, 1, 0, 1, 0, 1, 0, 1, 1, 0, 1, 1, 0, 1, 1, 1, 1, 0]
Fitness: 939.396233 	[12, 11, 5, 9, 0, 4, 8, 14, 0, 7, 2, 6, 15, 3, 10, 0, 13, 1, 0, 1, 1, 0, 0, 1, 1, 1, 0, 1, 1, 0, 1, 1, 1, 0]
Fitness: 939.396233 	[12, 11, 5, 9, 0, 4, 8, 14, 0, 7, 2, 6, 15, 3, 10, 0, 13, 1, 0, 1, 1, 0, 0, 1, 1, 1, 0, 1, 1, 0, 1, 1, 1, 0]
Fitness: 939.082196 	[5, 3, 0, 13, 0, 12, 14, 1, 7, 10, 6, 9, 8, 0, 4, 11, 2, 15, 0, 1, 0, 0, 1, 1, 0, 1, 0, 1, 1, 1, 1, 1, 1, 0]
Fitness: 939.082196 	[5, 3, 0, 13, 0, 12, 14, 1, 7, 10, 6, 9, 8, 0, 4, 11, 2, 15, 0, 1, 0, 0, 1, 1, 0, 1, 0, 1, 1, 1, 1, 1, 1, 0]
Fitness: 933.721273 	[6, 2, 12, 0, 14, 4, 13, 7, 0, 3, 10, 15, 0, 11, 9, 1, 5, 8, 0, 1, 0, 1, 0, 1, 1, 1, 1, 0, 1, 1, 1, 0, 1, 0]
Fitness: 929.743422 	[12, 14, 1, 7, 10, 6, 9, 8, 0, 13, 0, 5, 3, 0, 4, 11, 2, 15, 0, 1, 0, 0, 1, 1, 0, 1, 0, 1, 1, 1, 1, 1, 1, 0]
Fitness: 923.260437 	[9, 4, 8, 3, 11, 2, 5, 10, 0, 13, 7, 0, 1, 6, 14, 0, 15, 12, 0, 1, 0, 1, 1, 0, 1, 1, 1, 0, 0, 1, 1, 1, 1, 0]
Fitness: 920.855859 	[1, 0, 2, 10, 3, 9, 7, 0, 14, 6, 4, 13, 0, 8, 15, 11, 5, 12, 0, 1, 1, 1, 0, 1, 0, 1, 1, 0, 1, 1, 1, 0, 1, 0]
Fitness: 915.901375 	[6, 11, 9, 0, 15, 4, 14, 0, 2, 10, 12, 5, 7, 0, 8, 13, 1, 3, 0, 1, 0, 1, 0, 1, 0, 1, 1, 1, 0, 1, 1, 1, 1, 0]
Fitness: 915.608595 	[5, 0, 6, 0, 13, 15, 0, 4, 1, 11, 3, 2, 8, 7, 9, 10, 12, 14, 0, 0, 1, 0, 1, 1, 1, 0, 1, 1, 1, 0, 1, 1, 1, 0]
Fitness: 889.820678 	[12, 3, 2, 0, 5, 6, 10, 0, 13, 1, 0, 15, 8, 7, 4, 11, 9, 14, 0, 0, 0, 1, 0, 1, 1, 1, 1, 1, 1, 0, 1, 1, 1, 0]
Fitness: 884.791118 	[6, 11, 9, 0, 4, 14, 0, 2, 15, 10, 12, 5, 7, 0, 8, 13, 1, 3, 0, 1, 0, 1, 1, 1, 0, 1, 0, 1, 0, 1, 1, 1, 1, 0]
Fitness: 883.190622 	[10, 13, 6, 7, 0, 4, 0, 15, 1, 3, 0, 5, 2, 14, 9, 12, 11, 8, 0, 0, 1, 1, 1, 1, 1, 1, 0, 1, 1, 0, 1, 1, 0, 0]
Fitness: 871.365017 	[6, 0, 11, 0, 8, 4, 9, 1, 14, 3, 12, 13, 10, 5, 0, 7, 2, 15, 0, 1, 0, 1, 0, 1, 1, 0, 1, 0, 1, 1, 1, 1, 1, 0]
Fitness: 859.378846 	[8, 2, 9, 7, 3, 10, 0, 12, 0, 6, 11, 0, 4, 15, 13, 1, 5, 14, 0, 1, 1, 0, 0, 0, 1, 1, 1, 1, 0, 1, 1, 1, 1, 0]
Fitness: 849.628393 	[11, 10, 12, 13, 5, 15, 0, 3, 14, 9, 0, 7, 8, 0, 1, 6, 2, 4, 0, 0, 1, 1, 1, 0, 1, 1, 0, 1, 1, 0, 1, 1, 1, 0]
Fitness: 849.628393 	[11, 10, 12, 13, 5, 15, 0, 3, 14, 9, 0, 7, 8, 0, 1, 6, 2, 4, 0, 0, 1, 1, 1, 0, 1, 1, 0, 1, 1, 0, 1, 1, 1, 0]
Fitness: 848.597378 	[6, 7, 10, 0, 2, 9, 0, 15, 5, 12, 13, 1, 3, 0, 14, 8, 11, 4, 0, 1, 0, 1, 1, 1, 0, 1, 0, 1, 1, 1, 1, 0, 1, 0]
Fitness: 843.883507 	[15, 8, 13, 7, 1, 0, 10, 5, 0, 11, 9, 4, 12, 0, 14, 3, 6, 2, 0, 0, 0, 1, 1, 1, 0, 1, 1, 1, 1, 0, 1, 1, 1, 0]
Fitness: 841.891862 	[8, 10, 7, 9, 0, 15, 13, 1, 5, 14, 0, 6, 4, 11, 0, 2, 3, 12, 0, 1, 1, 0, 0, 1, 1, 1, 1, 1, 0, 1, 0, 1, 1, 0]
Fitness: 841.296332 	[7, 9, 5, 13, 10, 0, 8, 4, 12, 11, 14, 6, 3, 0, 1, 15, 0, 2, 0, 1, 1, 0, 0, 1, 1, 0, 1, 1, 1, 1, 0, 1, 1, 0]
Fitness: 841.296332 	[7, 9, 5, 13, 10, 0, 8, 4, 12, 11, 14, 6, 3, 0, 1, 15, 0, 2, 0, 1, 1, 0, 0, 1, 1, 0, 1, 1, 1, 1, 0, 1, 1, 0]
Fitness: 841.192326 	[14, 4, 11, 0, 1, 8, 15, 12, 9, 3, 5, 10, 13, 0, 2, 6, 0, 7, 0, 1, 1, 1, 0, 1, 0, 1, 0, 1, 1, 1, 1, 1, 0, 0]
Fitness: 838.282870 	[12, 3, 2, 0, 15, 8, 7, 4, 11, 9, 14, 0, 5, 6, 10, 0, 13, 1, 0, 0, 0, 1, 0, 1, 1, 1, 1, 1, 1, 0, 1, 1, 1, 0]
Fitness: 834.115013 	[3, 0, 5, 4, 8, 10, 6, 0, 1, 13, 12, 0, 7, 2, 9, 14, 15, 11, 0, 0, 1, 0, 1, 0, 1, 1, 1, 1, 1, 1, 1, 0, 1, 0]
Fitness: 834.115013 	[5, 4, 8, 10, 6, 0, 3, 0, 1, 13, 12, 0, 7, 2, 9, 14, 15, 11, 0, 0, 1, 0, 1, 0, 1, 1, 1, 1, 1, 1, 1, 0, 1, 0]
Fitness: 833.019674 	[3, 5, 10, 2, 0, 4, 15, 7, 12, 1, 0, 11, 14, 0, 13, 6, 8, 9, 0, 1, 0, 1, 1, 0, 1, 1, 1, 1, 1, 1, 0, 1, 0, 0]
Fitness: 826.194345 	[10, 11, 0, 6, 12, 5, 7, 0, 3, 9, 2, 15, 13, 8, 1, 4, 0, 14, 0, 1, 0, 1, 1, 1, 1, 0, 1, 1, 1, 0, 1, 1, 0, 0]
Fitness: 824.266508 	[11, 6, 2, 8, 9, 7, 10, 5, 0, 13, 15, 0, 3, 0, 1, 12, 4, 14, 0, 0, 1, 1, 1, 0, 1, 0, 1, 0, 1, 1, 1, 1, 1, 0]
Fitness: 807.482992 	[7, 9, 13, 4, 0, 5, 6, 12, 8, 10, 0, 15, 14, 2, 3, 0, 1, 11, 0, 1, 1, 1, 0, 0, 1, 1, 0, 1, 0, 1, 1, 1, 1, 0]
Fitness: 802.095501 	[11, 6, 2, 8, 9, 7, 10, 1, 5, 0, 13, 15, 0, 3, 0, 12, 4, 14, 0, 0, 1, 1, 1, 0, 1, 0, 1, 1, 0, 1, 1, 1, 1, 0]
Fitness: 793.424162 	[3, 14, 4, 13, 7, 0, 6, 2, 12, 0, 9, 5, 15, 11, 8, 1, 0, 10, 0, 1, 1, 0, 0, 1, 1, 1, 1, 0, 1, 1, 1, 0, 1, 0]
Fitness: 791.432671 	[1, 7, 15, 10, 0, 8, 4, 12, 11, 14, 6, 3, 0, 9, 13, 5, 0, 2, 0, 1, 1, 0, 0, 1, 1, 0, 1, 1, 1, 1, 0, 1, 1, 0]
Fitness: 789.907490 	[4, 11, 2, 12, 0, 10, 9, 1, 0, 13, 8, 3, 15, 5, 7, 0, 14, 6, 0, 1, 1, 1, 0, 1, 1, 0, 0, 1, 1, 1, 0, 1, 1, 0]
Fitness: 787.454237 	[10, 12, 0, 4, 9, 2, 1, 6, 11, 3, 8, 14, 0, 5, 0, 15, 7, 13, 0, 0, 1, 1, 1, 0, 1, 1, 1, 1, 1, 0, 1, 0, 1, 0]
Fitness: 783.771435 	[14, 6, 10, 1, 2, 11, 4, 7, 0, 13, 0, 3, 12, 0, 5, 8, 9, 15, 0, 1, 1, 0, 0, 1, 1, 1, 1, 0, 1, 1, 0, 1, 1, 0]
Fitness: 779.629534 	[5, 2, 14, 9, 12, 11, 8, 0, 13, 0, 10, 4, 6, 7, 0, 15, 1, 3, 0, 0, 1, 1, 1, 1, 1, 1, 0, 1, 1, 0, 1, 1, 0, 0]
Fitness: 779.629534 	[5, 2, 14, 9, 12, 11, 8, 0, 13, 0, 10, 4, 6, 7, 0, 15, 1, 3, 0, 0, 1, 1, 1, 1, 1, 1, 0, 1, 1, 0, 1, 1, 0, 0]
Fitness: 779.629534 	[5, 2, 14, 9, 12, 11, 8, 0, 10, 4, 6, 7, 0, 13, 0, 15, 1, 3, 0, 0, 1, 1, 1, 1, 1, 1, 0, 1, 1, 0, 1, 1, 0, 0]
Fitness: 776.889594 	[4, 0, 7, 11, 0, 2, 1, 12, 10, 13, 3, 9, 5, 0, 15, 14, 6, 8, 0, 0, 1, 1, 1, 1, 1, 1, 0, 1, 1, 1, 1, 0, 0, 0]
Fitness: 776.889594 	[4, 0, 7, 11, 0, 2, 1, 12, 10, 13, 3, 9, 5, 0, 15, 14, 6, 8, 0, 0, 1, 1, 1, 1, 1, 1, 0, 1, 1, 1, 1, 0, 0, 0]
Fitness: 774.190067 	[1, 0, 2, 10, 3, 9, 7, 0, 14, 6, 4, 13, 0, 8, 15, 11, 5, 12, 0, 1, 1, 1, 1, 0, 1, 0, 0, 1, 1, 1, 1, 0, 1, 0]
Fitness: 772.889180 	[12, 15, 3, 13, 6, 8, 0, 9, 5, 0, 2, 0, 14, 1, 7, 4, 10, 11, 0, 1, 0, 1, 1, 0, 1, 1, 0, 1, 1, 1, 1, 1, 0, 0]
Fitness: 772.889180 	[12, 15, 3, 13, 6, 8, 0, 9, 5, 0, 2, 0, 14, 1, 7, 4, 10, 11, 0, 1, 0, 1, 1, 0, 1, 1, 0, 1, 1, 1, 1, 1, 0, 0]
Fitness: 772.889180 	[9, 5, 0, 12, 15, 3, 13, 6, 8, 0, 2, 0, 14, 1, 7, 4, 10, 11, 0, 1, 0, 1, 1, 0, 1, 1, 0, 1, 1, 1, 1, 1, 0, 0]
Fitness: 763.190149 	[4, 12, 11, 0, 13, 8, 3, 15, 5, 7, 0, 10, 9, 1, 0, 6, 2, 14, 0, 1, 1, 1, 0, 1, 1, 0, 0, 1, 1, 1, 0, 1, 1, 0]
Fitness: 752.014582 	[6, 2, 12, 0, 14, 4, 13, 0, 11, 9, 1, 5, 8, 0, 7, 3, 10, 15, 0, 1, 1, 1, 0, 1, 1, 1, 0, 0, 1, 1, 1, 0, 1, 0]
Fitness: 750.291481 	[3, 7, 2, 12, 0, 13, 14, 11, 8, 15, 1, 9, 5, 0, 6, 0, 10, 4, 0, 1, 1, 1, 1, 0, 0, 1, 1, 0, 1, 1, 1, 0, 1, 0]
Fitness: 746.716168 	[4, 11, 2, 12, 0, 13, 10, 9, 1, 0, 8, 3, 15, 5, 7, 0, 14, 6, 0, 1, 1, 1, 0, 1, 0, 1, 0, 1, 1, 1, 0, 1, 1, 0]
Fitness: 744.354480 	[4, 11, 2, 12, 0, 10, 9, 1, 0, 13, 8, 3, 15, 5, 7, 0, 14, 6, 0, 1, 1, 1, 0, 1, 0, 1, 0, 1, 1, 1, 0, 1, 1, 0]
Fitness: 743.462235 	[2, 1, 8, 5, 9, 0, 7, 0, 13, 14, 11, 15, 10, 3, 4, 0, 12, 6, 0, 0, 1, 1, 1, 1, 1, 0, 1, 1, 0, 1, 1, 0, 1, 0]
Fitness: 742.386824 	[12, 8, 13, 7, 15, 0, 5, 14, 6, 9, 0, 3, 0, 4, 1, 2, 10, 11, 0, 1, 0, 1, 1, 1, 1, 0, 1, 1, 1, 0, 0, 1, 1, 0]
Fitness: 742.386824 	[12, 8, 13, 7, 15, 0, 5, 14, 6, 9, 0, 3, 0, 4, 1, 2, 10, 11, 0, 1, 0, 1, 1, 1, 1, 0, 1, 1, 1, 0, 0, 1, 1, 0]
Fitness: 742.003383 	[3, 9, 0, 12, 10, 11, 5, 14, 0, 4, 0, 8, 2, 6, 13, 15, 1, 7, 0, 1, 0, 1, 0, 1, 1, 1, 1, 0, 1, 0, 1, 1, 1, 0]
Fitness: 737.942690 	[11, 0, 5, 6, 8, 10, 0, 12, 1, 0, 15, 14, 2, 3, 7, 9, 13, 4, 0, 1, 1, 1, 0, 1, 0, 0, 1, 1, 0, 1, 1, 1, 1, 0]
Fitness: 734.364233 	[9, 15, 7, 4, 1, 0, 13, 3, 11, 2, 0, 5, 6, 8, 0, 14, 12, 10, 0, 1, 0, 1, 1, 0, 1, 0, 0, 1, 1, 1, 1, 1, 1, 0]
Fitness: 731.219576 	[15, 0, 13, 3, 0, 5, 14, 4, 9, 12, 8, 10, 7, 0, 6, 2, 1, 11, 0, 1, 1, 0, 1, 0, 1, 1, 1, 0, 1, 1, 1, 0, 1, 0]
Fitness: 731.219576 	[15, 0, 13, 3, 0, 5, 14, 4, 9, 12, 8, 10, 7, 0, 6, 2, 1, 11, 0, 1, 1, 0, 1, 0, 1, 1, 1, 0, 1, 1, 1, 0, 1, 0]
Fitness: 724.722951 	[11, 10, 12, 13, 5, 15, 0, 1, 6, 2, 4, 0, 7, 8, 0, 3, 14, 9, 0, 0, 1, 1, 1, 0, 1, 1, 0, 1, 1, 0, 1, 1, 1, 0]
Fitness: 724.317510 	[10, 0, 6, 15, 8, 5, 2, 7, 14, 11, 13, 3, 1, 9, 0, 12, 0, 4, 0, 1, 0, 1, 0, 1, 1, 1, 0, 1, 1, 1, 1, 0, 1, 0]
Fitness: 722.448446 	[7, 1, 15, 10, 2, 9, 5, 8, 0, 14, 12, 0, 3, 6, 11, 0, 13, 4, 0, 1, 1, 1, 1, 0, 0, 1, 1, 1, 1, 0, 1, 0, 1, 0]
Fitness: 718.022716 	[12, 3, 2, 0, 13, 1, 0, 5, 6, 10, 0, 15, 8, 7, 4, 11, 9, 14, 0, 0, 0, 1, 0, 1, 1, 1, 1, 1, 1, 0, 1, 1, 1, 0]
Fitness: 718.022716 	[12, 3, 2, 0, 13, 1, 0, 5, 6, 10, 0, 15, 8, 7, 4, 11, 9, 14, 0, 0, 0, 1, 0, 1, 1, 1, 1, 1, 1, 0, 1, 1, 1, 0]
Fitness: 710.772219 	[9, 15, 7, 4, 1, 0, 13, 3, 11, 2, 0, 14, 12, 10, 0, 5, 6, 8, 0, 1, 0, 1, 1, 0, 1, 0, 0, 1, 1, 1, 1, 1, 1, 0]
Fitness: 707.696644 	[6, 0, 1, 3, 14, 0, 4, 11, 0, 10, 15, 8, 7, 12, 5, 13, 2, 9, 0, 1, 0, 1, 1, 0, 1, 0, 0, 1, 1, 1, 1, 1, 1, 0]
Fitness: 707.696644 	[6, 0, 1, 3, 14, 0, 4, 11, 0, 10, 15, 8, 7, 12, 5, 13, 2, 9, 0, 1, 0, 1, 1, 0, 1, 0, 0, 1, 1, 1, 1, 1, 1, 0]
Fitness: 707.439126 	[10, 0, 6, 15, 8, 5, 2, 7, 14, 11, 13, 3, 1, 9, 0, 12, 0, 4, 0, 1, 0, 1, 0, 1, 0, 1, 1, 1, 1, 1, 1, 0, 1, 0]
Fitness: 706.839829 	[9, 6, 0, 13, 15, 12, 7, 0, 2, 14, 11, 0, 10, 4, 8, 5, 1, 3, 0, 0, 1, 1, 1, 1, 0, 1, 0, 1, 0, 1, 1, 1, 1, 0]
Fitness: 706.839829 	[9, 6, 0, 13, 15, 12, 7, 0, 2, 14, 11, 0, 10, 4, 8, 5, 1, 3, 0, 0, 1, 1, 1, 1, 0, 1, 0, 1, 0, 1, 1, 1, 1, 0]
Fitness: 691.687369 	[11, 9, 2, 3, 12, 0, 5, 1, 15, 0, 7, 6, 8, 4, 0, 10, 13, 14, 0, 0, 1, 1, 1, 1, 1, 0, 1, 1, 1, 1, 0, 0, 1, 0]
Fitness: 691.136862 	[11, 0, 5, 6, 12, 8, 10, 0, 1, 0, 15, 14, 2, 3, 7, 9, 13, 4, 0, 1, 1, 1, 0, 1, 1, 0, 0, 1, 0, 1, 1, 1, 1, 0]
Fitness: 688.847727 	[2, 1, 0, 9, 3, 0, 10, 8, 15, 11, 14, 12, 6, 13, 7, 0, 4, 5, 0, 1, 0, 1, 1, 0, 1, 0, 0, 1, 1, 1, 1, 1, 1, 0]
Fitness: 688.537667 	[5, 0, 1, 13, 8, 14, 7, 6, 2, 15, 0, 4, 0, 3, 12, 11, 9, 10, 0, 1, 1, 1, 1, 0, 1, 0, 1, 1, 1, 0, 1, 1, 0, 0]
Fitness: 688.537667 	[5, 0, 1, 13, 8, 14, 7, 6, 2, 15, 0, 4, 0, 3, 12, 11, 9, 10, 0, 1, 1, 1, 1, 0, 1, 0, 1, 1, 1, 0, 1, 1, 0, 0]
Fitness: 707.439126 	[10, 4, 0, 6, 15, 8, 5, 2, 7, 0, 12, 0, 14, 11, 13, 3, 1, 9, 0, 1, 0, 1, 0, 1, 0, 1, 1, 1, 1, 1, 1, 0, 1, 0]
Fitness: 1083.305023 	[14, 6, 9, 11, 3, 8, 15, 0, 7, 10, 4, 0, 1, 5, 12, 0, 13, 2, 0, 0, 1, 0, 1, 1, 1, 1, 1, 0, 1, 1, 1, 0, 1, 0]
Fitness: 1050.940663 	[1, 8, 2, 9, 7, 3, 10, 0, 12, 0, 6, 4, 11, 0, 15, 13, 5, 14, 0, 1, 1, 0, 0, 1, 1, 1, 0, 1, 0, 1, 1, 1, 1, 0]
Fitness: 1083.305023 	[1, 5, 12, 0, 7, 10, 4, 0, 6, 8, 11, 0, 15, 13, 9, 14, 2, 3, 0, 0, 1, 0, 1, 1, 1, 1, 1, 0, 1, 1, 1, 0, 1, 0]
Fitness: 750.291481 	[3, 7, 2, 12, 0, 13, 14, 11, 8, 15, 1, 9, 5, 0, 6, 0, 10, 4, 0, 1, 1, 1, 1, 0, 1, 1, 0, 1, 1, 0, 1, 0, 1, 0]
Fitness: 724.722951 	[11, 10, 12, 13, 5, 15, 0, 1, 6, 2, 4, 0, 7, 8, 0, 3, 14, 9, 0, 0, 1, 1, 1, 0, 1, 1, 0, 1, 1, 0, 1, 1, 1, 0]
Fitness: 750.291481 	[3, 7, 2, 12, 0, 6, 0, 1, 8, 0, 4, 14, 9, 5, 10, 11, 13, 15, 0, 1, 1, 1, 1, 0, 0, 1, 1, 0, 1, 1, 1, 0, 1, 0]
Fitness: 746.716168 	[4, 11, 2, 12, 0, 13, 10, 9, 1, 0, 8, 3, 15, 5, 7, 0, 14, 6, 0, 1, 1, 1, 0, 1, 0, 1, 0, 1, 1, 1, 0, 1, 1, 0]
Fitness: 718.022716 	[12, 3, 2, 0, 13, 1, 0, 5, 6, 10, 0, 15, 8, 7, 4, 11, 9, 14, 0, 0, 0, 1, 0, 1, 1, 1, 1, 1, 1, 0, 1, 1, 1, 0]
Fitness: 746.716168 	[12, 3, 2, 0, 4, 5, 0, 14, 6, 0, 13, 10, 9, 1, 7, 8, 11, 15, 0, 1, 1, 1, 0, 1, 0, 1, 0, 1, 1, 1, 0, 1, 1, 0]
Fitness: 849.628393 	[11, 10, 12, 13, 5, 15, 0, 3, 14, 9, 0, 7, 8, 0, 1, 6, 2, 4, 0, 0, 1, 1, 0, 1, 1, 1, 0, 1, 1, 0, 1, 1, 1, 0]
Fitness: 889.820678 	[12, 3, 2, 0, 5, 6, 10, 0, 13, 1, 0, 15, 8, 7, 4, 11, 9, 14, 0, 0, 0, 1, 0, 1, 1, 1, 1, 1, 1, 0, 1, 1, 1, 0]
Fitness: 849.628393 	[1, 6, 2, 4, 0, 11, 10, 12, 13, 5, 15, 0, 3, 0, 8, 7, 9, 14, 0, 0, 1, 1, 1, 0, 1, 1, 0, 1, 1, 0, 1, 1, 1, 0]
Fitness: 1037.694307 	[15, 10, 13, 3, 0, 7, 5, 9, 2, 14, 8, 11, 0, 4, 6, 0, 12, 1, 0, 1, 1, 0, 0, 0, 1, 1, 0, 1, 1, 1, 1, 1, 1, 0]
Fitness: 848.597378 	[6, 7, 10, 0, 2, 9, 0, 15, 5, 12, 13, 1, 3, 0, 14, 8, 11, 4, 0, 1, 0, 1, 1, 1, 0, 1, 0, 1, 1, 1, 1, 0, 1, 0]
Fitness: 1037.694307 	[1, 7, 5, 0, 2, 9, 0, 15, 10, 13, 3, 0, 4, 6, 8, 11, 12, 14, 0, 1, 1, 0, 0, 0, 1, 1, 1, 0, 1, 1, 1, 1, 1, 0]
Fitness: 1117.716401 	[11, 0, 2, 6, 8, 10, 0, 12, 0, 15, 13, 1, 5, 14, 3, 4, 7, 9, 0, 1, 1, 0, 0, 1, 1, 1, 1, 1, 0, 1, 0, 1, 1, 0]
Fitness: 744.354480 	[1, 4, 2, 9, 0, 14, 6, 0, 13, 8, 3, 15, 5, 7, 0, 10, 11, 12, 0, 1, 1, 1, 0, 1, 0, 1, 0, 1, 1, 1, 0, 1, 1, 0]
Fitness: 1016.079661 	[4, 0, 7, 8, 5, 13, 14, 10, 0, 15, 1, 9, 6, 2, 0, 3, 12, 11, 0, 1, 1, 0, 1, 0, 1, 0, 1, 1, 1, 1, 1, 0, 1, 0]
Fitness: 724.317510 	[10, 0, 6, 15, 8, 5, 2, 7, 14, 11, 13, 3, 1, 9, 0, 12, 0, 4, 0, 1, 0, 1, 0, 1, 1, 1, 0, 1, 1, 1, 1, 0, 1, 0]
Fitness: 1016.079661 	[7, 8, 5, 13, 14, 10, 0, 3, 12, 11, 0, 1, 0, 4, 2, 6, 9, 15, 0, 1, 1, 0, 1, 0, 1, 0, 1, 1, 0, 1, 1, 1, 1, 0]
Fitness: 691.136862 	[11, 0, 5, 6, 12, 8, 10, 0, 1, 0, 15, 14, 2, 3, 7, 9, 13, 4, 0, 1, 1, 0, 1, 1, 1, 0, 0, 1, 0, 1, 1, 1, 1, 0]
Fitness: 915.608595 	[5, 0, 6, 0, 13, 15, 0, 4, 1, 11, 3, 2, 8, 7, 9, 10, 12, 14, 0, 0, 1, 0, 1, 1, 1, 0, 1, 1, 1, 0, 1, 1, 1, 0]
Fitness: 691.136862 	[5, 0, 15, 14, 2, 3, 7, 9, 13, 4, 0, 11, 0, 6, 1, 8, 10, 12, 0, 1, 1, 1, 0, 1, 1, 0, 0, 1, 0, 1, 1, 1, 1, 0]
Fitness: 688.537667 	[8, 0, 2, 4, 15, 14, 6, 1, 13, 7, 0, 3, 12, 11, 9, 10, 0, 5, 0, 1, 1, 1, 1, 0, 1, 0, 1, 1, 1, 0, 1, 1, 0, 0]
Fitness: 743.462235 	[2, 1, 8, 5, 9, 0, 7, 0, 13, 14, 11, 15, 10, 3, 4, 0, 12, 6, 0, 0, 1, 1, 1, 1, 1, 1, 0, 1, 1, 0, 1, 0, 1, 0]
Fitness: 779.629534 	[5, 2, 14, 9, 12, 11, 8, 0, 10, 4, 6, 7, 0, 13, 0, 15, 1, 3, 0, 0, 1, 1, 1, 1, 1, 1, 0, 1, 1, 0, 1, 1, 0, 0]
Fitness: 743.462235 	[5, 2, 1, 9, 8, 0, 7, 0, 12, 6, 0, 13, 14, 11, 15, 10, 3, 4, 0, 0, 1, 1, 1, 1, 1, 0, 1, 1, 0, 1, 1, 0, 1, 0]
Fitness: 787.454237 	[10, 12, 0, 4, 9, 2, 1, 6, 11, 3, 8, 14, 0, 5, 0, 15, 7, 13, 0, 0, 1, 1, 1, 1, 0, 1, 0, 1, 1, 1, 1, 0, 1, 0]
Fitness: 939.082196 	[5, 3, 0, 13, 0, 12, 14, 1, 7, 10, 6, 9, 8, 0, 4, 11, 2, 15, 0, 1, 0, 0, 1, 1, 0, 1, 0, 1, 1, 1, 1, 1, 1, 0]
Fitness: 787.454237 	[5, 0, 10, 12, 0, 3, 14, 1, 7, 13, 6, 9, 8, 0, 4, 11, 2, 15, 0, 0, 1, 1, 1, 0, 1, 1, 1, 1, 1, 0, 1, 0, 1, 0]
Fitness: 849.628393 	[11, 10, 12, 13, 5, 15, 0, 3, 14, 9, 0, 7, 8, 0, 1, 6, 2, 4, 0, 0, 1, 1, 1, 0, 1, 1, 0, 1, 1, 0, 1, 1, 1, 0]
Fitness: 688.537667 	[5, 0, 1, 13, 8, 14, 7, 6, 2, 15, 0, 4, 0, 3, 12, 11, 9, 10, 0, 1, 1, 1, 1, 0, 1, 0, 1, 1, 1, 0, 1, 1, 0, 0]
Fitness: 849.628393 	[5, 0, 3, 14, 9, 0, 7, 8, 0, 1, 12, 11, 2, 10, 4, 6, 13, 15, 0, 0, 1, 1, 1, 0, 1, 1, 0, 1, 1, 0, 1, 1, 1, 0]
Fitness: 707.696644 	[6, 0, 1, 3, 14, 0, 4, 11, 0, 10, 15, 8, 7, 12, 5, 13, 2, 9, 0, 1, 0, 1, 1, 0, 1, 0, 0, 1, 1, 1, 1, 1, 1, 0]
Fitness: 1005.980038 	[10, 15, 8, 7, 12, 5, 13, 2, 9, 0, 1, 3, 14, 0, 4, 11, 0, 6, 0, 1, 0, 1, 1, 0, 1, 0, 0, 1, 1, 1, 1, 1, 1, 0]
Fitness: 707.696644 	[6, 0, 1, 3, 14, 0, 4, 11, 0, 2, 5, 7, 8, 9, 10, 12, 13, 15, 0, 1, 0, 1, 1, 0, 1, 0, 0, 1, 1, 1, 1, 1, 1, 0]
Fitness: 841.296332 	[7, 9, 5, 13, 10, 0, 8, 4, 12, 11, 14, 6, 3, 0, 1, 15, 0, 2, 0, 0, 1, 1, 1, 1, 1, 1, 0, 1, 1, 0, 0, 1, 1, 0]
Fitness: 779.629534 	[5, 2, 14, 9, 12, 11, 8, 0, 13, 0, 10, 4, 6, 7, 0, 15, 1, 3, 0, 0, 1, 1, 1, 1, 1, 1, 0, 1, 1, 0, 1, 1, 0, 0]
Fitness: 841.296332 	[2, 0, 8, 4, 12, 11, 14, 6, 3, 0, 7, 9, 5, 13, 10, 0, 15, 1, 0, 1, 1, 0, 0, 1, 1, 0, 1, 1, 1, 1, 0, 1, 1, 0]
Fitness: 940.861057 	[5, 6, 8, 0, 13, 3, 11, 2, 0, 4, 15, 9, 0, 12, 10, 7, 14, 1, 0, 1, 0, 1, 0, 1, 1, 0, 0, 1, 1, 1, 1, 1, 1, 0]
Fitness: 789.907490 	[4, 11, 2, 12, 0, 10, 9, 1, 0, 13, 8, 3, 15, 5, 7, 0, 14, 6, 0, 1, 1, 1, 0, 1, 1, 0, 0, 1, 1, 1, 0, 1, 1, 0]
Fitness: 940.861057 	[4, 15, 9, 0, 5, 6, 8, 0, 13, 1, 3, 2, 10, 7, 0, 14, 11, 12, 0, 1, 0, 1, 0, 1, 1, 0, 1, 1, 0, 1, 1, 1, 1, 0]
Fitness: 838.282870 	[7, 9, 1, 13, 4, 0, 12, 3, 2, 0, 5, 6, 10, 0, 8, 11, 14, 15, 0, 0, 0, 1, 0, 1, 1, 1, 1, 1, 1, 0, 1, 1, 1, 0]
Fitness: 718.022716 	[12, 3, 2, 0, 13, 1, 0, 5, 6, 10, 0, 15, 8, 7, 4, 11, 9, 14, 0, 0, 0, 1, 0, 1, 1, 1, 1, 1, 1, 0, 1, 1, 1, 0]
Fitness: 1074.002122 	[4, 0, 6, 12, 7, 9, 0, 2, 13, 0, 10, 1, 11, 3, 5, 15, 14, 8, 0, 0, 1, 1, 0, 1, 1, 1, 1, 0, 1, 0, 1, 1, 1, 0]
Fitness: 718.022716 	[1, 0, 6, 10, 13, 5, 0, 12, 3, 2, 0, 15, 8, 7, 4, 11, 9, 14, 0, 0, 0, 1, 0, 1, 1, 1, 1, 1, 1, 0, 1, 1, 1, 0]
Fitness: 920.855859 	[11, 4, 6, 8, 12, 0, 5, 13, 15, 0, 1, 0, 2, 10, 3, 9, 7, 14, 0, 1, 1, 1, 0, 1, 0, 1, 1, 0, 1, 1, 1, 0, 1, 0]
Fitness: 774.190067 	[1, 0, 2, 10, 3, 9, 7, 0, 14, 6, 4, 13, 0, 8, 15, 11, 5, 12, 0, 0, 1, 1, 1, 1, 1, 1, 0, 1, 1, 1, 1, 0, 0, 0]
Fitness: 776.889594 	[4, 0, 7, 11, 0, 2, 1, 12, 10, 13, 3, 9, 5, 0, 15, 14, 6, 8, 0, 0, 1, 1, 1, 1, 1, 1, 0, 1, 1, 1, 1, 0, 0, 0]
Fitness: 774.190067 	[4, 0, 7, 2, 0, 8, 15, 11, 5, 12, 0, 1, 3, 6, 9, 10, 13, 14, 0, 1, 1, 1, 1, 0, 1, 0, 0, 1, 1, 1, 1, 0, 1, 0]
Fitness: 1117.716401 	[8, 2, 9, 7, 3, 10, 0, 12, 0, 6, 4, 11, 0, 15, 13, 1, 5, 14, 0, 0, 1, 1, 1, 1, 1, 1, 0, 1, 0, 1, 0, 1, 1, 0]
Fitness: 779.629534 	[5, 2, 14, 9, 12, 11, 8, 0, 13, 0, 10, 4, 6, 7, 0, 15, 1, 3, 0, 0, 1, 1, 1, 1, 1, 1, 0, 1, 1, 0, 1, 1, 0, 0]
Fitness: 1117.716401 	[5, 1, 14, 15, 12, 0, 13, 0, 8, 2, 9, 7, 3, 10, 0, 6, 4, 11, 0, 1, 1, 0, 0, 1, 1, 1, 1, 1, 0, 1, 0, 1, 1, 0]
Fitness: 939.082196 	[12, 14, 1, 7, 0, 4, 11, 2, 15, 0, 3, 13, 5, 0, 10, 6, 9, 8, 0, 1, 0, 0, 1, 1, 0, 1, 0, 1, 1, 1, 1, 1, 1, 0]
Fitness: 841.192326 	[14, 4, 13, 1, 0, 2, 6, 0, 7, 0, 10, 3, 5, 8, 9, 11, 12, 15, 0, 1, 1, 1, 0, 1, 0, 1, 0, 1, 1, 1, 1, 1, 0, 0]
Fitness: 688.847727 	[2, 1, 0, 9, 3, 0, 10, 8, 15, 11, 14, 12, 6, 13, 7, 0, 4, 5, 0, 1, 1, 1, 0, 1, 1, 1, 0, 0, 1, 1, 1, 0, 1, 0]
Fitness: 752.014582 	[6, 2, 12, 0, 14, 4, 13, 0, 11, 9, 1, 5, 8, 0, 7, 3, 10, 15, 0, 1, 1, 1, 0, 1, 1, 1, 0, 0, 1, 1, 1, 0, 1, 0]
Fitness: 688.847727 	[1, 2, 4, 0, 9, 3, 0, 10, 8, 15, 11, 14, 12, 6, 13, 7, 0, 5, 0, 1, 0, 1, 1, 0, 1, 0, 0, 1, 1, 1, 1, 1, 1, 0]
Fitness: 1050.940663 	[1, 8, 2, 9, 7, 3, 10, 0, 6, 12, 0, 4, 11, 0, 15, 13, 5, 14, 0, 1, 1, 1, 0, 1, 1, 1, 0, 1, 0, 1, 0, 1, 1, 0]
Fitness: 691.687369 	[9, 2, 3, 12, 0, 5, 1, 15, 0, 7, 6, 8, 4, 0, 11, 10, 13, 14, 0, 0, 1, 1, 0, 1, 1, 0, 1, 1, 1, 1, 0, 1, 1, 0]
Fitness: 843.883507 	[12, 15, 8, 13, 7, 1, 0, 10, 5, 0, 11, 9, 4, 0, 14, 3, 6, 2, 0, 0, 0, 1, 0, 1, 1, 1, 1, 1, 1, 0, 1, 1, 1, 0]
Fitness: 752.014582 	[2, 12, 0, 6, 14, 4, 13, 0, 11, 9, 1, 5, 8, 0, 7, 3, 10, 15, 0, 1, 1, 1, 1, 1, 0, 1, 0, 0, 1, 1, 1, 0, 1, 0]
Fitness: 746.716168 	[14, 4, 11, 2, 12, 0, 13, 10, 9, 1, 0, 8, 3, 15, 5, 7, 0, 6, 0, 1, 1, 1, 0, 1, 0, 1, 0, 1, 1, 1, 1, 1, 0, 0]
Fitness: 718.022716 	[13, 12, 3, 2, 0, 1, 0, 5, 6, 10, 0, 15, 8, 7, 4, 11, 9, 14, 0, 0, 1, 1, 0, 1, 0, 1, 1, 1, 1, 0, 1, 1, 1, 0]
Fitness: 833.019674 	[3, 5, 10, 2, 0, 4, 15, 7, 12, 1, 0, 14, 0, 11, 13, 6, 8, 9, 0, 1, 1, 1, 1, 0, 1, 0, 1, 1, 1, 1, 0, 1, 0, 0]
Fitness: 933.721273 	[5, 6, 2, 12, 0, 14, 4, 13, 7, 0, 3, 10, 15, 0, 11, 9, 1, 8, 0, 1, 0, 0, 0, 1, 1, 1, 1, 0, 1, 1, 1, 1, 1, 0]
Fitness: 848.597378 	[6, 7, 10, 0, 2, 0, 15, 5, 12, 13, 1, 3, 0, 9, 14, 8, 11, 4, 0, 1, 1, 1, 1, 1, 0, 1, 0, 1, 0, 1, 1, 0, 1, 0]
Fitness: 838.282870 	[12, 3, 2, 0, 15, 8, 7, 4, 11, 9, 14, 0, 5, 10, 0, 6, 13, 1, 0, 0, 1, 1, 0, 1, 1, 1, 1, 1, 1, 0, 1, 0, 1, 0]
Fitness: 1247.477376 	[4, 0, 6, 12, 7, 9, 0, 13, 10, 1, 11, 3, 5, 15, 14, 8, 0, 2, 0, 0, 1, 1, 0, 1, 0, 1, 1, 1, 1, 0, 1, 1, 1, 0]
Fitness: 688.537667 	[8, 2, 4, 15, 0, 14, 6, 1, 13, 7, 0, 3, 12, 11, 9, 10, 0, 5, 0, 1, 1, 0, 1, 1, 1, 0, 1, 1, 1, 0, 1, 1, 0, 0]
Fitness: 1074.002122 	[4, 0, 6, 12, 7, 0, 2, 13, 0, 9, 10, 1, 11, 3, 5, 15, 14, 8, 0, 0, 1, 1, 0, 1, 1, 1, 1, 0, 1, 1, 1, 1, 0, 0]
Fitness: 779.629534 	[5, 2, 14, 9, 12, 8, 0, 13, 0, 11, 10, 4, 6, 7, 0, 15, 1, 3, 0, 0, 1, 1, 1, 1, 1, 1, 0, 1, 0, 1, 1, 1, 0, 0]
Fitness: 774.190067 	[11, 1, 0, 2, 10, 3, 9, 7, 0, 14, 6, 4, 13, 0, 8, 15, 5, 12, 0, 1, 1, 1, 1, 0, 1, 0, 0, 1, 1, 1, 0, 1, 1, 0]
Fitness: 707.696644 	[6, 0, 5, 1, 3, 14, 0, 4, 11, 0, 10, 15, 8, 7, 12, 13, 2, 9, 0, 0, 0, 1, 1, 1, 1, 0, 0, 1, 1, 1, 1, 1, 1, 0]
Fitness: 688.847727 	[2, 1, 0, 14, 9, 3, 0, 10, 8, 15, 11, 12, 6, 13, 7, 0, 4, 5, 0, 1, 1, 0, 1, 0, 1, 0, 0, 1, 1, 1, 1, 1, 1, 0]
Fitness: 742.386824 	[12, 8, 13, 15, 0, 5, 14, 6, 9, 0, 7, 3, 0, 4, 1, 2, 10, 11, 0, 1, 0, 1, 1, 1, 1, 0, 0, 1, 1, 1, 0, 1, 1, 0]
Fitness: 1050.940663 	[1, 8, 2, 9, 7, 3, 0, 10, 12, 0, 6, 4, 11, 0, 15, 13, 5, 14, 0, 1, 0, 0, 1, 1, 1, 1, 0, 1, 0, 1, 1, 1, 1, 0]
Fitness: 779.629534 	[5, 2, 14, 9, 12, 11, 8, 0, 3, 10, 4, 6, 7, 0, 13, 0, 15, 1, 0, 1, 1, 1, 1, 1, 1, 0, 0, 1, 1, 0, 1, 1, 0, 0]
Fitness: 1005.980038 	[10, 15, 8, 7, 12, 5, 13, 2, 9, 0, 1, 3, 14, 0, 4, 0, 11, 6, 0, 1, 0, 1, 1, 1, 1, 0, 0, 1, 1, 1, 0, 1, 1, 0]
Fitness: 915.901375 	[6, 11, 9, 0, 15, 4, 14, 0, 2, 10, 12, 7, 0, 5, 8, 13, 1, 3, 0, 1, 0, 1, 0, 1, 0, 1, 1, 1, 1, 1, 0, 1, 1, 0]
Fitness: 776.889594 	[4, 2, 1, 12, 0, 7, 11, 0, 10, 13, 3, 9, 5, 0, 15, 14, 6, 8, 0, 0, 1, 1, 1, 1, 1, 1, 0, 1, 1, 0, 1, 1, 0, 0]
Fitness: 849.628393 	[11, 10, 12, 13, 5, 15, 0, 14, 9, 0, 3, 7, 8, 0, 1, 6, 2, 4, 0, 1, 1, 1, 0, 1, 0, 1, 0, 1, 1, 0, 1, 1, 1, 0]
Fitness: 763.190149 	[4, 12, 11, 0, 13, 8, 3, 15, 7, 0, 10, 9, 1, 0, 5, 6, 2, 14, 0, 1, 1, 1, 0, 1, 1, 1, 0, 0, 1, 1, 0, 1, 1, 0]
Fitness: 1037.694307 	[10, 13, 3, 0, 7, 5, 9, 2, 14, 8, 11, 0, 4, 6, 0, 15, 12, 1, 0, 0, 1, 0, 0, 0, 1, 1, 1, 1, 1, 1, 1, 1, 1, 0]
Fitness: 1074.002122 	[4, 0, 6, 12, 7, 9, 0, 13, 0, 2, 10, 1, 11, 3, 5, 15, 14, 8, 0, 0, 1, 1, 0, 0, 1, 1, 1, 1, 1, 0, 1, 1, 1, 0]
Fitness: 841.296332 	[7, 9, 5, 13, 10, 0, 8, 4, 12, 11, 14, 3, 0, 1, 15, 0, 6, 2, 0, 0, 1, 1, 1, 0, 1, 1, 1, 1, 1, 0, 0, 1, 1, 0]
Fitness: 707.439126 	[15, 10, 4, 0, 6, 8, 5, 2, 7, 0, 12, 0, 14, 11, 13, 3, 1, 9, 0, 1, 0, 1, 0, 1, 0, 1, 1, 1, 1, 0, 1, 1, 1, 0]
Fitness: 939.396233 	[12, 11, 5, 9, 0, 4, 8, 14, 0, 7, 2, 6, 3, 10, 0, 15, 13, 1, 0, 1, 0, 0, 0, 1, 1, 1, 1, 1, 1, 0, 1, 1, 1, 0]
Fitness: 834.115013 	[5, 4, 8, 10, 6, 0, 7, 2, 9, 0, 3, 1, 13, 12, 0, 14, 15, 11, 0, 1, 1, 0, 1, 0, 1, 1, 0, 1, 1, 1, 1, 0, 1, 0]
Fitness: 691.136862 	[5, 15, 14, 2, 0, 3, 7, 9, 13, 4, 0, 11, 0, 6, 1, 8, 10, 12, 0, 1, 1, 1, 0, 1, 1, 0, 0, 1, 1, 0, 1, 1, 1, 0]
Fitness: 779.629534 	[9, 12, 11, 8, 0, 5, 2, 14, 0, 10, 4, 6, 7, 0, 13, 15, 1, 3, 0, 1, 1, 1, 1, 1, 1, 1, 0, 1, 1, 0, 1, 0, 0, 0]
Fitness: 734.364233 	[9, 15, 7, 4, 1, 0, 8, 13, 3, 11, 2, 0, 5, 6, 0, 14, 12, 10, 0, 1, 0, 1, 1, 0, 1, 0, 1, 1, 1, 1, 1, 0, 1, 0]
Fitness: 742.386824 	[12, 8, 7, 15, 0, 13, 5, 14, 6, 9, 0, 3, 0, 4, 1, 2, 10, 11, 0, 1, 1, 1, 0, 1, 1, 0, 1, 1, 1, 0, 0, 1, 1, 0]
Fitness: 1005.980038 	[4, 10, 15, 8, 7, 12, 5, 13, 2, 9, 0, 1, 3, 14, 0, 11, 0, 6, 0, 1, 0, 1, 1, 0, 1, 1, 0, 1, 0, 1, 1, 1, 1, 0]
Fitness: 883.190622 	[10, 13, 6, 7, 0, 5, 2, 14, 0, 4, 15, 1, 3, 0, 9, 12, 11, 8, 0, 1, 1, 1, 1, 1, 1, 1, 0, 1, 1, 0, 1, 0, 0, 0]
Fitness: 889.820678 	[1, 12, 3, 2, 0, 5, 6, 10, 0, 13, 0, 15, 8, 7, 4, 11, 9, 14, 0, 0, 0, 1, 1, 1, 1, 1, 0, 1, 1, 0, 1, 1, 1, 0]
Fitness: 718.022716 	[8, 12, 3, 2, 0, 13, 1, 0, 5, 6, 10, 0, 15, 7, 4, 11, 9, 14, 0, 0, 0, 1, 1, 0, 1, 1, 1, 1, 1, 0, 1, 1, 1, 0]
Fitness: 752.014582 	[6, 2, 12, 0, 1, 14, 4, 13, 0, 11, 9, 5, 8, 0, 7, 3, 10, 15, 0, 1, 1, 1, 0, 1, 1, 1, 0, 0, 1, 1, 1, 1, 0, 0]
Fitness: 743.462235 	[2, 1, 8, 5, 9, 0, 4, 7, 0, 13, 14, 11, 15, 10, 3, 0, 12, 6, 0, 0, 1, 1, 1, 1, 1, 1, 0, 1, 1, 1, 0, 0, 1, 0]
Fitness: 688.537667 	[5, 0, 14, 7, 6, 2, 15, 0, 4, 1, 13, 8, 0, 3, 12, 11, 9, 10, 0, 1, 1, 1, 1, 1, 1, 0, 0, 1, 1, 0, 1, 1, 0, 0]
Fitness: 889.820678 	[12, 3, 2, 0, 5, 6, 10, 0, 1, 0, 13, 15, 8, 7, 4, 11, 9, 14, 0, 0, 0, 1, 1, 1, 1, 1, 1, 1, 1, 0, 0, 1, 1, 0]
Fitness: 841.296332 	[14, 7, 9, 5, 13, 10, 0, 8, 4, 12, 11, 6, 3, 0, 1, 15, 0, 2, 0, 1, 1, 1, 0, 0, 1, 0, 1, 1, 1, 1, 0, 1, 1, 0]
Fitness: 920.855859 	[1, 8, 15, 0, 2, 10, 3, 9, 7, 0, 14, 6, 4, 13, 0, 11, 5, 12, 0, 1, 1, 1, 1, 1, 0, 1, 1, 0, 1, 1, 1, 0, 0, 0]
Fitness: 707.696644 	[6, 0, 1, 3, 14, 0, 11, 0, 4, 2, 5, 7, 8, 9, 10, 12, 13, 15, 0, 1, 0, 1, 1, 1, 0, 0, 0, 1, 1, 1, 1, 1, 1, 0]
Fitness: 849.628393 	[1, 12, 11, 2, 0, 3, 14, 9, 0, 5, 7, 8, 0, 10, 4, 6, 13, 15, 0, 0, 1, 0, 1, 1, 1, 1, 0, 1, 1, 0, 1, 1, 1, 0]
Fitness: 1135.060809 	[13, 15, 0, 10, 14, 2, 3, 11, 0, 1, 8, 9, 12, 7, 5, 4, 0, 6, 0, 0, 1, 1, 1, 1, 1, 0, 1, 1, 1, 0, 0, 1, 1, 0]
Fitness: 986.467460 	[6, 3, 13, 15, 0, 14, 2, 11, 0, 7, 5, 4, 10, 0, 1, 8, 9, 12, 0, 0, 1, 1, 1, 0, 1, 1, 1, 0, 1, 0, 1, 1, 1, 0]
Fitness: 1116.461381 	[12, 15, 3, 13, 6, 8, 0, 5, 0, 2, 9, 14, 1, 0, 7, 4, 10, 11, 0, 1, 1, 1, 1, 0, 1, 1, 0, 0, 1, 1, 0, 1, 1, 0]
Fitness: 744.354480 	[10, 11, 12, 0, 14, 6, 0, 13, 8, 3, 15, 5, 7, 0, 1, 4, 2, 9, 0, 1, 1, 1, 0, 1, 0, 1, 0, 1, 1, 1, 0, 1, 1, 0]
Fitness: 838.282870 	[15, 8, 7, 4, 11, 9, 14, 0, 12, 3, 2, 0, 5, 6, 10, 0, 13, 1, 0, 0, 0, 1, 0, 1, 1, 1, 1, 1, 1, 0, 1, 1, 1, 0]
Fitness: 731.219576 	[15, 0, 6, 2, 1, 11, 0, 5, 14, 4, 9, 12, 8, 10, 7, 0, 13, 3, 0, 1, 1, 0, 1, 0, 1, 1, 1, 0, 1, 1, 1, 0, 1, 0]
Fitness: 841.296332 	[7, 9, 5, 13, 10, 0, 6, 2, 0, 1, 15, 0, 8, 4, 12, 11, 14, 3, 0, 0, 1, 1, 1, 0, 1, 1, 1, 1, 1, 0, 0, 1, 1, 0]
Fitness: 1050.940663 	[12, 0, 1, 8, 2, 9, 7, 3, 10, 0, 6, 4, 11, 0, 15, 13, 5, 14, 0, 1, 1, 0, 0, 1, 1, 1, 0, 1, 0, 1, 1, 1, 1, 0]
Fitness: 843.883507 	[10, 5, 0, 12, 15, 8, 13, 7, 1, 0, 11, 9, 4, 0, 14, 3, 6, 2, 0, 0, 0, 1, 0, 1, 1, 1, 1, 1, 1, 0, 1, 1, 1, 0]
Fitness: 834.115013 	[3, 0, 5, 4, 8, 10, 6, 0, 1, 13, 12, 0, 7, 2, 9, 14, 15, 11, 0, 0, 1, 0, 1, 0, 1, 1, 1, 1, 1, 1, 1, 0, 1, 0]
Fitness: 841.192326 	[14, 4, 11, 0, 1, 8, 15, 12, 9, 3, 5, 10, 13, 0, 7, 0, 2, 6, 0, 1, 1, 1, 0, 1, 0, 1, 0, 1, 1, 1, 1, 1, 0, 0]
Fitness: 859.378846 	[8, 2, 9, 7, 3, 10, 0, 12, 0, 4, 15, 13, 1, 5, 14, 0, 6, 11, 0, 1, 1, 0, 0, 0, 1, 1, 1, 1, 0, 1, 1, 1, 1, 0]
Fitness: 743.462235 	[2, 1, 8, 5, 9, 0, 12, 6, 0, 13, 14, 11, 15, 10, 3, 0, 4, 7, 0, 0, 1, 1, 1, 1, 1, 1, 0, 1, 1, 1, 0, 0, 1, 0]
Fitness: 688.537667 	[14, 6, 1, 13, 7, 0, 8, 2, 4, 15, 0, 3, 12, 11, 9, 10, 0, 5, 0, 1, 1, 0, 1, 1, 1, 0, 1, 1, 1, 0, 1, 1, 0, 0]
Fitness: 742.386824 	[5, 14, 6, 9, 0, 12, 8, 13, 15, 0, 7, 3, 0, 4, 1, 2, 10, 11, 0, 1, 0, 1, 1, 1, 1, 0, 0, 1, 1, 1, 0, 1, 1, 0]
Fitness: 779.629534 	[15, 1, 3, 0, 13, 0, 10, 4, 6, 7, 0, 5, 2, 14, 9, 12, 11, 8, 0, 0, 1, 1, 1, 1, 1, 1, 0, 1, 1, 0, 1, 1, 0, 0]
Fitness: 743.462235 	[13, 14, 11, 15, 10, 3, 4, 0, 7, 0, 2, 1, 8, 5, 9, 0, 12, 6, 0, 0, 1, 1, 1, 1, 1, 1, 0, 1, 1, 0, 1, 0, 1, 0]
Fitness: 1016.079661 	[3, 12, 11, 0, 7, 8, 5, 13, 14, 10, 0, 15, 1, 9, 6, 2, 0, 4, 0, 1, 1, 0, 1, 0, 1, 0, 1, 1, 0, 1, 1, 1, 1, 0]
Fitness: 986.467460 	[14, 2, 11, 0, 6, 3, 13, 15, 0, 7, 5, 4, 10, 0, 1, 8, 9, 12, 0, 0, 1, 1, 1, 0, 1, 1, 1, 0, 1, 0, 1, 1, 1, 0]
Fitness: 920.855859 	[14, 6, 4, 13, 0, 2, 10, 3, 9, 7, 0, 1, 8, 15, 0, 11, 5, 12, 0, 1, 1, 1, 1, 1, 0, 1, 1, 0, 1, 1, 1, 0, 0, 0]
Fitness: 940.861057 	[5, 6, 8, 0, 4, 15, 9, 0, 13, 3, 11, 2, 0, 12, 10, 7, 14, 1, 0, 1, 0, 1, 0, 1, 1, 0, 1, 1, 0, 1, 1, 1, 1, 0]
Fitness: 940.861057 	[14, 11, 12, 0, 5, 6, 8, 0, 13, 1, 3, 2, 10, 7, 0, 4, 15, 9, 0, 1, 0, 1, 0, 1, 1, 0, 1, 1, 0, 1, 1, 1, 1, 0]
Fitness: 776.889594 	[10, 13, 3, 9, 5, 0, 7, 11, 0, 4, 2, 1, 12, 0, 15, 14, 6, 8, 0, 0, 1, 1, 1, 1, 1, 1, 0, 1, 1, 0, 1, 1, 0, 0]
Fitness: 783.771435 	[3, 12, 0, 13, 0, 14, 6, 10, 1, 2, 11, 4, 7, 0, 5, 8, 9, 15, 0, 1, 1, 0, 0, 1, 1, 1, 1, 0, 1, 1, 0, 1, 1, 0]
Fitness: 833.019674 	[14, 0, 4, 15, 7, 12, 1, 0, 3, 5, 10, 2, 0, 11, 13, 6, 8, 9, 0, 1, 1, 1, 1, 0, 1, 0, 1, 1, 1, 1, 0, 1, 0, 0]
Fitness: 933.721273 	[3, 10, 15, 0, 14, 4, 13, 7, 0, 6, 2, 12, 0, 11, 9, 1, 5, 8, 0, 1, 0, 1, 0, 1, 1, 1, 1, 0, 1, 1, 1, 0, 1, 0]
Fitness: 1135.060809 	[13, 15, 0, 1, 8, 9, 12, 7, 5, 4, 10, 0, 14, 2, 3, 11, 0, 6, 0, 0, 1, 0, 1, 1, 1, 0, 1, 1, 1, 0, 1, 1, 1, 0]
Fitness: 1083.305023 	[6, 8, 11, 0, 7, 10, 4, 0, 1, 5, 12, 0, 15, 13, 9, 14, 2, 3, 0, 0, 1, 0, 1, 1, 1, 1, 1, 0, 1, 1, 1, 0, 1, 0]
Fitness: 848.597378 	[14, 8, 11, 4, 0, 2, 9, 0, 15, 5, 12, 13, 1, 3, 0, 6, 7, 10, 0, 1, 0, 1, 1, 1, 0, 1, 0, 1, 1, 1, 1, 0, 1, 0]
Fitness: 1050.940663 	[1, 8, 2, 9, 7, 3, 10, 0, 12, 0, 15, 13, 5, 14, 0, 6, 4, 11, 0, 1, 1, 0, 0, 1, 1, 1, 0, 1, 0, 1, 1, 1, 1, 0]
Fitness: 691.136862 	[5, 15, 14, 2, 0, 3, 7, 9, 13, 4, 0, 6, 1, 8, 10, 12, 0, 11, 0, 1, 1, 1, 0, 1, 1, 0, 0, 1, 1, 0, 1, 1, 1, 0]
Fitness: 1116.461381 	[5, 0, 12, 15, 3, 13, 6, 8, 0, 2, 0, 9, 14, 1, 7, 4, 10, 11, 0, 1, 0, 1, 1, 0, 1, 1, 0, 1, 1, 1, 0, 1, 1, 0]
Fitness: 742.003383 	[12, 10, 11, 5, 14, 0, 3, 9, 0, 4, 0, 8, 2, 6, 13, 15, 1, 7, 0, 1, 0, 1, 0, 1, 1, 1, 1, 0, 1, 0, 1, 1, 1, 0]
Fitness: 750.291481 	[3, 7, 2, 12, 0, 13, 14, 11, 8, 15, 1, 9, 5, 0, 10, 4, 0, 6, 0, 1, 1, 1, 1, 0, 1, 1, 0, 1, 1, 0, 1, 0, 1, 0]
Fitness: 841.192326 	[14, 4, 13, 1, 0, 2, 6, 0, 10, 3, 5, 8, 9, 11, 12, 15, 0, 7, 0, 1, 1, 1, 0, 1, 0, 1, 0, 1, 1, 1, 1, 1, 0, 0]
Fitness: 793.424162 	[3, 14, 4, 13, 7, 0, 6, 2, 12, 0, 10, 0, 9, 5, 15, 11, 8, 1, 0, 1, 1, 0, 0, 1, 1, 1, 1, 0, 1, 1, 1, 0, 1, 0]
Fitness: 688.537667 	[5, 0, 1, 13, 8, 14, 7, 6, 2, 15, 0, 3, 12, 11, 9, 10, 0, 4, 0, 1, 1, 1, 1, 0, 1, 0, 1, 1, 1, 0, 1, 1, 0, 0]
Fitness: 826.194345 	[14, 0, 6, 12, 5, 7, 0, 3, 9, 2, 15, 13, 8, 1, 4, 0, 10, 11, 0, 1, 0, 1, 1, 1, 1, 0, 1, 1, 1, 0, 1, 1, 0, 0]
Fitness: 779.629534 	[10, 4, 6, 7, 0, 5, 2, 14, 9, 12, 11, 8, 0, 13, 0, 15, 1, 3, 0, 0, 1, 1, 1, 1, 1, 1, 0, 1, 1, 0, 1, 1, 0, 0]
Fitness: 1050.940663 	[6, 12, 0, 1, 8, 2, 9, 7, 3, 10, 0, 4, 11, 0, 15, 13, 5, 14, 0, 1, 1, 1, 0, 1, 1, 1, 0, 1, 0, 1, 0, 1, 1, 0]
Fitness: 746.716168 	[14, 6, 0, 13, 10, 9, 1, 0, 8, 3, 15, 5, 7, 0, 4, 11, 2, 12, 0, 1, 1, 1, 0, 1, 0, 1, 0, 1, 1, 1, 0, 1, 1, 0]
Fitness: 849.628393 	[8, 7, 9, 14, 0, 11, 10, 12, 13, 5, 15, 0, 3, 0, 1, 6, 2, 4, 0, 0, 1, 1, 1, 0, 1, 1, 0, 1, 1, 0, 1, 1, 1, 0]
Fitness: 920.855859 	[11, 4, 6, 8, 12, 0, 2, 10, 3, 9, 7, 14, 0, 1, 0, 5, 13, 15, 0, 1, 1, 1, 0, 1, 0, 1, 1, 0, 1, 1, 1, 0, 1, 0]
Fitness: 841.296332 	[7, 9, 5, 13, 10, 0, 1, 15, 0, 8, 4, 12, 11, 14, 6, 3, 0, 2, 0, 0, 1, 1, 1, 1, 1, 1, 0, 1, 1, 0, 0, 1, 1, 0]
Fitness: 779.629534 	[5, 2, 14, 9, 12, 11, 8, 0, 10, 4, 6, 7, 0, 13, 0, 15, 1, 3, 0, 0, 1, 1, 1, 1, 1, 1, 0, 1, 1, 0, 1, 1, 0, 0]
Fitness: 1022.584072 	[6, 0, 14, 4, 9, 5, 2, 0, 1, 13, 12, 0, 3, 7, 8, 10, 11, 15, 0, 0, 1, 0, 1, 0, 1, 1, 1, 1, 1, 1, 1, 0, 1, 0]
Fitness: 1117.716401 	[12, 0, 8, 2, 9, 7, 3, 10, 0, 6, 4, 11, 0, 15, 13, 1, 5, 14, 0, 1, 1, 0, 0, 1, 1, 1, 1, 1, 0, 1, 0, 1, 1, 0]
Fitness: 929.743422 	[12, 14, 1, 7, 10, 6, 9, 8, 0, 4, 11, 2, 15, 0, 5, 3, 0, 13, 0, 1, 0, 0, 1, 1, 0, 1, 0, 1, 1, 1, 1, 1, 1, 0]
Fitness: 776.889594 	[7, 11, 0, 4, 0, 2, 1, 12, 10, 13, 3, 9, 5, 0, 15, 14, 6, 8, 0, 0, 1, 1, 1, 1, 1, 1, 0, 1, 1, 1, 1, 0, 0, 0]
Fitness: 841.891862 	[8, 10, 7, 9, 0, 15, 13, 1, 5, 14, 0, 2, 3, 12, 0, 6, 4, 11, 0, 1, 1, 0, 0, 1, 1, 1, 1, 1, 0, 1, 0, 1, 1, 0]
Fitness: 1247.477376 	[4, 0, 2, 0, 13, 10, 1, 11, 3, 5, 15, 14, 8, 0, 6, 12, 7, 9, 0, 0, 1, 1, 0, 1, 0, 1, 1, 1, 1, 0, 1, 1, 1, 0]
Fitness: 718.022716 	[15, 8, 7, 4, 11, 9, 14, 0, 13, 1, 0, 5, 6, 10, 0, 12, 3, 2, 0, 0, 0, 1, 0, 1, 1, 1, 1, 1, 1, 0, 1, 1, 1, 0]
Fitness: 833.019674 	[3, 5, 10, 2, 0, 4, 15, 7, 12, 1, 0, 13, 6, 8, 9, 0, 11, 14, 0, 1, 0, 1, 1, 0, 1, 1, 1, 1, 1, 1, 0, 1, 0, 0]
Time: 0.41535