Fitness: 1612.391329 	[4, 0, 12, 2, 13, 0, 6, 1, 0, 3, 5, 7, 8, 9, 10, 11, 14, 15, 0, 1, 0, 1, 1, 1, 0, 1, 1, 1, 0, 1, 1, 0, 1, 0]
Fitness: 1580.830519 	[10, 1, 7, 5, 8, 0, 14, 9, 3, 2, 11, 12, 15, 0, 6, 13, 0, 4, 0, 1, 0, 1, 0, 1, 0, 1, 1, 1, 0, 1, 1, 1, 1, 0]
Fitness: 1565.793554 	[4, 0, 14, 6, 7, 0, 12, 2, 13, 0, 9, 10, 1, 11, 3, 5, 15, 8, 0, 1, 0, 1, 1, 1, 0, 1, 1, 0, 1, 1, 1, 0, 1, 0]
Fitness: 1565.793554 	[4, 0, 14, 6, 7, 0, 12, 2, 13, 0, 9, 10, 1, 11, 3, 5, 15, 8, 0, 1, 0, 1, 1, 1, 0, 1, 1, 0, 1, 1, 1, 0, 1, 0]
Fitness: 1565.793554 	[4, 0, 12, 2, 13, 0, 14, 6, 7, 0, 9, 10, 1, 11, 3, 5, 15, 8, 0, 1, 0, 1, 1, 1, 0, 1, 1, 1, 0, 1, 1, 0, 1, 0]
Fitness: 1565.793554 	[4, 0, 12, 2, 13, 0, 14, 6, 7, 0, 9, 10, 1, 11, 3, 5, 15, 8, 0, 1, 0, 1, 1, 1, 0, 1, 1, 1, 0, 1, 1, 0, 1, 0]
Fitness: 1565.793554 	[4, 0, 12, 2, 13, 0, 14, 6, 7, 0, 9, 10, 1, 11, 3, 5, 15, 8, 0, 1, 0, 1, 1, 1, 0, 1, 1, 1, 0, 1, 1, 0, 1, 0]
Fitness: 1565.793554 	[4, 0, 12, 2, 13, 0, 14, 6, 7, 0, 9, 10, 1, 11, 3, 5, 15, 8, 0, 1, 0, 1, 1, 1, 0, 1, 1, 1, 0, 1, 1, 0, 1, 0]
Fitness: 1565.793554 	[4, 0, 12, 2, 13, 0, 14, 6, 7, 0, 9, 10, 1, 11, 3, 5, 15, 8, 0, 1, 0, 1, 1, 1, 0, 1, 1, 1, 0, 1, 1, 0, 1, 0]
Fitness: 1565.793554 	[4, 0, 12, 2, 13, 0, 14, 6, 7, 0, 9, 10, 1, 11, 3, 5, 15, 8, 0, 1, 0, 1, 1, 1, 0, 1, 1, 1, 0, 1, 1, 0, 1, 0]
Fitness: 1560.687894 	[15, 12, 2, 7, 3, 10, 0, 13, 6, 0, 4, 0, 14, 11, 8, 1, 9, 5, 0, 1, 0, 1, 0, 1, 1, 1, 1, 0, 1, 1, 1, 0, 1, 0]
Fitness: 1545.002933 	[10, 6, 12, 7, 9, 0, 1, 11, 3, 5, 15, 14, 8, 0, 4, 0, 2, 13, 0, 1, 0, 1, 0, 1, 0, 1, 1, 1, 1, 0, 1, 1, 1, 0]
Fitness: 1541.918052 	[12, 2, 7, 3, 10, 0, 4, 0, 13, 6, 0, 1, 5, 8, 9, 11, 14, 15, 0, 0, 1, 1, 0, 1, 1, 1, 1, 0, 1, 1, 1, 0, 1, 0]
Fitness: 1541.918052 	[12, 2, 7, 3, 10, 0, 4, 0, 13, 6, 0, 1, 5, 8, 9, 11, 14, 15, 0, 0, 1, 1, 0, 1, 1, 1, 1, 0, 1, 1, 1, 0, 1, 0]
Fitness: 1541.918052 	[12, 2, 7, 3, 10, 0, 4, 0, 13, 6, 0, 14, 11, 8, 15, 1, 9, 5, 0, 0, 1, 1, 0, 1, 1, 1, 1, 0, 1, 1, 1, 0, 1, 0]
Fitness: 1541.918052 	[12, 2, 7, 3, 10, 0, 4, 0, 13, 6, 0, 14, 11, 8, 15, 1, 9, 5, 0, 0, 1, 1, 0, 1, 1, 1, 1, 0, 1, 1, 1, 0, 1, 0]
Fitness: 1541.918052 	[12, 2, 7, 3, 10, 0, 4, 0, 13, 6, 0, 14, 11, 8, 15, 1, 9, 5, 0, 0, 1, 1, 0, 1, 1, 1, 1, 0, 1, 1, 1, 0, 1, 0]
Fitness: 1541.918052 	[12, 2, 7, 3, 10, 0, 4, 0, 13, 6, 0, 14, 11, 8, 15, 1, 9, 5, 0, 0, 1, 1, 0, 1, 1, 1, 1, 0, 1, 1, 1, 0, 1, 0]
Fitness: 1541.918052 	[12, 2, 7, 3, 10, 0, 4, 0, 13, 6, 0, 14, 11, 8, 15, 1, 9, 5, 0, 0, 1, 1, 0, 1, 1, 1, 1, 0, 1, 1, 1, 0, 1, 0]
Fitness: 1541.918052 	[12, 2, 7, 3, 10, 0, 4, 0, 13, 6, 0, 14, 11, 8, 15, 1, 9, 5, 0, 0, 1, 1, 0, 1, 1, 1, 1, 0, 1, 1, 1, 0, 1, 0]
Fitness: 1541.918052 	[12, 2, 7, 3, 10, 0, 4, 0, 13, 6, 0, 14, 11, 8, 15, 1, 9, 5, 0, 0, 1, 1, 0, 1, 1, 1, 1, 0, 1, 1, 1, 0, 1, 0]
Fitness: 1541.918052 	[12, 2, 7, 3, 10, 0, 4, 0, 13, 6, 0, 14, 11, 8, 15, 1, 9, 5, 0, 0, 1, 1, 0, 1, 1, 1, 1, 0, 1, 1, 1, 0, 1, 0]
Fitness: 1541.918052 	[12, 2, 7, 3, 10, 0, 4, 0, 13, 6, 0, 14, 11, 8, 15, 1, 9, 5, 0, 0, 1, 1, 0, 1, 1, 1, 1, 0, 1, 1, 1, 0, 1, 0]
Fitness: 1541.918052 	[12, 2, 7, 3, 10, 0, 4, 0, 13, 6, 0, 14, 11, 8, 15, 1, 9, 5, 0, 0, 1, 1, 0, 1, 1, 1, 1, 0, 1, 1, 1, 0, 1, 0]
Fitness: 1541.918052 	[12, 2, 7, 3, 10, 0, 4, 0, 13, 6, 0, 14, 11, 8, 15, 1, 9, 5, 0, 0, 1, 1, 0, 1, 1, 1, 1, 0, 1, 1, 1, 0, 1, 0]
Fitness: 1541.918052 	[12, 2, 7, 3, 10, 0, 4, 0, 13, 6, 0, 14, 11, 8, 15, 1, 9, 5, 0, 0, 1, 1, 0, 1, 1, 1, 1, 0, 1, 1, 1, 0, 1, 0]
Fitness: 1541.918052 	[12, 2, 7, 3, 10, 0, 4, 0, 13, 6, 0, 14, 11, 8, 15, 1, 9, 5, 0, 0, 1, 1, 0, 1, 1, 1, 1, 0, 1, 1, 1, 0, 1, 0]
Fitness: 1541.918052 	[12, 2, 7, 3, 10, 0, 4, 0, 13, 6, 0, 14, 11, 8, 15, 1, 9, 5, 0, 0, 1, 1, 0, 1, 1, 1, 1, 0, 1, 1, 1, 0, 1, 0]
Fitness: 1541.918052 	[12, 2, 7, 3, 10, 0, 4, 0, 13, 6, 0, 14, 11, 8, 15, 1, 9, 5, 0, 0, 1, 1, 0, 1, 1, 1, 1, 0, 1, 1, 1, 0, 1, 0]
Fitness: 1541.918052 	[12, 2, 7, 3, 10, 0, 4, 0, 13, 6, 0, 14, 11, 8, 15, 1, 9, 5, 0, 0, 1, 1, 0, 1, 1, 1, 1, 0, 1, 1, 1, 0, 1, 0]
Fitness: 1541.918052 	[12, 2, 7, 3, 10, 0, 4, 0, 13, 6, 0, 14, 11, 8, 15, 1, 9, 5, 0, 0, 1, 1, 0, 1, 1, 1, 1, 0, 1, 1, 1, 0, 1, 0]
Fitness: 1541.918052 	[12, 2, 7, 3, 10, 0, 4, 0, 13, 6, 0, 14, 11, 8, 15, 1, 9, 5, 0, 0, 1, 1, 0, 1, 1, 1, 1, 0, 1, 1, 1, 0, 1, 0]
Fitness: 1541.918052 	[12, 2, 7, 3, 10, 0, 4, 0, 13, 6, 0, 14, 11, 8, 15, 1, 9, 5, 0, 0, 1, 1, 0, 1, 1, 1, 1, 0, 1, 1, 1, 0, 1, 0]
Fitness: 1541.918052 	[12, 2, 7, 3, 10, 0, 4, 0, 13, 6, 0, 14, 11, 8, 15, 1, 9, 5, 0, 0, 1, 1, 0, 1, 1, 1, 1, 0, 1, 1, 1, 0, 1, 0]
Fitness: 1541.918052 	[12, 2, 7, 3, 10, 0, 4, 0, 13, 6, 0, 14, 11, 8, 15, 1, 9, 5, 0, 0, 1, 1, 0, 1, 1, 1, 1, 0, 1, 1, 1, 0, 1, 0]
Fitness: 1541.918052 	[12, 2, 7, 3, 10, 0, 4, 0, 13, 6, 0, 14, 11, 8, 15, 1, 9, 5, 0, 0, 1, 1, 0, 1, 1, 1, 1, 0, 1, 1, 1, 0, 1, 0]
Fitness: 1541.918052 	[12, 2, 7, 3, 10, 0, 4, 0, 13, 6, 0, 14, 11, 8, 15, 1, 9, 5, 0, 0, 1, 1, 0, 1, 1, 1, 1, 0, 1, 1, 1, 0, 1, 0]
Fitness: 1541.918052 	[12, 2, 7, 3, 10, 0, 4, 0, 13, 6, 0, 14, 11, 8, 15, 1, 9, 5, 0, 0, 1, 1, 0, 1, 1, 1, 1, 0, 1, 1, 1, 0, 1, 0]
Fitness: 1541.918052 	[12, 2, 7, 3, 10, 0, 4, 0, 13, 6, 0, 14, 11, 8, 15, 1, 9, 5, 0, 0, 1, 1, 0, 1, 1, 1, 1, 0, 1, 1, 1, 0, 1, 0]
Fitness: 1541.918052 	[12, 2, 7, 3, 10, 0, 4, 0, 13, 6, 0, 14, 11, 8, 15, 1, 9, 5, 0, 0, 1, 1, 0, 1, 1, 1, 1, 0, 1, 1, 1, 0, 1, 0]
Fitness: 1541.918052 	[12, 2, 7, 3, 10, 0, 4, 0, 13, 6, 0, 14, 11, 8, 15, 1, 9, 5, 0, 0, 1, 1, 0, 1, 1, 1, 1, 0, 1, 1, 1, 0, 1, 0]
Fitness: 1541.918052 	[12, 2, 7, 3, 10, 0, 4, 0, 13, 6, 0, 14, 11, 8, 15, 1, 9, 5, 0, 0, 1, 1, 0, 1, 1, 1, 1, 0, 1, 1, 1, 0, 1, 0]
Fitness: 1541.918052 	[12, 2, 7, 3, 10, 0, 4, 0, 13, 6, 0, 14, 11, 8, 15, 1, 9, 5, 0, 0, 1, 1, 0, 1, 1, 1, 1, 0, 1, 1, 1, 0, 1, 0]
Fitness: 1541.918052 	[12, 2, 7, 3, 10, 0, 4, 0, 13, 6, 0, 14, 11, 8, 15, 1, 9, 5, 0, 0, 1, 1, 0, 1, 1, 1, 1, 0, 1, 1, 1, 0, 1, 0]
Fitness: 1540.459097 	[2, 13, 3, 14, 0, 15, 7, 8, 5, 6, 9, 10, 0, 4, 0, 1, 11, 12, 0, 1, 0, 1, 0, 1, 0, 1, 1, 1, 1, 0, 1, 1, 1, 0]
Fitness: 1540.459097 	[2, 13, 3, 14, 0, 15, 7, 8, 5, 6, 9, 10, 0, 4, 0, 1, 11, 12, 0, 1, 0, 1, 0, 1, 0, 1, 1, 1, 1, 0, 1, 1, 1, 0]
Fitness: 1540.459097 	[15, 7, 8, 5, 6, 9, 10, 0, 2, 13, 3, 14, 0, 4, 0, 1, 11, 12, 0, 1, 0, 1, 0, 1, 0, 1, 1, 1, 1, 0, 1, 1, 1, 0]
Fitness: 1540.459097 	[15, 7, 8, 5, 6, 9, 10, 0, 2, 13, 3, 14, 0, 4, 0, 1, 11, 12, 0, 1, 0, 1, 0, 1, 0, 1, 1, 1, 1, 0, 1, 1, 1, 0]
Fitness: 1540.459097 	[15, 7, 8, 5, 6, 9, 10, 0, 2, 13, 3, 14, 0, 4, 0, 1, 11, 12, 0, 1, 0, 1, 0, 1, 0, 1, 1, 1, 1, 0, 1, 1, 1, 0]
Fitness: 1540.459097 	[15, 7, 8, 5, 6, 9, 10, 0, 2, 13, 3, 14, 0, 4, 0, 1, 11, 12, 0, 1, 0, 1, 0, 1, 0, 1, 1, 1, 1, 0, 1, 1, 1, 0]
Fitness: 1540.459097 	[15, 7, 8, 5, 6, 9, 10, 0, 2, 13, 3, 14, 0, 4, 0, 1, 11, 12, 0, 1, 0, 1, 0, 1, 0, 1, 1, 1, 1, 0, 1, 1, 1, 0]
Fitness: 1540.459097 	[15, 7, 8, 5, 6, 9, 10, 0, 2, 13, 3, 14, 0, 4, 0, 1, 11, 12, 0, 1, 0, 1, 0, 1, 0, 1, 1, 1, 1, 0, 1, 1, 1, 0]
Fitness: 1540.459097 	[15, 7, 8, 5, 6, 9, 10, 0, 2, 13, 3, 14, 0, 4, 0, 1, 11, 12, 0, 1, 0, 1, 0, 1, 0, 1, 1, 1, 1, 0, 1, 1, 1, 0]
Fitness: 1540.459097 	[15, 7, 8, 5, 6, 9, 10, 0, 2, 13, 3, 14, 0, 4, 0, 1, 11, 12, 0, 1, 0, 1, 0, 1, 0, 1, 1, 1, 1, 0, 1, 1, 1, 0]
Fitness: 1534.822332 	[10, 1, 7, 5, 8, 0, 6, 13, 0, 14, 9, 3, 2, 11, 12, 15, 0, 4, 0, 1, 0, 1, 0, 1, 1, 0, 1, 1, 0, 1, 1, 1, 1, 0]
Fitness: 1534.822332 	[10, 1, 7, 5, 8, 0, 6, 13, 0, 14, 9, 3, 2, 11, 12, 15, 0, 4, 0, 1, 0, 1, 0, 1, 1, 0, 1, 1, 0, 1, 1, 1, 1, 0]
Fitness: 1534.822332 	[10, 1, 7, 5, 8, 0, 6, 13, 0, 14, 9, 3, 2, 11, 12, 15, 0, 4, 0, 1, 0, 1, 0, 1, 1, 0, 1, 1, 0, 1, 1, 1, 1, 0]
Fitness: 1534.822332 	[10, 1, 7, 5, 8, 0, 6, 13, 0, 14, 9, 3, 2, 11, 12, 15, 0, 4, 0, 1, 0, 1, 0, 1, 1, 0, 1, 1, 0, 1, 1, 1, 1, 0]
Fitness: 1534.822332 	[10, 1, 7, 5, 8, 0, 6, 13, 0, 14, 9, 3, 2, 11, 12, 15, 0, 4, 0, 1, 0, 1, 0, 1, 1, 0, 1, 1, 0, 1, 1, 1, 1, 0]
Fitness: 1534.822332 	[10, 1, 7, 5, 8, 0, 6, 13, 0, 14, 9, 3, 2, 11, 12, 15, 0, 4, 0, 1, 0, 1, 0, 1, 1, 0, 1, 1, 0, 1, 1, 1, 1, 0]
Fitness: 1534.822332 	[10, 1, 7, 5, 8, 0, 14, 9, 3, 2, 11, 12, 15, 0, 6, 13, 0, 4, 0, 1, 0, 1, 0, 1, 1, 0, 1, 1, 0, 1, 1, 1, 1, 0]
Fitness: 1534.822332 	[10, 1, 7, 5, 8, 0, 14, 9, 3, 2, 11, 12, 15, 0, 6, 13, 0, 4, 0, 1, 0, 1, 0, 1, 1, 0, 1, 1, 0, 1, 1, 1, 1, 0]
Fitness: 1534.822332 	[10, 1, 7, 5, 8, 0, 14, 9, 3, 2, 11, 12, 15, 0, 6, 13, 0, 4, 0, 1, 0, 1, 0, 1, 1, 0, 1, 1, 0, 1, 1, 1, 1, 0]
Fitness: 1534.822332 	[10, 1, 7, 5, 8, 0, 14, 9, 3, 2, 11, 12, 15, 0, 6, 13, 0, 4, 0, 1, 0, 1, 0, 1, 1, 0, 1, 1, 0, 1, 1, 1, 1, 0]
Fitness: 1534.822332 	[10, 1, 7, 5, 8, 0, 14, 9, 3, 2, 11, 12, 15, 0, 6, 13, 0, 4, 0, 1, 0, 1, 0, 1, 1, 0, 1, 1, 0, 1, 1, 1, 1, 0]
Fitness: 1534.822332 	[10, 1, 7, 5, 8, 0, 14, 9, 3, 2, 11, 12, 15, 0, 6, 13, 0, 4, 0, 1, 0, 1, 0, 1, 1, 0, 1, 1, 0, 1, 1, 1, 1, 0]
Fitness: 1534.822332 	[10, 1, 7, 5, 8, 0, 14, 9, 3, 2, 11, 12, 15, 0, 6, 13, 0, 4, 0, 1, 0, 1, 0, 1, 1, 0, 1, 1, 0, 1, 1, 1, 1, 0]
Fitness: 1534.822332 	[10, 1, 7, 5, 8, 0, 14, 9, 3, 2, 11, 12, 15, 0, 6, 13, 0, 4, 0, 1, 0, 1, 0, 1, 1, 0, 1, 1, 0, 1, 1, 1, 1, 0]
Fitness: 1534.822332 	[10, 1, 7, 5, 8, 0, 14, 9, 3, 2, 11, 12, 15, 0, 6, 13, 0, 4, 0, 1, 0, 1, 0, 1, 1, 0, 1, 1, 0, 1, 1, 1, 1, 0]
Fitness: 1534.822332 	[10, 1, 7, 5, 8, 0, 14, 9, 3, 2, 11, 12, 15, 0, 6, 13, 0, 4, 0, 1, 0, 1, 0, 1, 1, 0, 1, 1, 0, 1, 1, 1, 1, 0]
Fitness: 1534.822332 	[10, 1, 7, 5, 8, 0, 14, 9, 3, 2, 11, 12, 15, 0, 6, 13, 0, 4, 0, 1, 0, 1, 0, 1, 1, 0, 1, 1, 0, 1, 1, 1, 1, 0]
Fitness: 1534.822332 	[10, 1, 7, 5, 8, 0, 14, 9, 3, 2, 11, 12, 15, 0, 6, 13, 0, 4, 0, 1, 0, 1, 0, 1, 1, 0, 1, 1, 0, 1, 1, 1, 1, 0]
Fitness: 1534.822332 	[10, 1, 7, 5, 8, 0, 14, 9, 3, 2, 11, 12, 15, 0, 6, 13, 0, 4, 0, 1, 0, 1, 0, 1, 1, 0, 1, 1, 0, 1, 1, 1, 1, 0]
Fitness: 1534.822332 	[10, 1, 7, 5, 8, 0, 14, 9, 3, 2, 11, 12, 15, 0, 6, 13, 0, 4, 0, 1, 0, 1, 0, 1, 1, 0, 1, 1, 0, 1, 1, 1, 1, 0]
Fitness: 1534.822332 	[10, 1, 7, 5, 8, 0, 14, 9, 3, 2, 11, 12, 15, 0, 6, 13, 0, 4, 0, 1, 0, 1, 0, 1, 1, 0, 1, 1, 0, 1, 1, 1, 1, 0]
Fitness: 1530.876877 	[14, 11, 8, 15, 1, 9, 5, 0, 4, 0, 13, 0, 6, 12, 2, 7, 3, 10, 0, 1, 0, 1, 0, 1, 1, 1, 1, 0, 1, 1, 1, 0, 1, 0]
Fitness: 1530.565639 	[5, 14, 8, 3, 1, 11, 10, 15, 0, 2, 12, 7, 9, 0, 13, 6, 0, 4, 0, 1, 0, 1, 0, 1, 0, 1, 1, 1, 0, 1, 1, 1, 1, 0]
Fitness: 1522.015765 	[14, 9, 3, 2, 11, 12, 15, 0, 6, 13, 0, 10, 1, 7, 5, 8, 0, 4, 0, 1, 0, 1, 0, 1, 1, 0, 1, 1, 0, 1, 1, 1, 1, 0]
Fitness: 1522.015765 	[14, 9, 3, 2, 11, 12, 15, 0, 6, 13, 0, 10, 1, 7, 5, 8, 0, 4, 0, 1, 0, 1, 0, 1, 1, 0, 1, 1, 0, 1, 1, 1, 1, 0]
Fitness: 1522.015765 	[14, 9, 3, 2, 11, 12, 15, 0, 10, 1, 7, 5, 8, 0, 6, 13, 0, 4, 0, 1, 0, 1, 0, 1, 1, 0, 1, 1, 0, 1, 1, 1, 1, 0]
Fitness: 1522.015765 	[14, 9, 3, 2, 11, 12, 15, 0, 10, 1, 7, 5, 8, 0, 6, 13, 0, 4, 0, 1, 0, 1, 0, 1, 1, 0, 1, 1, 0, 1, 1, 1, 1, 0]
Fitness: 1522.015765 	[14, 9, 3, 2, 11, 12, 15, 0, 10, 1, 7, 5, 8, 0, 6, 13, 0, 4, 0, 1, 0, 1, 0, 1, 1, 0, 1, 1, 0, 1, 1, 1, 1, 0]
Fitness: 1522.015765 	[14, 9, 3, 2, 11, 12, 15, 0, 10, 1, 7, 5, 8, 0, 6, 13, 0, 4, 0, 1, 0, 1, 0, 1, 1, 0, 1, 1, 0, 1, 1, 1, 1, 0]
Fitness: 1522.015765 	[14, 9, 3, 2, 11, 12, 15, 0, 10, 1, 7, 5, 8, 0, 6, 13, 0, 4, 0, 1, 0, 1, 0, 1, 1, 0, 1, 1, 0, 1, 1, 1, 1, 0]
Fitness: 1522.015765 	[14, 9, 3, 2, 11, 12, 15, 0, 10, 1, 7, 5, 8, 0, 6, 13, 0, 4, 0, 1, 0, 1, 0, 1, 1, 0, 1, 1, 0, 1, 1, 1, 1, 0]
Fitness: 1522.015765 	[14, 9, 3, 2, 11, 12, 15, 0, 10, 1, 7, 5, 8, 0, 6, 13, 0, 4, 0, 1, 0, 1, 0, 1, 1, 0, 1, 1, 0, 1, 1, 1, 1, 0]
Fitness: 1520.053825 	[10, 1, 11, 3, 5, 15, 8, 0, 14, 6, 12, 7, 9, 0, 4, 0, 2, 13, 0, 1, 0, 1, 0, 1, 0, 1, 1, 1, 1, 1, 0, 1, 1, 0]
Fitness: 1517.670211 	[12, 2, 7, 3, 10, 0, 13, 6, 0, 4, 0, 14, 11, 8, 15, 1, 9, 5, 0, 0, 1, 1, 0, 1, 1, 1, 1, 0, 1, 1, 1, 0, 1, 0]
Fitness: 1517.670211 	[12, 2, 7, 3, 10, 0, 13, 6, 0, 4, 0, 14, 11, 8, 15, 1, 9, 5, 0, 0, 1, 1, 0, 1, 1, 1, 1, 0, 1, 1, 1, 0, 1, 0]
Fitness: 1517.670211 	[12, 2, 7, 3, 10, 0, 13, 6, 0, 4, 0, 14, 11, 8, 15, 1, 9, 5, 0, 0, 1, 1, 0, 1, 1, 1, 1, 0, 1, 1, 1, 0, 1, 0]
Fitness: 1517.670211 	[12, 2, 7, 3, 10, 0, 13, 6, 0, 4, 0, 14, 11, 8, 15, 1, 9, 5, 0, 0, 1, 1, 0, 1, 1, 1, 1, 0, 1, 1, 1, 0, 1, 0]
Fitness: 1517.670211 	[12, 2, 7, 3, 10, 0, 13, 6, 0, 4, 0, 14, 11, 8, 15, 1, 9, 5, 0, 0, 1, 1, 0, 1, 1, 1, 1, 0, 1, 1, 1, 0, 1, 0]
Fitness: 1517.670211 	[12, 2, 7, 3, 10, 0, 13, 6, 0, 4, 0, 14, 11, 8, 15, 1, 9, 5, 0, 0, 1, 1, 0, 1, 1, 1, 1, 0, 1, 1, 1, 0, 1, 0]
Fitness: 1513.136988 	[14, 11, 8, 15, 1, 9, 5, 0, 4, 0, 13, 6, 0, 12, 2, 7, 3, 10, 0, 0, 1, 1, 0, 1, 1, 1, 1, 0, 1, 1, 1, 0, 1, 0]
Fitness: 1513.136988 	[14, 11, 8, 15, 1, 9, 5, 0, 4, 0, 13, 6, 0, 12, 2, 7, 3, 10, 0, 0, 1, 1, 0, 1, 1, 1, 1, 0, 1, 1, 1, 0, 1, 0]
Fitness: 1513.136988 	[14, 11, 8, 15, 1, 9, 5, 0, 4, 0, 13, 6, 0, 12, 2, 7, 3, 10, 0, 0, 1, 1, 0, 1, 1, 1, 1, 0, 1, 1, 1, 0, 1, 0]
Fitness: 1513.136988 	[14, 11, 8, 15, 1, 9, 5, 0, 4, 0, 13, 6, 0, 12, 2, 7, 3, 10, 0, 0, 1, 1, 0, 1, 1, 1, 1, 0, 1, 1, 1, 0, 1, 0]
Fitness: 1513.136988 	[14, 11, 8, 15, 1, 9, 5, 0, 4, 0, 13, 6, 0, 12, 2, 7, 3, 10, 0, 0, 1, 1, 0, 1, 1, 1, 1, 0, 1, 1, 1, 0, 1, 0]
Fitness: 1513.136988 	[14, 11, 8, 15, 1, 9, 5, 0, 4, 0, 13, 6, 0, 12, 2, 7, 3, 10, 0, 0, 1, 1, 0, 1, 1, 1, 1, 0, 1, 1, 1, 0, 1, 0]
Fitness: 1513.136988 	[14, 11, 8, 15, 1, 9, 5, 0, 4, 0, 13, 6, 0, 12, 2, 7, 3, 10, 0, 0, 1, 1, 0, 1, 1, 1, 1, 0, 1, 1, 1, 0, 1, 0]
Fitness: 1513.136988 	[14, 11, 8, 15, 1, 9, 5, 0, 4, 0, 13, 6, 0, 12, 2, 7, 3, 10, 0, 0, 1, 1, 0, 1, 1, 0, 1, 1, 1, 1, 1, 0, 1, 0]
Fitness: 1534.822332 	[10, 1, 7, 5, 8, 0, 6, 13, 0, 14, 9, 3, 2, 11, 12, 15, 0, 4, 0, 1, 0, 1, 0, 1, 1, 0, 1, 1, 0, 1, 1, 1, 1, 0]
Fitness: 1513.136988 	[10, 1, 7, 5, 8, 0, 4, 0, 13, 6, 0, 2, 3, 9, 11, 12, 14, 15, 0, 0, 1, 1, 0, 1, 1, 1, 1, 0, 1, 1, 1, 0, 1, 0]
Fitness: 1534.822332 	[4, 0, 10, 1, 7, 5, 8, 0, 2, 0, 14, 11, 3, 15, 6, 9, 12, 13, 0, 1, 0, 1, 0, 1, 1, 0, 1, 1, 0, 1, 1, 1, 1, 0]
Fitness: 1520.053825 	[10, 1, 11, 3, 5, 15, 8, 0, 14, 6, 12, 7, 9, 0, 4, 0, 2, 13, 0, 1, 0, 1, 0, 1, 1, 0, 1, 1, 1, 1, 0, 1, 1, 0]
Fitness: 1534.822332 	[10, 1, 7, 5, 8, 0, 6, 13, 0, 14, 9, 3, 2, 11, 12, 15, 0, 4, 0, 1, 0, 1, 0, 1, 1, 0, 1, 1, 0, 1, 1, 1, 1, 0]
Fitness: 1520.053825 	[10, 1, 11, 5, 8, 0, 3, 4, 0, 14, 6, 12, 7, 9, 0, 2, 13, 15, 0, 1, 0, 1, 0, 1, 0, 1, 1, 1, 1, 1, 0, 1, 1, 0]
Fitness: 1513.136988 	[14, 11, 8, 15, 1, 9, 5, 0, 4, 0, 13, 6, 0, 12, 2, 7, 3, 10, 0, 0, 1, 1, 0, 1, 1, 1, 1, 0, 1, 1, 1, 0, 1, 0]
Fitness: 1541.918052 	[12, 2, 7, 3, 10, 0, 4, 0, 13, 6, 0, 14, 11, 8, 15, 1, 9, 5, 0, 0, 1, 1, 0, 1, 1, 1, 1, 0, 1, 1, 1, 0, 1, 0]
Fitness: 1513.136988 	[1, 5, 8, 9, 11, 0, 4, 0, 13, 6, 0, 12, 2, 7, 3, 10, 14, 15, 0, 0, 1, 1, 0, 1, 1, 1, 1, 0, 1, 1, 1, 0, 1, 0]
Fitness: 1541.918052 	[12, 2, 7, 3, 10, 0, 4, 0, 13, 6, 0, 14, 11, 8, 15, 1, 9, 5, 0, 1, 0, 1, 0, 1, 0, 1, 1, 1, 1, 1, 1, 0, 1, 0]
Fitness: 1540.459097 	[15, 7, 8, 5, 6, 9, 10, 0, 2, 13, 3, 14, 0, 4, 0, 1, 11, 12, 0, 1, 0, 1, 0, 1, 0, 1, 1, 1, 1, 0, 1, 1, 1, 0]
Fitness: 1541.918052 	[15, 4, 8, 5, 14, 9, 0, 13, 6, 0, 12, 2, 7, 3, 10, 0, 1, 11, 0, 0, 1, 1, 0, 1, 1, 1, 1, 0, 1, 1, 1, 0, 1, 0]
Fitness: 1517.670211 	[12, 2, 7, 3, 10, 0, 13, 6, 0, 4, 0, 14, 11, 8, 15, 1, 9, 5, 0, 0, 1, 1, 0, 1, 1, 1, 1, 0, 1, 1, 1, 0, 1, 0]
Fitness: 1541.918052 	[12, 2, 7, 3, 10, 0, 4, 0, 13, 6, 0, 14, 11, 8, 15, 1, 9, 5, 0, 0, 1, 1, 0, 1, 1, 1, 1, 0, 1, 1, 1, 0, 1, 0]
Fitness: 1517.670211 	[14, 11, 8, 15, 1, 9, 5, 0, 13, 6, 0, 2, 3, 0, 4, 7, 10, 12, 0, 0, 1, 1, 0, 1, 1, 1, 1, 0, 1, 1, 1, 0, 1, 0]
Fitness: 1534.822332 	[10, 1, 7, 5, 8, 0, 14, 9, 3, 2, 11, 12, 15, 0, 6, 13, 0, 4, 0, 1, 0, 1, 0, 1, 1, 0, 1, 1, 0, 1, 1, 1, 1, 0]
Fitness: 1534.822332 	[10, 1, 7, 5, 8, 0, 14, 9, 3, 2, 11, 12, 15, 0, 6, 13, 0, 4, 0, 1, 0, 1, 0, 1, 1, 0, 1, 1, 0, 1, 1, 1, 1, 0]
Fitness: 1534.822332 	[4, 0, 6, 13, 0, 1, 2, 0, 3, 5, 7, 8, 9, 10, 11, 12, 14, 15, 0, 1, 0, 1, 0, 1, 1, 0, 1, 1, 0, 1, 1, 1, 1, 0]
Fitness: 1541.918052 	[12, 2, 7, 3, 10, 0, 4, 0, 13, 6, 0, 14, 11, 8, 15, 1, 9, 5, 0, 0, 1, 1, 0, 1, 1, 1, 1, 0, 1, 1, 1, 0, 1, 0]
Fitness: 1541.918052 	[12, 2, 7, 3, 10, 0, 4, 0, 13, 6, 0, 1, 5, 8, 9, 11, 14, 15, 0, 0, 1, 1, 0, 1, 1, 1, 1, 0, 1, 1, 1, 0, 1, 0]
Fitness: 1541.918052 	[13, 6, 0, 12, 2, 7, 3, 10, 0, 4, 0, 1, 5, 8, 9, 11, 14, 15, 0, 0, 1, 1, 0, 1, 1, 1, 1, 0, 1, 1, 1, 0, 1, 0]
Fitness: 1541.918052 	[12, 2, 7, 3, 10, 0, 4, 0, 13, 6, 0, 14, 11, 8, 15, 1, 9, 5, 0, 0, 1, 1, 0, 1, 1, 1, 1, 0, 1, 1, 1, 0, 1, 0]
Fitness: 1541.918052 	[12, 2, 7, 3, 10, 0, 4, 0, 13, 6, 0, 14, 11, 8, 15, 1, 9, 5, 0, 0, 1, 1, 0, 1, 1, 1, 1, 0, 1, 1, 1, 0, 1, 0]
Fitness: 1541.918052 	[12, 2, 7, 3, 10, 0, 14, 11, 8, 15, 1, 9, 5, 0, 13, 6, 0, 4, 0, 0, 1, 1, 0, 1, 1, 1, 1, 0, 1, 1, 1, 0, 1, 0]
Fitness: 1517.670211 	[12, 2, 7, 3, 10, 0, 13, 6, 0, 4, 0, 14, 11, 8, 15, 1, 9, 5, 0, 0, 1, 1, 0, 1, 1, 1, 1, 1, 0, 1, 1, 0, 1, 0]
Fitness: 1565.793554 	[4, 0, 12, 2, 13, 0, 14, 6, 7, 0, 9, 10, 1, 11, 3, 5, 15, 8, 0, 1, 0, 1, 1, 1, 0, 1, 1, 1, 0, 1, 1, 0, 1, 0]
Fitness: 1517.670211 	[4, 0, 14, 11, 8, 15, 1, 9, 5, 0, 2, 6, 7, 0, 12, 10, 13, 3, 0, 0, 1, 1, 0, 1, 1, 1, 1, 0, 1, 1, 1, 0, 1, 0]
Fitness: 1540.459097 	[15, 7, 8, 5, 6, 9, 10, 0, 2, 13, 3, 14, 0, 4, 0, 1, 11, 12, 0, 1, 0, 1, 0, 1, 0, 1, 1, 1, 0, 1, 1, 1, 1, 0]
Fitness: 1534.822332 	[10, 1, 7, 5, 8, 0, 6, 13, 0, 14, 9, 3, 2, 11, 12, 15, 0, 4, 0, 1, 0, 1, 0, 1, 1, 0, 1, 1, 0, 1, 1, 1, 1, 0]
Fitness: 1540.459097 	[4, 0, 1, 11, 12, 0, 14, 9, 3, 2, 5, 6, 15, 0, 7, 8, 10, 13, 0, 1, 0, 1, 0, 1, 0, 1, 1, 1, 1, 0, 1, 1, 1, 0]
Fitness: 1530.876877 	[14, 11, 8, 15, 1, 9, 5, 0, 4, 0, 13, 0, 6, 12, 2, 7, 3, 10, 0, 1, 0, 1, 0, 1, 1, 1, 1, 0, 1, 1, 1, 0, 1, 0]
Fitness: 1517.670211 	[12, 2, 7, 3, 10, 0, 13, 6, 0, 4, 0, 14, 11, 8, 15, 1, 9, 5, 0, 0, 1, 1, 0, 1, 1, 1, 1, 0, 1, 1, 1, 0, 1, 0]
Fitness: 1530.876877 	[1, 4, 5, 8, 9, 0, 11, 14, 0, 13, 0, 6, 12, 2, 7, 3, 10, 15, 0, 1, 0, 1, 0, 1, 1, 1, 1, 0, 1, 1, 1, 0, 1, 0]
Fitness: 1541.918052 	[12, 2, 7, 3, 10, 0, 4, 0, 13, 6, 0, 1, 5, 8, 9, 11, 14, 15, 0, 0, 1, 1, 0, 1, 1, 0, 1, 1, 1, 1, 1, 0, 1, 0]
Fitness: 1522.015765 	[14, 9, 3, 2, 11, 12, 15, 0, 10, 1, 7, 5, 8, 0, 6, 13, 0, 4, 0, 1, 0, 1, 0, 1, 1, 0, 1, 1, 0, 1, 1, 1, 1, 0]
Fitness: 1541.918052 	[14, 9, 1, 5, 11, 6, 15, 0, 4, 0, 12, 2, 7, 3, 10, 0, 8, 13, 0, 0, 1, 1, 0, 1, 1, 1, 1, 0, 1, 1, 1, 0, 1, 0]
Fitness: 1540.459097 	[15, 7, 8, 5, 6, 9, 10, 0, 2, 13, 3, 14, 0, 4, 0, 1, 11, 12, 0, 1, 0, 1, 0, 1, 0, 1, 1, 1, 1, 0, 1, 1, 1, 0]
Fitness: 1565.793554 	[4, 0, 12, 2, 13, 0, 14, 6, 7, 0, 9, 10, 1, 11, 3, 5, 15, 8, 0, 1, 0, 1, 1, 1, 0, 1, 1, 1, 0, 1, 1, 0, 1, 0]
Fitness: 1540.459097 	[2, 0, 4, 0, 1, 11, 12, 0, 9, 10, 6, 7, 3, 5, 15, 8, 13, 14, 0, 1, 0, 1, 0, 1, 0, 1, 1, 1, 1, 0, 1, 1, 1, 0]
Fitness: 1541.918052 	[12, 2, 7, 3, 10, 0, 4, 0, 13, 6, 0, 14, 11, 8, 15, 1, 9, 5, 0, 0, 1, 1, 0, 1, 1, 0, 1, 1, 1, 1, 1, 0, 1, 0]
Fitness: 1534.822332 	[10, 1, 7, 5, 8, 0, 14, 9, 3, 2, 11, 12, 15, 0, 6, 13, 0, 4, 0, 1, 0, 1, 0, 1, 1, 0, 1, 1, 0, 1, 1, 1, 1, 0]
Fitness: 1541.918052 	[14, 11, 8, 15, 1, 9, 5, 0, 12, 2, 7, 3, 10, 0, 6, 13, 0, 4, 0, 0, 1, 1, 0, 1, 1, 1, 1, 0, 1, 1, 1, 0, 1, 0]
Fitness: 1540.459097 	[2, 13, 3, 14, 0, 15, 7, 8, 5, 6, 9, 10, 0, 4, 0, 1, 11, 12, 0, 1, 0, 1, 0, 1, 1, 0, 1, 1, 1, 0, 1, 1, 1, 0]
Fitness: 1522.015765 	[14, 9, 3, 2, 11, 12, 15, 0, 10, 1, 7, 5, 8, 0, 6, 13, 0, 4, 0, 1, 0, 1, 0, 1, 1, 0, 1, 1, 0, 1, 1, 1, 1, 0]
Fitness: 1540.459097 	[4, 0, 15, 7, 8, 5, 6, 9, 10, 0, 1, 13, 0, 2, 3, 11, 12, 14, 0, 1, 0, 1, 0, 1, 0, 1, 1, 1, 1, 0, 1, 1, 1, 0]
Fitness: 1522.015765 	[14, 9, 3, 2, 11, 12, 15, 0, 6, 13, 0, 10, 1, 7, 5, 8, 0, 4, 0, 1, 0, 1, 0, 1, 1, 1, 1, 0, 1, 1, 1, 0, 1, 0]
Fitness: 1541.918052 	[12, 2, 7, 3, 10, 0, 4, 0, 13, 6, 0, 14, 11, 8, 15, 1, 9, 5, 0, 0, 1, 1, 0, 1, 1, 1, 1, 0, 1, 1, 1, 0, 1, 0]
Fitness: 1522.015765 	[14, 9, 3, 2, 11, 12, 15, 0, 6, 13, 0, 10, 4, 0, 7, 8, 1, 5, 0, 1, 0, 1, 0, 1, 1, 0, 1, 1, 0, 1, 1, 1, 1, 0]
Fitness: 1534.822332 	[10, 1, 7, 5, 8, 0, 14, 9, 3, 2, 11, 12, 15, 0, 6, 13, 0, 4, 0, 0, 1, 1, 0, 1, 1, 0, 1, 1, 0, 1, 1, 1, 1, 0]
Fitness: 1541.918052 	[12, 2, 7, 3, 10, 0, 4, 0, 13, 6, 0, 14, 11, 8, 15, 1, 9, 5, 0, 0, 1, 1, 0, 1, 1, 1, 1, 0, 1, 1, 1, 0, 1, 0]
Fitness: 1534.822332 	[12, 2, 9, 3, 11, 0, 4, 0, 10, 1, 7, 5, 8, 0, 6, 13, 14, 15, 0, 1, 0, 1, 0, 1, 1, 0, 1, 1, 0, 1, 1, 1, 1, 0]
Fitness: 1541.918052 	[12, 2, 7, 3, 10, 0, 4, 0, 13, 6, 0, 14, 11, 8, 15, 1, 9, 5, 0, 0, 1, 1, 0, 1, 1, 1, 1, 0, 1, 1, 1, 0, 1, 0]
Fitness: 1517.670211 	[12, 2, 7, 3, 10, 0, 13, 6, 0, 4, 0, 14, 11, 8, 15, 1, 9, 5, 0, 0, 1, 1, 0, 1, 1, 1, 1, 0, 1, 1, 1, 0, 1, 0]
Fitness: 1541.918052 	[12, 2, 7, 3, 10, 0, 14, 11, 8, 15, 1, 9, 5, 0, 4, 0, 13, 6, 0, 0, 1, 1, 0, 1, 1, 1, 1, 0, 1, 1, 1, 0, 1, 0]
Fitness: 1541.918052 	[12, 2, 7, 3, 10, 0, 4, 0, 13, 6, 0, 14, 11, 8, 15, 1, 9, 5, 0, 0, 1, 1, 0, 1, 1, 1, 1, 0, 1, 1, 1, 0, 1, 0]
Fitness: 1534.822332 	[10, 1, 7, 5, 8, 0, 14, 9, 3, 2, 11, 12, 15, 0, 6, 13, 0, 4, 0, 1, 0, 1, 0, 1, 1, 0, 1, 1, 0, 1, 1, 1, 1, 0]
Fitness: 1541.918052 	[6, 1, 9, 5, 8, 0, 4, 0, 12, 2, 7, 3, 10, 0, 11, 13, 14, 15, 0, 0, 1, 1, 0, 1, 1, 1, 1, 0, 1, 1, 1, 0, 1, 0]
Fitness: 1541.918052 	[12, 2, 7, 3, 10, 0, 4, 0, 13, 6, 0, 14, 11, 8, 15, 1, 9, 5, 0, 0, 1, 1, 0, 1, 0, 1, 1, 1, 1, 1, 1, 0, 1, 0]
Fitness: 1540.459097 	[2, 13, 3, 14, 0, 15, 7, 8, 5, 6, 9, 10, 0, 4, 0, 1, 11, 12, 0, 1, 0, 1, 0, 1, 0, 1, 1, 1, 1, 0, 1, 1, 1, 0]
Fitness: 1541.918052 	[2, 13, 3, 10, 0, 4, 0, 14, 11, 8, 15, 1, 9, 5, 0, 6, 7, 12, 0, 0, 1, 1, 0, 1, 1, 1, 1, 0, 1, 1, 1, 0, 1, 0]
Fitness: 1541.918052 	[12, 2, 7, 3, 10, 0, 4, 0, 13, 6, 0, 14, 11, 8, 15, 1, 9, 5, 0, 0, 1, 1, 0, 1, 1, 1, 1, 0, 1, 1, 1, 0, 1, 0]
Fitness: 1541.918052 	[12, 2, 7, 3, 10, 0, 4, 0, 13, 6, 0, 14, 11, 8, 15, 1, 9, 5, 0, 0, 1, 1, 0, 1, 1, 1, 1, 0, 1, 1, 1, 0, 1, 0]
Fitness: 1541.918052 	[13, 6, 0, 12, 2, 7, 3, 10, 0, 4, 0, 14, 11, 8, 15, 1, 9, 5, 0, 0, 1, 1, 0, 1, 1, 1, 1, 0, 1, 1, 1, 0, 1, 0]
Fitness: 1565.793554 	[4, 0, 12, 2, 13, 0, 14, 6, 7, 0, 9, 10, 1, 11, 3, 5, 15, 8, 0, 1, 0, 1, 0, 1, 1, 1, 1, 1, 0, 1, 1, 0, 1, 0]
Fitness: 1534.822332 	[10, 1, 7, 5, 8, 0, 14, 9, 3, 2, 11, 12, 15, 0, 6, 13, 0, 4, 0, 1, 0, 1, 0, 1, 1, 0, 1, 1, 0, 1, 1, 1, 1, 0]
Fitness: 1565.793554 	[10, 1, 2, 5, 8, 0, 4, 0, 14, 6, 7, 0, 3, 9, 11, 12, 13, 15, 0, 1, 0, 1, 1, 1, 0, 1, 1, 1, 0, 1, 1, 0, 1, 0]
Fitness: 1541.918052 	[12, 2, 7, 3, 10, 0, 4, 0, 13, 6, 0, 14, 11, 8, 15, 1, 9, 5, 0, 0, 0, 1, 1, 1, 1, 1, 1, 0, 1, 1, 1, 0, 1, 0]
Fitness: 1565.793554 	[4, 0, 12, 2, 13, 0, 14, 6, 7, 0, 9, 10, 1, 11, 3, 5, 15, 8, 0, 1, 0, 1, 1, 1, 0, 1, 1, 1, 0, 1, 1, 0, 1, 0]
Fitness: 1541.918052 	[13, 0, 4, 0, 12, 2, 7, 3, 10, 0, 9, 6, 1, 11, 14, 5, 15, 8, 0, 0, 1, 1, 0, 1, 1, 1, 1, 0, 1, 1, 1, 0, 1, 0]
Fitness: 1534.822332 	[12, 2, 4, 3, 0, 10, 1, 7, 5, 8, 0, 6, 13, 0, 14, 11, 15, 9, 0, 1, 0, 1, 0, 1, 1, 0, 1, 1, 0, 1, 1, 1, 1, 0]
Fitness: 1540.459097 	[15, 2, 13, 3, 14, 0, 7, 8, 5, 6, 9, 10, 0, 4, 0, 1, 11, 12, 0, 1, 0, 1, 0, 1, 1, 0, 0, 1, 1, 1, 1, 1, 1, 0]
Fitness: 1540.459097 	[1, 15, 7, 8, 5, 6, 9, 10, 0, 2, 13, 3, 14, 0, 4, 0, 11, 12, 0, 1, 1, 1, 0, 1, 0, 1, 1, 1, 1, 0, 1, 0, 1, 0]
Fitness: 1540.459097 	[5, 6, 9, 10, 0, 2, 13, 3, 14, 0, 4, 15, 7, 8, 0, 1, 11, 12, 0, 1, 0, 1, 0, 1, 1, 1, 1, 1, 1, 0, 1, 0, 1, 0]
Fitness: 1534.822332 	[10, 7, 5, 8, 0, 1, 14, 9, 3, 2, 11, 12, 15, 0, 6, 13, 0, 4, 0, 1, 0, 1, 0, 1, 1, 1, 1, 1, 0, 1, 1, 0, 1, 0]
Fitness: 1534.822332 	[10, 1, 7, 5, 8, 0, 2, 11, 12, 15, 0, 4, 6, 13, 0, 14, 9, 3, 0, 1, 0, 1, 1, 1, 1, 0, 1, 1, 0, 1, 1, 1, 0, 0]
Fitness: 1513.136988 	[10, 14, 11, 8, 15, 1, 9, 5, 0, 4, 0, 13, 6, 0, 12, 2, 7, 3, 0, 0, 1, 1, 0, 1, 1, 1, 1, 0, 1, 0, 1, 1, 1, 0]
Fitness: 1517.670211 	[12, 2, 7, 3, 10, 0, 13, 6, 0, 9, 4, 0, 14, 11, 8, 15, 1, 5, 0, 0, 1, 1, 0, 0, 1, 1, 1, 1, 1, 1, 1, 0, 1, 0]
Fitness: 1520.053825 	[10, 1, 11, 3, 5, 15, 8, 0, 2, 14, 6, 12, 7, 9, 0, 4, 0, 13, 0, 1, 0, 1, 0, 1, 1, 0, 1, 1, 1, 1, 1, 0, 1, 0]
Fitness: 1522.015765 	[7, 14, 9, 3, 2, 11, 12, 15, 0, 10, 1, 5, 8, 0, 6, 13, 0, 4, 0, 1, 0, 1, 0, 1, 0, 0, 1, 1, 1, 1, 1, 1, 1, 0]
Fitness: 1534.822332 	[10, 1, 7, 5, 8, 0, 2, 11, 12, 15, 0, 4, 6, 13, 0, 14, 9, 3, 0, 1, 0, 1, 0, 1, 1, 0, 1, 1, 1, 1, 1, 0, 1, 0]
Fitness: 1541.918052 	[12, 2, 7, 3, 10, 0, 4, 14, 11, 8, 0, 13, 6, 0, 15, 1, 9, 5, 0, 0, 1, 1, 0, 0, 1, 1, 1, 0, 1, 1, 1, 1, 1, 0]
Fitness: 1541.918052 	[12, 2, 7, 10, 0, 3, 4, 0, 13, 6, 0, 14, 11, 8, 15, 1, 9, 5, 0, 0, 1, 0, 0, 1, 1, 1, 1, 1, 1, 1, 1, 0, 1, 0]
Fitness: 1540.459097 	[1, 15, 7, 8, 5, 6, 9, 10, 0, 2, 13, 3, 14, 0, 4, 0, 11, 12, 0, 1, 1, 1, 0, 1, 0, 1, 1, 0, 1, 0, 1, 1, 1, 0]
Fitness: 1541.918052 	[12, 2, 7, 3, 10, 0, 4, 0, 9, 13, 6, 0, 14, 11, 8, 15, 1, 5, 0, 0, 1, 1, 1, 1, 1, 1, 1, 0, 1, 0, 1, 0, 1, 0]
Fitness: 1565.793554 	[2, 4, 0, 12, 13, 0, 14, 6, 7, 0, 9, 10, 1, 11, 3, 5, 15, 8, 0, 1, 0, 1, 1, 1, 1, 1, 1, 1, 0, 0, 1, 0, 1, 0]
Fitness: 1565.793554 	[4, 0, 12, 2, 13, 0, 8, 14, 6, 7, 0, 9, 10, 1, 11, 3, 5, 15, 0, 0, 0, 1, 1, 1, 1, 1, 1, 1, 0, 1, 1, 0, 1, 0]
Fitness: 1534.822332 	[10, 1, 7, 5, 8, 0, 2, 11, 12, 15, 0, 4, 6, 13, 0, 14, 9, 3, 0, 1, 0, 1, 1, 0, 1, 0, 1, 1, 0, 1, 1, 1, 1, 0]
Fitness: 1534.822332 	[13, 10, 1, 7, 5, 8, 0, 14, 9, 3, 2, 11, 12, 15, 0, 6, 0, 4, 0, 1, 0, 1, 0, 1, 1, 1, 1, 0, 0, 1, 1, 1, 1, 0]
Fitness: 1541.918052 	[2, 7, 3, 10, 0, 4, 0, 12, 13, 6, 0, 14, 11, 8, 15, 1, 9, 5, 0, 0, 1, 1, 1, 1, 1, 1, 1, 0, 1, 1, 1, 0, 0, 0]
Fitness: 1541.918052 	[14, 9, 5, 11, 6, 15, 0, 4, 0, 1, 12, 2, 7, 3, 10, 0, 8, 13, 0, 1, 1, 1, 0, 1, 1, 0, 1, 0, 1, 1, 1, 0, 1, 0]
Fitness: 1522.015765 	[14, 9, 3, 2, 11, 12, 15, 0, 10, 1, 7, 5, 8, 0, 13, 0, 6, 4, 0, 1, 0, 0, 1, 1, 1, 0, 1, 1, 0, 1, 1, 1, 1, 0]
Fitness: 1541.918052 	[12, 2, 7, 3, 10, 0, 4, 0, 6, 0, 13, 1, 5, 8, 9, 11, 14, 15, 0, 0, 1, 1, 1, 1, 0, 1, 1, 0, 1, 1, 1, 0, 1, 0]
Fitness: 1541.918052 	[12, 2, 7, 3, 10, 0, 4, 14, 11, 8, 0, 13, 6, 0, 15, 1, 9, 5, 0, 0, 1, 1, 0, 1, 1, 1, 1, 1, 1, 1, 0, 0, 1, 0]
Fitness: 1534.822332 	[10, 1, 7, 5, 8, 0, 14, 9, 3, 2, 11, 12, 0, 15, 6, 13, 0, 4, 0, 1, 0, 1, 1, 1, 1, 0, 1, 0, 0, 1, 1, 1, 1, 0]
Fitness: 1517.670211 	[12, 2, 7, 3, 10, 0, 4, 13, 6, 0, 14, 11, 8, 0, 15, 1, 9, 5, 0, 1, 1, 1, 0, 1, 1, 0, 1, 0, 1, 1, 1, 0, 1, 0]
Fitness: 1541.918052 	[12, 2, 7, 10, 0, 3, 4, 0, 13, 6, 0, 14, 11, 8, 15, 1, 9, 5, 0, 0, 1, 1, 0, 1, 1, 1, 1, 1, 0, 1, 1, 0, 1, 0]
Fitness: 1541.918052 	[12, 2, 7, 3, 10, 0, 4, 0, 13, 0, 6, 14, 11, 8, 15, 1, 9, 5, 0, 0, 1, 1, 0, 1, 1, 1, 1, 1, 0, 1, 1, 0, 1, 0]
Fitness: 1541.918052 	[6, 1, 5, 8, 0, 9, 4, 0, 12, 2, 7, 3, 10, 0, 11, 13, 14, 15, 0, 0, 1, 0, 0, 1, 1, 1, 1, 0, 1, 1, 1, 1, 1, 0]
Fitness: 1517.670211 	[6, 12, 2, 7, 3, 10, 0, 13, 0, 4, 0, 14, 11, 8, 15, 1, 9, 5, 0, 0, 1, 1, 0, 1, 1, 1, 1, 0, 0, 1, 1, 1, 1, 0]
Fitness: 1541.918052 	[12, 2, 7, 3, 10, 0, 14, 11, 8, 0, 4, 13, 6, 0, 15, 1, 9, 5, 0, 0, 1, 1, 1, 1, 1, 1, 0, 0, 1, 1, 1, 0, 1, 0]
Fitness: 1541.918052 	[12, 2, 3, 10, 0, 7, 4, 0, 13, 6, 0, 14, 11, 8, 15, 1, 9, 5, 0, 0, 1, 1, 1, 1, 1, 0, 1, 0, 1, 1, 1, 0, 1, 0]
Fitness: 1541.918052 	[12, 2, 7, 3, 10, 0, 4, 0, 5, 13, 6, 0, 14, 11, 8, 15, 1, 9, 0, 1, 1, 1, 0, 1, 1, 1, 1, 0, 1, 1, 0, 0, 1, 0]
Fitness: 1541.918052 	[6, 12, 2, 7, 3, 10, 0, 4, 0, 13, 0, 14, 11, 8, 15, 1, 9, 5, 0, 0, 1, 1, 0, 1, 1, 1, 1, 1, 1, 1, 0, 0, 1, 0]
Fitness: 1541.918052 	[12, 2, 7, 3, 10, 0, 4, 14, 11, 8, 0, 13, 6, 0, 15, 1, 9, 5, 0, 0, 1, 1, 0, 1, 1, 0, 1, 1, 1, 1, 1, 0, 1, 0]
Fitness: 1541.918052 	[15, 12, 2, 7, 3, 10, 0, 4, 0, 13, 6, 0, 14, 11, 8, 1, 9, 5, 0, 0, 1, 1, 0, 1, 1, 1, 1, 0, 1, 1, 1, 1, 0, 0]
Fitness: 1541.918052 	[12, 2, 7, 3, 10, 0, 4, 0, 14, 13, 6, 0, 11, 8, 15, 1, 9, 5, 0, 0, 1, 1, 0, 1, 1, 1, 0, 1, 1, 1, 1, 0, 1, 0]
Fitness: 1522.015765 	[10, 14, 9, 3, 2, 11, 12, 15, 0, 1, 7, 5, 8, 0, 6, 13, 0, 4, 0, 1, 0, 0, 0, 1, 1, 0, 1, 1, 1, 1, 1, 1, 1, 0]
Fitness: 1534.822332 	[10, 1, 7, 8, 0, 14, 9, 3, 2, 11, 12, 15, 0, 5, 6, 13, 0, 4, 0, 1, 0, 1, 1, 1, 1, 0, 1, 1, 0, 1, 0, 1, 1, 0]
Fitness: 1517.670211 	[12, 2, 7, 3, 10, 0, 4, 13, 6, 0, 14, 11, 8, 0, 15, 1, 9, 5, 0, 0, 1, 1, 0, 1, 0, 1, 1, 1, 1, 1, 1, 0, 1, 0]
Fitness: 1541.918052 	[12, 2, 7, 3, 10, 0, 4, 0, 6, 0, 13, 14, 11, 8, 15, 1, 9, 5, 0, 0, 1, 1, 0, 1, 0, 1, 1, 0, 1, 1, 1, 1, 1, 0]
Fitness: 1517.670211 	[2, 7, 3, 10, 0, 13, 6, 0, 4, 0, 12, 14, 11, 8, 15, 1, 9, 5, 0, 1, 1, 1, 0, 1, 0, 1, 1, 0, 1, 1, 1, 0, 1, 0]
Fitness: 1541.918052 	[12, 2, 7, 3, 10, 0, 4, 0, 13, 0, 6, 14, 11, 8, 15, 1, 9, 5, 0, 0, 1, 1, 1, 1, 1, 1, 0, 0, 1, 1, 1, 0, 1, 0]
Fitness: 1565.793554 	[12, 4, 0, 14, 6, 7, 0, 2, 13, 0, 9, 10, 1, 11, 3, 5, 15, 8, 0, 1, 0, 1, 1, 1, 1, 1, 0, 0, 1, 1, 1, 0, 1, 0]
Fitness: 1541.918052 	[12, 2, 7, 3, 10, 0, 14, 11, 8, 0, 4, 13, 6, 0, 15, 1, 9, 5, 0, 0, 1, 1, 1, 1, 0, 1, 1, 0, 1, 1, 1, 0, 1, 0]
Fitness: 1541.918052 	[12, 2, 7, 3, 10, 0, 14, 11, 8, 15, 1, 9, 5, 0, 13, 0, 6, 4, 0, 1, 1, 1, 0, 1, 1, 1, 1, 0, 1, 0, 1, 0, 1, 0]
Fitness: 1541.918052 	[12, 2, 7, 3, 0, 4, 0, 10, 13, 6, 0, 14, 11, 8, 15, 1, 9, 5, 0, 0, 1, 1, 0, 1, 1, 1, 0, 1, 1, 1, 1, 0, 1, 0]
Fitness: 1545.002933 	[10, 6, 12, 7, 9, 0, 13, 1, 11, 3, 5, 15, 14, 8, 0, 4, 0, 2, 0, 1, 0, 1, 1, 1, 0, 1, 1, 1, 1, 0, 1, 1, 0, 0]
Fitness: 1534.822332 	[10, 1, 7, 5, 8, 0, 14, 9, 2, 11, 12, 15, 0, 3, 6, 13, 0, 4, 0, 0, 0, 1, 1, 1, 1, 0, 1, 1, 0, 1, 1, 1, 1, 0]
Fitness: 1534.822332 	[6, 10, 1, 7, 5, 8, 0, 13, 0, 14, 9, 3, 2, 11, 12, 15, 0, 4, 0, 1, 0, 1, 0, 1, 1, 1, 1, 1, 0, 1, 1, 1, 0, 0]
Fitness: 1541.918052 	[2, 7, 3, 10, 0, 4, 0, 13, 6, 0, 12, 14, 11, 8, 15, 1, 9, 5, 0, 1, 1, 1, 0, 1, 1, 1, 1, 0, 1, 1, 1, 0, 0, 0]
Fitness: 1541.918052 	[12, 2, 7, 3, 10, 0, 14, 11, 8, 15, 1, 9, 5, 0, 13, 6, 0, 4, 0, 0, 1, 1, 0, 1, 0, 1, 1, 1, 1, 1, 1, 0, 1, 0]
Fitness: 1541.918052 	[14, 11, 8, 15, 1, 9, 5, 0, 4, 0, 13, 6, 0, 12, 2, 7, 3, 10, 0, 0, 1, 1, 0, 1, 1, 1, 1, 0, 1, 1, 1, 0, 1, 0]
Fitness: 1517.670211 	[13, 6, 0, 12, 2, 7, 3, 10, 0, 4, 0, 14, 11, 8, 15, 1, 9, 5, 0, 0, 1, 1, 0, 1, 1, 1, 1, 0, 1, 1, 1, 0, 1, 0]
Fitness: 1540.459097 	[15, 7, 8, 5, 6, 9, 10, 0, 2, 13, 3, 14, 0, 1, 11, 12, 0, 4, 0, 1, 0, 1, 0, 1, 0, 1, 1, 1, 1, 0, 1, 1, 1, 0]
Fitness: 1534.822332 	[14, 9, 3, 2, 11, 12, 15, 0, 10, 1, 7, 5, 8, 0, 6, 13, 0, 4, 0, 1, 0, 1, 0, 1, 1, 0, 1, 1, 0, 1, 1, 1, 1, 0]
Fitness: 1534.822332 	[10, 1, 7, 5, 8, 0, 14, 9, 3, 2, 11, 12, 15, 0, 6, 13, 0, 4, 0, 1, 0, 1, 0, 1, 1, 0, 1, 1, 0, 1, 1, 1, 1, 0]
Fitness: 1530.876877 	[4, 0, 14, 11, 8, 15, 1, 9, 5, 0, 13, 0, 6, 12, 2, 7, 3, 10, 0, 1, 0, 1, 0, 1, 1, 1, 1, 0, 1, 1, 1, 0, 1, 0]
Fitness: 1513.136988 	[12, 2, 7, 3, 10, 0, 4, 0, 13, 6, 0, 14, 11, 8, 15, 1, 9, 5, 0, 0, 1, 1, 0, 1, 1, 1, 1, 0, 1, 1, 1, 0, 1, 0]
Fitness: 1530.876877 	[14, 11, 8, 15, 1, 9, 5, 0, 6, 12, 2, 7, 3, 10, 0, 13, 0, 4, 0, 1, 0, 1, 0, 1, 1, 1, 1, 0, 1, 1, 1, 0, 1, 0]
Fitness: 1517.670211 	[13, 6, 0, 12, 2, 7, 3, 10, 0, 9, 4, 0, 14, 11, 8, 15, 1, 5, 0, 0, 1, 1, 0, 0, 1, 1, 1, 1, 1, 1, 1, 0, 1, 0]
Fitness: 1534.822332 	[10, 1, 7, 5, 8, 0, 6, 13, 0, 4, 0, 14, 9, 3, 2, 11, 12, 15, 0, 1, 0, 1, 0, 1, 1, 0, 1, 1, 0, 1, 1, 1, 1, 0]
Fitness: 1517.670211 	[12, 2, 7, 3, 10, 0, 4, 13, 6, 0, 15, 1, 9, 5, 0, 14, 11, 8, 0, 1, 1, 1, 0, 1, 1, 0, 1, 0, 1, 1, 1, 0, 1, 0]
Fitness: 1530.565639 	[13, 6, 0, 2, 12, 7, 9, 0, 5, 14, 8, 3, 1, 11, 10, 15, 0, 4, 0, 1, 0, 1, 0, 1, 0, 1, 1, 1, 0, 1, 1, 1, 1, 0]
Fitness: 1517.670211 	[14, 11, 8, 15, 1, 9, 5, 0, 13, 6, 0, 4, 0, 12, 2, 7, 3, 10, 0, 0, 1, 1, 0, 1, 1, 1, 1, 0, 1, 1, 1, 0, 1, 0]
Fitness: 1522.015765 	[6, 13, 0, 10, 1, 7, 5, 8, 0, 14, 9, 3, 2, 11, 12, 15, 0, 4, 0, 1, 0, 1, 0, 1, 1, 0, 1, 1, 0, 1, 1, 1, 1, 0]
Fitness: 1534.822332 	[6, 13, 0, 14, 9, 3, 2, 11, 12, 15, 0, 10, 1, 7, 5, 8, 0, 4, 0, 1, 0, 1, 0, 1, 1, 0, 1, 1, 0, 1, 1, 1, 1, 0]
Fitness: 1541.918052 	[14, 11, 8, 15, 1, 9, 5, 0, 4, 0, 12, 13, 6, 0, 2, 7, 3, 10, 0, 0, 1, 1, 1, 1, 1, 1, 1, 0, 1, 1, 1, 0, 0, 0]
Fitness: 1541.918052 	[13, 6, 0, 15, 4, 8, 5, 14, 9, 0, 12, 2, 7, 3, 10, 0, 1, 11, 0, 0, 1, 1, 0, 1, 1, 1, 1, 0, 1, 1, 1, 0, 1, 0]
Fitness: 1541.918052 	[13, 0, 4, 0, 6, 12, 2, 7, 3, 10, 0, 14, 11, 8, 15, 1, 9, 5, 0, 0, 1, 1, 0, 1, 1, 1, 1, 1, 1, 1, 0, 0, 1, 0]
Fitness: 1541.918052 	[14, 9, 1, 5, 11, 6, 15, 0, 8, 13, 0, 12, 2, 7, 3, 10, 0, 4, 0, 0, 1, 1, 0, 1, 1, 1, 1, 0, 1, 1, 1, 0, 1, 0]
Fitness: 1540.459097 	[1, 11, 12, 0, 2, 13, 3, 14, 0, 4, 0, 15, 7, 8, 5, 6, 9, 10, 0, 1, 0, 1, 0, 1, 0, 1, 1, 1, 1, 0, 1, 1, 1, 0]
Fitness: 1541.918052 	[4, 0, 12, 2, 7, 3, 10, 0, 13, 6, 0, 14, 11, 8, 15, 1, 9, 5, 0, 0, 1, 1, 0, 1, 1, 1, 1, 0, 1, 1, 1, 0, 1, 0]
Fitness: 1540.459097 	[15, 7, 8, 5, 6, 9, 10, 0, 1, 11, 12, 0, 4, 0, 2, 13, 3, 14, 0, 1, 0, 1, 0, 1, 0, 1, 1, 1, 1, 0, 1, 1, 1, 0]
Fitness: 1565.793554 	[4, 0, 9, 10, 1, 11, 3, 5, 15, 8, 0, 14, 6, 7, 0, 12, 2, 13, 0, 1, 0, 1, 1, 1, 0, 1, 1, 1, 0, 1, 1, 0, 1, 0]
Fitness: 1565.793554 	[4, 0, 9, 10, 1, 11, 3, 5, 15, 8, 0, 14, 6, 7, 0, 12, 2, 13, 0, 1, 0, 1, 0, 1, 1, 1, 1, 1, 0, 1, 1, 0, 1, 0]
Fitness: 1534.822332 	[14, 9, 3, 2, 11, 12, 15, 0, 10, 1, 7, 5, 8, 0, 6, 13, 0, 4, 0, 1, 0, 1, 0, 1, 1, 0, 1, 1, 0, 1, 1, 1, 1, 0]
Fitness: 1517.670211 	[14, 11, 8, 0, 4, 13, 6, 0, 12, 2, 7, 3, 10, 0, 15, 1, 9, 5, 0, 0, 1, 1, 0, 1, 0, 1, 1, 1, 1, 1, 1, 0, 1, 0]
Fitness: 1517.670211 	[4, 0, 13, 6, 0, 12, 2, 7, 3, 10, 0, 14, 11, 8, 15, 1, 9, 5, 0, 0, 1, 1, 0, 1, 1, 1, 1, 0, 1, 1, 1, 0, 1, 0]
Fitness: 1560.687894 	[15, 12, 2, 7, 3, 10, 0, 13, 6, 0, 14, 11, 8, 1, 9, 5, 0, 4, 0, 1, 0, 1, 0, 1, 1, 1, 1, 0, 1, 1, 1, 0, 1, 0]
Fitness: 1541.918052 	[12, 2, 7, 3, 10, 0, 13, 6, 0, 4, 0, 14, 11, 8, 15, 1, 9, 5, 0, 0, 1, 1, 0, 1, 1, 1, 1, 0, 1, 1, 1, 0, 1, 0]
Fitness: 1541.918052 	[12, 2, 7, 3, 10, 0, 13, 6, 0, 4, 0, 1, 5, 8, 9, 11, 14, 15, 0, 0, 1, 1, 0, 1, 1, 1, 1, 0, 1, 1, 1, 0, 1, 0]
Fitness: 1565.793554 	[9, 10, 1, 11, 3, 5, 15, 8, 0, 14, 6, 7, 0, 12, 2, 13, 0, 4, 0, 1, 0, 1, 1, 1, 0, 1, 1, 0, 1, 1, 1, 0, 1, 0]
Fitness: 1534.822332 	[4, 0, 14, 9, 3, 2, 11, 12, 15, 0, 6, 13, 0, 10, 1, 7, 5, 8, 0, 1, 0, 1, 0, 1, 1, 0, 1, 1, 0, 1, 1, 1, 1, 0]
Fitness: 1522.015765 	[10, 1, 5, 8, 0, 7, 14, 9, 3, 2, 11, 12, 15, 0, 6, 13, 0, 4, 0, 1, 0, 1, 0, 1, 0, 0, 1, 1, 1, 1, 1, 1, 1, 0]
Fitness: 1534.822332 	[10, 1, 7, 5, 8, 0, 6, 13, 0, 14, 9, 3, 2, 11, 12, 15, 0, 4, 0, 1, 0, 1, 0, 1, 1, 0, 1, 1, 0, 1, 1, 1, 1, 0]
Fitness: 1522.015765 	[10, 1, 7, 5, 8, 0, 6, 13, 0, 14, 9, 3, 2, 11, 12, 15, 0, 4, 0, 1, 0, 1, 0, 1, 1, 1, 1, 0, 1, 1, 1, 0, 1, 0]
Fitness: 1541.918052 	[4, 0, 14, 11, 8, 15, 1, 9, 5, 0, 13, 6, 0, 12, 2, 7, 3, 10, 0, 0, 1, 1, 0, 1, 1, 1, 1, 0, 1, 1, 1, 0, 1, 0]
Fitness: 1541.918052 	[14, 11, 8, 15, 1, 9, 5, 0, 4, 0, 13, 6, 0, 12, 2, 7, 3, 10, 0, 0, 1, 1, 0, 1, 1, 1, 1, 0, 1, 1, 1, 0, 1, 0]
Fitness: 1534.822332 	[10, 1, 7, 5, 8, 0, 4, 0, 12, 2, 9, 3, 11, 0, 6, 13, 14, 15, 0, 1, 0, 1, 0, 1, 1, 0, 1, 1, 0, 1, 1, 1, 1, 0]
Fitness: 1541.918052 	[1, 5, 8, 9, 11, 14, 15, 0, 4, 0, 13, 6, 0, 12, 2, 7, 3, 10, 0, 0, 1, 1, 0, 1, 1, 1, 1, 0, 1, 1, 1, 0, 1, 0]
Fitness: 1565.793554 	[12, 2, 13, 0, 14, 6, 7, 0, 4, 0, 9, 10, 1, 11, 3, 5, 15, 8, 0, 1, 0, 1, 1, 1, 0, 1, 1, 0, 1, 1, 1, 0, 1, 0]
Fitness: 1534.822332 	[4, 0, 14, 9, 3, 2, 11, 12, 15, 0, 5, 6, 13, 0, 10, 1, 7, 8, 0, 1, 0, 1, 1, 1, 1, 0, 1, 1, 0, 1, 0, 1, 1, 0]
Fitness: 1541.918052 	[12, 2, 3, 10, 0, 14, 11, 8, 15, 1, 9, 5, 0, 13, 6, 0, 7, 4, 0, 0, 1, 1, 1, 1, 1, 0, 1, 0, 1, 1, 1, 0, 1, 0]
Fitness: 1540.459097 	[4, 0, 15, 7, 8, 5, 6, 9, 10, 0, 2, 13, 3, 14, 0, 1, 11, 12, 0, 1, 0, 1, 0, 1, 0, 1, 1, 1, 1, 0, 1, 1, 1, 0]
Fitness: 1517.670211 	[12, 2, 7, 3, 10, 0, 4, 0, 13, 6, 0, 14, 11, 8, 15, 1, 9, 5, 0, 0, 1, 1, 0, 1, 1, 1, 1, 0, 1, 1, 1, 0, 1, 0]
Fitness: 1517.670211 	[12, 2, 7, 3, 10, 0, 4, 0, 13, 6, 0, 14, 11, 8, 15, 1, 9, 5, 0, 0, 1, 1, 0, 1, 1, 1, 1, 0, 1, 1, 1, 0, 1, 0]
Fitness: 1522.015765 	[14, 9, 3, 2, 11, 12, 15, 0, 6, 13, 0, 10, 1, 7, 5, 8, 0, 4, 0, 1, 0, 1, 0, 1, 1, 0, 1, 1, 0, 1, 1, 1, 1, 0]
Fitness: 1534.822332 	[6, 13, 0, 14, 9, 3, 2, 11, 12, 15, 0, 10, 1, 7, 5, 8, 0, 4, 0, 1, 0, 1, 0, 1, 1, 0, 1, 1, 0, 1, 1, 1, 1, 0]
Fitness: 1534.822332 	[4, 0, 6, 13, 0, 14, 9, 3, 2, 11, 12, 15, 0, 10, 1, 7, 5, 8, 0, 1, 0, 1, 0, 1, 1, 0, 1, 1, 0, 1, 1, 1, 1, 0]
Fitness: 1540.459097 	[15, 7, 8, 5, 6, 9, 10, 0, 4, 0, 2, 13, 3, 14, 0, 1, 11, 12, 0, 1, 0, 1, 0, 1, 0, 1, 1, 1, 1, 0, 1, 1, 1, 0]
Time: 0.38532