Fitness: 1612.391329 	[4, 0, 12, 2, 13, 0, 6, 1, 0, 3, 5, 7, 8, 9, 10, 11, 14, 15, 0, 1, 0, 1, 1, 1, 0, 1, 1, 1, 0, 1, 1, 0, 1, 0]
Fitness: 1612.391329 	[4, 0, 12, 2, 13, 0, 6, 1, 0, 3, 5, 7, 8, 9, 10, 11, 14, 15, 0, 1, 0, 1, 1, 1, 0, 1, 1, 1, 0, 1, 1, 0, 1, 0]
Fitness: 1612.391329 	[4, 0, 12, 2, 13, 0, 6, 1, 0, 3, 5, 7, 8, 9, 10, 11, 14, 15, 0, 1, 0, 1, 1, 1, 0, 1, 1, 1, 0, 1, 1, 0, 1, 0]
Fitness: 1612.391329 	[4, 0, 12, 2, 13, 0, 6, 1, 0, 3, 5, 7, 8, 9, 10, 11, 14, 15, 0, 1, 0, 1, 1, 1, 0, 1, 1, 1, 0, 1, 1, 0, 1, 0]
Fitness: 1612.391329 	[12, 2, 13, 0, 4, 0, 6, 1, 0, 3, 5, 7, 8, 9, 10, 11, 14, 15, 0, 1, 0, 1, 1, 1, 0, 1, 1, 1, 0, 1, 1, 0, 1, 0]
Fitness: 1607.506940 	[12, 2, 7, 3, 10, 0, 4, 0, 13, 6, 0, 1, 5, 8, 9, 11, 14, 15, 0, 1, 0, 1, 0, 1, 1, 1, 1, 0, 1, 1, 1, 0, 1, 0]
Fitness: 1607.506940 	[12, 2, 7, 3, 10, 0, 4, 0, 13, 6, 0, 1, 5, 8, 9, 11, 14, 15, 0, 1, 0, 1, 0, 1, 1, 1, 1, 0, 1, 1, 1, 0, 1, 0]
Fitness: 1607.506940 	[12, 2, 7, 3, 10, 0, 4, 0, 13, 6, 0, 14, 11, 8, 15, 1, 9, 5, 0, 1, 0, 1, 0, 1, 1, 1, 1, 0, 1, 1, 1, 0, 1, 0]
Fitness: 1580.830519 	[10, 1, 7, 5, 8, 0, 14, 9, 3, 2, 11, 12, 15, 0, 6, 13, 0, 4, 0, 1, 0, 1, 0, 1, 0, 1, 1, 1, 0, 1, 1, 1, 1, 0]
Fitness: 1565.793554 	[4, 0, 14, 6, 7, 0, 12, 2, 13, 0, 9, 10, 1, 11, 3, 5, 15, 8, 0, 1, 0, 1, 1, 1, 0, 1, 1, 0, 1, 1, 1, 0, 1, 0]
Fitness: 1565.793554 	[4, 0, 14, 6, 7, 0, 12, 2, 13, 0, 9, 10, 1, 11, 3, 5, 15, 8, 0, 1, 0, 1, 1, 1, 0, 1, 1, 0, 1, 1, 1, 0, 1, 0]
Fitness: 1565.793554 	[4, 0, 14, 6, 7, 0, 12, 2, 13, 0, 9, 10, 1, 11, 3, 5, 15, 8, 0, 1, 0, 1, 1, 1, 0, 1, 1, 0, 1, 1, 1, 0, 1, 0]
Fitness: 1565.793554 	[4, 0, 14, 6, 7, 0, 12, 2, 13, 0, 9, 10, 1, 11, 3, 5, 15, 8, 0, 1, 0, 1, 1, 1, 0, 1, 1, 0, 1, 1, 1, 0, 1, 0]
Fitness: 1565.793554 	[4, 0, 14, 6, 7, 0, 12, 2, 13, 0, 9, 10, 1, 11, 3, 5, 15, 8, 0, 1, 0, 1, 1, 1, 0, 1, 1, 0, 1, 1, 1, 0, 1, 0]
Fitness: 1565.793554 	[4, 0, 12, 2, 13, 0, 14, 6, 7, 0, 9, 10, 1, 11, 3, 5, 15, 8, 0, 1, 0, 1, 1, 1, 0, 1, 1, 1, 0, 1, 1, 0, 1, 0]
Fitness: 1565.793554 	[4, 0, 12, 2, 13, 0, 14, 6, 7, 0, 9, 10, 1, 11, 3, 5, 15, 8, 0, 1, 0, 1, 1, 1, 0, 1, 1, 1, 0, 1, 1, 0, 1, 0]
Fitness: 1565.793554 	[4, 0, 12, 2, 13, 0, 14, 6, 7, 0, 9, 10, 1, 11, 3, 5, 15, 8, 0, 1, 0, 1, 1, 1, 0, 1, 1, 1, 0, 1, 1, 0, 1, 0]
Fitness: 1565.793554 	[4, 0, 12, 2, 13, 0, 14, 6, 7, 0, 9, 10, 1, 11, 3, 5, 15, 8, 0, 1, 0, 1, 1, 1, 0, 1, 1, 1, 0, 1, 1, 0, 1, 0]
Fitness: 1565.793554 	[4, 0, 12, 2, 13, 0, 14, 6, 7, 0, 9, 10, 1, 11, 3, 5, 15, 8, 0, 1, 0, 1, 1, 1, 0, 1, 1, 1, 0, 1, 1, 0, 1, 0]
Fitness: 1565.793554 	[4, 0, 12, 2, 13, 0, 14, 6, 7, 0, 9, 10, 1, 11, 3, 5, 15, 8, 0, 1, 0, 1, 1, 1, 0, 1, 1, 1, 0, 1, 1, 0, 1, 0]
Fitness: 1565.793554 	[4, 0, 12, 2, 13, 0, 14, 6, 7, 0, 9, 10, 1, 11, 3, 5, 15, 8, 0, 1, 0, 1, 1, 1, 0, 1, 1, 1, 0, 1, 1, 0, 1, 0]
Fitness: 1565.793554 	[4, 0, 12, 2, 13, 0, 14, 6, 7, 0, 9, 10, 1, 11, 3, 5, 15, 8, 0, 1, 0, 1, 1, 1, 0, 1, 1, 1, 0, 1, 1, 0, 1, 0]
Fitness: 1565.793554 	[4, 0, 12, 2, 13, 0, 14, 6, 7, 0, 9, 10, 1, 11, 3, 5, 15, 8, 0, 1, 0, 1, 1, 1, 0, 1, 1, 1, 0, 1, 1, 0, 1, 0]
Fitness: 1565.793554 	[12, 2, 13, 0, 14, 6, 7, 0, 4, 0, 9, 10, 1, 11, 3, 5, 15, 8, 0, 1, 0, 1, 1, 1, 0, 1, 1, 0, 1, 1, 1, 0, 1, 0]
Fitness: 1565.793554 	[12, 2, 13, 0, 14, 6, 7, 0, 4, 0, 9, 10, 1, 11, 3, 5, 15, 8, 0, 1, 0, 1, 1, 1, 0, 1, 1, 0, 1, 1, 1, 0, 1, 0]
Fitness: 1565.793554 	[4, 0, 12, 2, 13, 0, 14, 6, 7, 0, 9, 10, 1, 11, 3, 5, 15, 8, 0, 1, 0, 1, 1, 1, 0, 1, 1, 1, 0, 1, 1, 0, 1, 0]
Fitness: 1565.793554 	[4, 0, 12, 2, 13, 0, 14, 6, 7, 0, 9, 10, 1, 11, 3, 5, 15, 8, 0, 1, 0, 1, 1, 1, 0, 1, 1, 1, 0, 1, 1, 0, 1, 0]
Fitness: 1565.793554 	[12, 2, 13, 0, 4, 0, 14, 6, 7, 0, 9, 10, 1, 11, 3, 5, 15, 8, 0, 1, 0, 1, 1, 1, 0, 1, 1, 1, 0, 1, 1, 0, 1, 0]
Fitness: 1565.793554 	[12, 2, 13, 0, 4, 0, 14, 6, 7, 0, 9, 10, 1, 11, 3, 5, 15, 8, 0, 1, 0, 1, 1, 1, 0, 1, 1, 1, 0, 1, 1, 0, 1, 0]
Fitness: 1565.793554 	[4, 0, 12, 2, 13, 0, 14, 6, 7, 0, 9, 10, 1, 11, 3, 5, 15, 8, 0, 1, 0, 1, 1, 1, 0, 1, 1, 1, 0, 1, 1, 0, 1, 0]
Fitness: 1565.793554 	[4, 0, 12, 2, 13, 0, 14, 6, 7, 0, 9, 10, 1, 11, 3, 5, 15, 8, 0, 1, 0, 1, 1, 1, 0, 1, 1, 1, 0, 1, 1, 0, 1, 0]
Fitness: 1565.793554 	[4, 0, 12, 2, 13, 0, 14, 6, 7, 0, 9, 10, 1, 11, 3, 5, 15, 8, 0, 1, 0, 1, 1, 1, 0, 1, 1, 1, 0, 1, 1, 0, 1, 0]
Fitness: 1565.793554 	[4, 0, 12, 2, 13, 0, 14, 6, 7, 0, 9, 10, 1, 11, 3, 5, 15, 8, 0, 1, 0, 1, 1, 1, 0, 1, 1, 1, 0, 1, 1, 0, 1, 0]
Fitness: 1565.793554 	[12, 2, 13, 0, 14, 6, 7, 0, 4, 0, 9, 10, 1, 11, 3, 5, 15, 8, 0, 1, 0, 1, 1, 1, 0, 1, 1, 0, 1, 1, 1, 0, 1, 0]
Fitness: 1565.793554 	[4, 0, 12, 2, 13, 0, 14, 6, 7, 0, 9, 10, 1, 11, 3, 5, 15, 8, 0, 1, 0, 1, 1, 1, 0, 1, 1, 1, 0, 1, 1, 0, 1, 0]
Fitness: 1565.793554 	[4, 0, 12, 2, 13, 0, 14, 6, 7, 0, 9, 10, 1, 11, 3, 5, 15, 8, 0, 1, 0, 1, 1, 1, 0, 1, 1, 1, 0, 1, 1, 0, 1, 0]
Fitness: 1565.793554 	[12, 2, 13, 0, 4, 0, 14, 6, 7, 0, 9, 10, 1, 11, 3, 5, 15, 8, 0, 1, 0, 1, 1, 1, 0, 1, 1, 1, 0, 1, 1, 0, 1, 0]
Fitness: 1565.793554 	[4, 0, 12, 2, 13, 0, 14, 6, 7, 0, 9, 10, 1, 11, 3, 5, 15, 8, 0, 1, 0, 1, 1, 1, 0, 1, 1, 1, 0, 1, 1, 0, 1, 0]
Fitness: 1565.793554 	[12, 2, 13, 0, 14, 6, 7, 0, 4, 0, 9, 10, 1, 11, 3, 5, 15, 8, 0, 1, 0, 1, 1, 1, 0, 1, 1, 0, 1, 1, 1, 0, 1, 0]
Fitness: 1565.793554 	[4, 0, 12, 2, 13, 0, 14, 6, 7, 0, 9, 10, 1, 11, 3, 5, 15, 8, 0, 1, 0, 1, 1, 1, 0, 1, 1, 1, 0, 1, 1, 0, 1, 0]
Fitness: 1565.793554 	[12, 2, 13, 0, 4, 0, 14, 6, 7, 0, 9, 10, 1, 11, 3, 5, 15, 8, 0, 1, 0, 1, 1, 1, 0, 1, 1, 1, 0, 1, 1, 0, 1, 0]
Fitness: 1565.793554 	[4, 0, 12, 2, 13, 0, 14, 6, 7, 0, 9, 10, 1, 11, 3, 5, 15, 8, 0, 1, 0, 1, 1, 1, 0, 1, 1, 1, 0, 1, 1, 0, 1, 0]
Fitness: 1565.793554 	[12, 2, 13, 0, 4, 0, 14, 6, 7, 0, 9, 10, 1, 11, 3, 5, 15, 8, 0, 1, 0, 1, 1, 1, 0, 1, 1, 1, 0, 1, 1, 0, 1, 0]
Fitness: 1565.793554 	[4, 0, 12, 2, 13, 0, 14, 6, 7, 0, 9, 10, 1, 11, 3, 5, 15, 8, 0, 1, 0, 1, 1, 1, 0, 1, 1, 1, 0, 1, 1, 0, 1, 0]
Fitness: 1565.793554 	[4, 0, 12, 2, 13, 0, 14, 6, 7, 0, 9, 10, 1, 11, 3, 5, 15, 8, 0, 1, 0, 1, 1, 1, 0, 1, 1, 1, 0, 1, 1, 0, 1, 0]
Fitness: 1565.793554 	[4, 0, 12, 2, 13, 0, 14, 6, 7, 0, 9, 10, 1, 11, 3, 5, 15, 8, 0, 1, 0, 1, 1, 1, 0, 1, 1, 1, 0, 1, 1, 0, 1, 0]
Fitness: 1565.793554 	[4, 0, 12, 2, 13, 0, 14, 6, 7, 0, 9, 10, 1, 11, 3, 5, 15, 8, 0, 1, 0, 1, 1, 1, 0, 1, 1, 1, 0, 1, 1, 0, 1, 0]
Fitness: 1565.793554 	[4, 0, 12, 2, 13, 0, 14, 6, 7, 0, 9, 10, 1, 11, 3, 5, 15, 8, 0, 1, 0, 1, 1, 1, 0, 1, 1, 1, 0, 1, 1, 0, 1, 0]
Fitness: 1565.793554 	[4, 0, 12, 2, 13, 0, 14, 6, 7, 0, 9, 10, 1, 11, 3, 5, 15, 8, 0, 1, 0, 1, 1, 1, 0, 1, 1, 1, 0, 1, 1, 0, 1, 0]
Fitness: 1565.793554 	[12, 2, 13, 0, 4, 0, 14, 6, 7, 0, 9, 10, 1, 11, 3, 5, 15, 8, 0, 1, 0, 1, 1, 1, 0, 1, 1, 1, 0, 1, 1, 0, 1, 0]
Fitness: 1565.793554 	[12, 2, 13, 0, 4, 0, 14, 6, 7, 0, 9, 10, 1, 11, 3, 5, 15, 8, 0, 1, 0, 1, 1, 1, 0, 1, 1, 1, 0, 1, 1, 0, 1, 0]
Fitness: 1560.687894 	[15, 12, 2, 7, 3, 10, 0, 13, 6, 0, 4, 0, 14, 11, 8, 1, 9, 5, 0, 1, 0, 1, 0, 1, 1, 1, 1, 0, 1, 1, 1, 0, 1, 0]
Fitness: 1560.687894 	[15, 12, 2, 7, 3, 10, 0, 13, 6, 0, 4, 0, 14, 11, 8, 1, 9, 5, 0, 1, 0, 1, 0, 1, 1, 1, 1, 0, 1, 1, 1, 0, 1, 0]
Fitness: 1560.687894 	[15, 12, 2, 7, 3, 10, 0, 13, 6, 0, 4, 0, 14, 11, 8, 1, 9, 5, 0, 1, 0, 1, 0, 1, 1, 1, 1, 0, 1, 1, 1, 0, 1, 0]
Fitness: 1546.526721 	[15, 12, 2, 7, 3, 10, 0, 4, 0, 13, 6, 0, 14, 11, 8, 1, 9, 5, 0, 1, 0, 1, 0, 1, 1, 1, 1, 1, 0, 1, 1, 0, 1, 0]
Fitness: 1546.526721 	[15, 12, 2, 7, 3, 10, 0, 4, 0, 13, 6, 0, 14, 11, 8, 1, 9, 5, 0, 1, 0, 1, 0, 1, 1, 1, 1, 1, 0, 1, 1, 0, 1, 0]
Fitness: 1545.002933 	[10, 6, 12, 7, 9, 0, 1, 11, 3, 5, 15, 14, 8, 0, 4, 0, 2, 13, 0, 1, 0, 1, 0, 1, 0, 1, 1, 1, 1, 0, 1, 1, 1, 0]
Fitness: 1545.002933 	[10, 6, 12, 7, 9, 0, 1, 11, 3, 5, 15, 14, 8, 0, 4, 0, 2, 13, 0, 1, 0, 1, 0, 1, 0, 1, 1, 1, 1, 0, 1, 1, 1, 0]
Fitness: 1545.002933 	[10, 6, 12, 7, 9, 0, 1, 11, 3, 5, 15, 14, 8, 0, 4, 0, 2, 13, 0, 1, 0, 1, 0, 1, 0, 1, 1, 1, 1, 0, 1, 1, 1, 0]
Fitness: 1541.918052 	[12, 2, 7, 3, 10, 0, 4, 0, 13, 6, 0, 1, 5, 8, 9, 11, 14, 15, 0, 0, 1, 1, 0, 1, 1, 1, 1, 0, 1, 1, 1, 0, 1, 0]
Fitness: 1541.918052 	[12, 2, 7, 3, 10, 0, 4, 0, 13, 6, 0, 1, 5, 8, 9, 11, 14, 15, 0, 0, 1, 1, 0, 1, 1, 1, 1, 0, 1, 1, 1, 0, 1, 0]
Fitness: 1541.918052 	[12, 2, 7, 3, 10, 0, 4, 0, 13, 6, 0, 1, 5, 8, 9, 11, 14, 15, 0, 0, 1, 1, 0, 1, 1, 1, 1, 0, 1, 1, 1, 0, 1, 0]
Fitness: 1541.918052 	[12, 2, 7, 3, 10, 0, 4, 0, 13, 6, 0, 1, 5, 8, 9, 11, 14, 15, 0, 0, 1, 1, 0, 1, 1, 1, 1, 0, 1, 1, 1, 0, 1, 0]
Fitness: 1541.918052 	[12, 2, 7, 3, 10, 0, 4, 0, 13, 6, 0, 1, 5, 8, 9, 11, 14, 15, 0, 0, 1, 1, 0, 1, 1, 1, 1, 0, 1, 1, 1, 0, 1, 0]
Fitness: 1541.918052 	[12, 2, 7, 3, 10, 0, 4, 0, 13, 6, 0, 1, 5, 8, 9, 11, 14, 15, 0, 0, 1, 1, 0, 1, 1, 1, 1, 0, 1, 1, 1, 0, 1, 0]
Fitness: 1541.918052 	[12, 2, 7, 3, 10, 0, 4, 0, 13, 6, 0, 1, 5, 8, 9, 11, 14, 15, 0, 0, 1, 1, 0, 1, 1, 1, 1, 0, 1, 1, 1, 0, 1, 0]
Fitness: 1541.918052 	[12, 2, 7, 3, 10, 0, 4, 0, 13, 6, 0, 1, 5, 8, 9, 11, 14, 15, 0, 0, 1, 1, 0, 1, 1, 1, 1, 0, 1, 1, 1, 0, 1, 0]
Fitness: 1541.918052 	[12, 2, 7, 3, 10, 0, 4, 0, 13, 6, 0, 1, 5, 8, 9, 11, 14, 15, 0, 0, 1, 1, 0, 1, 1, 1, 1, 0, 1, 1, 1, 0, 1, 0]
Fitness: 1541.918052 	[12, 2, 7, 3, 10, 0, 4, 0, 13, 6, 0, 1, 5, 8, 9, 11, 14, 15, 0, 0, 1, 1, 0, 1, 1, 1, 1, 0, 1, 1, 1, 0, 1, 0]
Fitness: 1541.918052 	[12, 2, 7, 3, 10, 0, 4, 0, 13, 6, 0, 1, 5, 8, 9, 11, 14, 15, 0, 0, 1, 1, 0, 1, 1, 1, 1, 0, 1, 1, 1, 0, 1, 0]
Fitness: 1541.918052 	[12, 2, 7, 3, 10, 0, 4, 0, 13, 6, 0, 1, 5, 8, 9, 11, 14, 15, 0, 0, 1, 1, 0, 1, 1, 1, 1, 0, 1, 1, 1, 0, 1, 0]
Fitness: 1541.918052 	[12, 2, 7, 3, 10, 0, 4, 0, 13, 6, 0, 1, 5, 8, 9, 11, 14, 15, 0, 0, 1, 1, 0, 1, 1, 1, 1, 0, 1, 1, 1, 0, 1, 0]
Fitness: 1541.918052 	[12, 2, 7, 3, 10, 0, 4, 0, 13, 6, 0, 1, 5, 8, 9, 11, 14, 15, 0, 0, 1, 1, 0, 1, 1, 1, 1, 0, 1, 1, 1, 0, 1, 0]
Fitness: 1541.918052 	[12, 2, 7, 3, 10, 0, 4, 0, 13, 6, 0, 1, 5, 8, 9, 11, 14, 15, 0, 0, 1, 1, 0, 1, 1, 1, 1, 0, 1, 1, 1, 0, 1, 0]
Fitness: 1541.918052 	[12, 2, 7, 3, 10, 0, 4, 0, 13, 6, 0, 1, 5, 8, 9, 11, 14, 15, 0, 0, 1, 1, 0, 1, 1, 1, 1, 0, 1, 1, 1, 0, 1, 0]
Fitness: 1541.918052 	[12, 2, 7, 3, 10, 0, 4, 0, 13, 6, 0, 1, 5, 8, 9, 11, 14, 15, 0, 0, 1, 1, 0, 1, 1, 1, 1, 0, 1, 1, 1, 0, 1, 0]
Fitness: 1541.918052 	[12, 2, 7, 3, 10, 0, 4, 0, 13, 6, 0, 1, 5, 8, 9, 11, 14, 15, 0, 0, 1, 1, 0, 1, 1, 1, 1, 0, 1, 1, 1, 0, 1, 0]
Fitness: 1541.918052 	[12, 2, 7, 3, 10, 0, 4, 0, 13, 6, 0, 14, 11, 8, 15, 1, 9, 5, 0, 0, 1, 1, 0, 1, 1, 1, 1, 0, 1, 1, 1, 0, 1, 0]
Fitness: 1541.918052 	[12, 2, 7, 3, 10, 0, 4, 0, 13, 6, 0, 14, 11, 8, 15, 1, 9, 5, 0, 0, 1, 1, 0, 1, 1, 1, 1, 0, 1, 1, 1, 0, 1, 0]
Fitness: 1541.918052 	[12, 2, 7, 3, 10, 0, 4, 0, 13, 6, 0, 14, 11, 8, 15, 1, 9, 5, 0, 0, 1, 1, 0, 1, 1, 1, 1, 0, 1, 1, 1, 0, 1, 0]
Fitness: 1541.918052 	[12, 2, 7, 3, 10, 0, 4, 0, 13, 6, 0, 14, 11, 8, 15, 1, 9, 5, 0, 0, 1, 1, 0, 1, 1, 1, 1, 0, 1, 1, 1, 0, 1, 0]
Fitness: 1541.918052 	[12, 2, 7, 3, 10, 0, 4, 0, 13, 6, 0, 14, 11, 8, 15, 1, 9, 5, 0, 0, 1, 1, 0, 1, 1, 1, 1, 0, 1, 1, 1, 0, 1, 0]
Fitness: 1541.918052 	[12, 2, 7, 3, 10, 0, 4, 0, 13, 6, 0, 14, 11, 8, 15, 1, 9, 5, 0, 0, 1, 1, 0, 1, 1, 1, 1, 0, 1, 1, 1, 0, 1, 0]
Fitness: 1541.918052 	[12, 2, 7, 3, 10, 0, 4, 0, 13, 6, 0, 14, 11, 8, 15, 1, 9, 5, 0, 0, 1, 1, 0, 1, 1, 1, 1, 0, 1, 1, 1, 0, 1, 0]
Fitness: 1541.918052 	[12, 2, 7, 3, 10, 0, 4, 0, 13, 6, 0, 14, 11, 8, 15, 1, 9, 5, 0, 0, 1, 1, 0, 1, 1, 1, 1, 0, 1, 1, 1, 0, 1, 0]
Fitness: 1541.918052 	[12, 2, 7, 3, 10, 0, 4, 0, 13, 6, 0, 14, 11, 8, 15, 1, 9, 5, 0, 0, 1, 1, 0, 1, 1, 1, 1, 0, 1, 1, 1, 0, 1, 0]
Fitness: 1541.918052 	[12, 2, 7, 3, 10, 0, 4, 0, 13, 6, 0, 14, 11, 8, 15, 1, 9, 5, 0, 0, 1, 1, 0, 1, 1, 1, 1, 0, 1, 1, 1, 0, 1, 0]
Fitness: 1541.918052 	[12, 2, 7, 3, 10, 0, 4, 0, 13, 6, 0, 14, 11, 8, 15, 1, 9, 5, 0, 0, 1, 1, 0, 1, 1, 1, 1, 0, 1, 1, 1, 0, 1, 0]
Fitness: 1541.918052 	[12, 2, 7, 3, 10, 0, 4, 0, 13, 6, 0, 14, 11, 8, 15, 1, 9, 5, 0, 0, 1, 1, 0, 1, 1, 1, 1, 0, 1, 1, 1, 0, 1, 0]
Fitness: 1541.918052 	[12, 2, 7, 3, 10, 0, 4, 0, 13, 6, 0, 14, 11, 8, 15, 1, 9, 5, 0, 0, 1, 1, 0, 1, 1, 1, 1, 0, 1, 1, 1, 0, 1, 0]
Fitness: 1541.918052 	[12, 2, 7, 3, 10, 0, 4, 0, 13, 6, 0, 14, 11, 8, 15, 1, 9, 5, 0, 0, 1, 1, 0, 1, 1, 1, 1, 0, 1, 1, 1, 0, 1, 0]
Fitness: 1541.918052 	[12, 2, 7, 3, 10, 0, 4, 0, 13, 6, 0, 14, 11, 8, 15, 1, 9, 5, 0, 0, 1, 1, 0, 1, 1, 1, 1, 0, 1, 1, 1, 0, 1, 0]
Fitness: 1541.918052 	[12, 2, 7, 3, 10, 0, 4, 0, 13, 6, 0, 14, 11, 8, 15, 1, 9, 5, 0, 0, 1, 1, 0, 1, 1, 1, 1, 0, 1, 1, 1, 0, 1, 0]
Fitness: 1541.918052 	[12, 2, 7, 3, 10, 0, 4, 0, 13, 6, 0, 14, 11, 8, 15, 1, 9, 5, 0, 0, 1, 1, 0, 1, 1, 1, 1, 0, 1, 1, 1, 0, 1, 0]
Fitness: 1541.918052 	[12, 2, 7, 3, 10, 0, 4, 0, 13, 6, 0, 14, 11, 8, 15, 1, 9, 5, 0, 0, 1, 1, 0, 1, 1, 1, 1, 0, 1, 1, 1, 0, 1, 0]
Fitness: 1541.918052 	[12, 2, 7, 3, 10, 0, 4, 0, 13, 6, 0, 14, 11, 8, 15, 1, 9, 5, 0, 0, 1, 1, 0, 1, 1, 1, 1, 0, 1, 1, 1, 0, 1, 0]
Fitness: 1541.918052 	[12, 2, 7, 3, 10, 0, 4, 0, 13, 6, 0, 14, 11, 8, 15, 1, 9, 5, 0, 0, 1, 1, 0, 1, 1, 1, 1, 0, 1, 1, 1, 0, 1, 0]
Fitness: 1541.918052 	[12, 2, 7, 3, 10, 0, 4, 0, 13, 6, 0, 14, 11, 8, 15, 1, 9, 5, 0, 0, 1, 1, 0, 1, 1, 1, 1, 0, 1, 1, 1, 0, 1, 0]
Fitness: 1541.918052 	[12, 2, 7, 3, 10, 0, 4, 0, 13, 6, 0, 14, 11, 8, 15, 1, 9, 5, 0, 0, 1, 1, 0, 1, 1, 1, 1, 0, 1, 1, 1, 0, 1, 0]
Fitness: 1541.918052 	[12, 2, 7, 3, 10, 0, 4, 0, 13, 6, 0, 14, 11, 8, 15, 1, 9, 5, 0, 0, 1, 1, 0, 1, 1, 1, 1, 0, 1, 1, 1, 0, 1, 0]
Fitness: 1541.918052 	[12, 2, 7, 3, 10, 0, 4, 0, 13, 6, 0, 14, 11, 8, 15, 1, 9, 5, 0, 0, 1, 1, 0, 1, 1, 1, 1, 0, 1, 1, 1, 0, 1, 0]
Fitness: 1560.687894 	[15, 12, 2, 7, 3, 10, 0, 13, 6, 0, 4, 0, 14, 11, 8, 1, 9, 5, 0, 1, 0, 1, 0, 1, 1, 1, 1, 0, 1, 1, 1, 0, 1, 0]
Fitness: 1541.918052 	[15, 12, 2, 7, 3, 10, 0, 13, 6, 0, 4, 0, 14, 11, 8, 1, 9, 5, 0, 0, 1, 1, 0, 1, 1, 1, 1, 0, 1, 1, 1, 0, 1, 0]
Fitness: 1541.918052 	[12, 2, 7, 3, 10, 0, 4, 0, 13, 6, 0, 14, 11, 8, 15, 1, 9, 5, 0, 0, 1, 1, 0, 1, 1, 1, 1, 0, 1, 1, 1, 0, 1, 0]
Fitness: 1541.918052 	[12, 2, 7, 3, 10, 0, 4, 0, 13, 6, 0, 1, 5, 8, 9, 11, 14, 15, 0, 0, 1, 1, 0, 1, 1, 1, 1, 0, 1, 1, 1, 0, 1, 0]
Fitness: 1541.918052 	[12, 2, 7, 3, 10, 0, 13, 6, 0, 14, 11, 8, 15, 1, 9, 5, 0, 4, 0, 0, 1, 1, 0, 1, 1, 1, 1, 0, 1, 1, 1, 0, 1, 0]
Fitness: 1565.793554 	[4, 0, 12, 2, 13, 0, 14, 6, 7, 0, 9, 10, 1, 11, 3, 5, 15, 8, 0, 1, 0, 1, 1, 1, 0, 1, 1, 1, 0, 1, 1, 0, 1, 0]
Fitness: 1565.793554 	[4, 0, 12, 2, 13, 0, 14, 6, 7, 0, 9, 10, 1, 11, 3, 5, 15, 8, 0, 1, 0, 1, 1, 1, 0, 1, 1, 1, 0, 1, 1, 0, 1, 0]
Fitness: 1565.793554 	[9, 10, 1, 11, 3, 5, 15, 8, 0, 14, 6, 7, 0, 2, 12, 4, 0, 13, 0, 1, 0, 1, 1, 1, 0, 1, 1, 1, 0, 1, 1, 0, 1, 0]
Fitness: 1565.793554 	[12, 2, 13, 0, 4, 0, 14, 6, 7, 0, 9, 10, 1, 11, 3, 5, 15, 8, 0, 1, 0, 1, 1, 1, 0, 1, 1, 1, 0, 1, 1, 0, 1, 0]
Fitness: 1565.793554 	[12, 2, 13, 0, 4, 0, 14, 6, 7, 0, 9, 10, 1, 11, 3, 5, 15, 8, 0, 1, 0, 1, 1, 1, 0, 1, 1, 1, 0, 1, 1, 0, 1, 0]
Fitness: 1565.793554 	[9, 10, 1, 11, 3, 5, 15, 8, 0, 14, 6, 7, 0, 2, 13, 4, 0, 12, 0, 1, 0, 1, 1, 1, 0, 1, 1, 1, 0, 1, 1, 0, 1, 0]
Fitness: 1541.918052 	[12, 2, 7, 3, 10, 0, 4, 0, 13, 6, 0, 1, 5, 8, 9, 11, 14, 15, 0, 0, 1, 1, 0, 1, 1, 1, 1, 0, 1, 1, 1, 0, 1, 0]
Fitness: 1565.793554 	[4, 0, 14, 6, 7, 0, 12, 2, 13, 0, 9, 10, 1, 11, 3, 5, 15, 8, 0, 1, 0, 1, 1, 1, 0, 1, 1, 0, 1, 1, 1, 0, 1, 0]
Fitness: 1541.918052 	[12, 2, 7, 3, 10, 0, 1, 5, 8, 0, 4, 6, 13, 0, 9, 11, 14, 15, 0, 0, 1, 1, 0, 1, 1, 1, 1, 0, 1, 1, 1, 0, 1, 0]
Fitness: 1541.918052 	[12, 2, 7, 3, 10, 0, 4, 0, 13, 6, 0, 14, 11, 8, 15, 1, 9, 5, 0, 0, 1, 1, 0, 1, 1, 1, 1, 0, 1, 1, 1, 0, 1, 0]
Fitness: 1541.918052 	[12, 2, 7, 3, 10, 0, 4, 0, 13, 6, 0, 14, 11, 8, 15, 1, 9, 5, 0, 0, 1, 1, 0, 1, 1, 1, 1, 0, 1, 1, 1, 0, 1, 0]
Fitness: 1541.918052 	[13, 6, 0, 4, 0, 12, 2, 7, 3, 10, 0, 14, 11, 8, 15, 1, 9, 5, 0, 0, 1, 1, 0, 1, 1, 1, 1, 0, 1, 1, 1, 0, 1, 0]
Fitness: 1565.793554 	[4, 0, 12, 2, 13, 0, 14, 6, 7, 0, 9, 10, 1, 11, 3, 5, 15, 8, 0, 0, 1, 1, 0, 1, 1, 1, 1, 0, 1, 1, 1, 0, 1, 0]
Fitness: 1541.918052 	[12, 2, 7, 3, 10, 0, 4, 0, 13, 6, 0, 1, 5, 8, 9, 11, 14, 15, 0, 0, 1, 1, 0, 1, 1, 1, 1, 0, 1, 1, 1, 0, 1, 0]
Fitness: 1565.793554 	[14, 6, 7, 0, 4, 0, 13, 10, 0, 1, 5, 8, 9, 11, 2, 15, 3, 12, 0, 1, 0, 1, 1, 1, 0, 1, 1, 1, 0, 1, 1, 0, 1, 0]
Fitness: 1541.918052 	[12, 2, 7, 3, 10, 0, 4, 0, 13, 6, 0, 14, 11, 8, 15, 1, 9, 5, 0, 0, 1, 1, 0, 1, 1, 1, 1, 0, 1, 1, 1, 0, 1, 0]
Fitness: 1541.918052 	[12, 2, 7, 3, 10, 0, 4, 0, 13, 6, 0, 14, 11, 8, 15, 1, 9, 5, 0, 0, 1, 1, 0, 1, 1, 1, 1, 0, 1, 1, 1, 0, 1, 0]
Fitness: 1541.918052 	[12, 2, 7, 3, 10, 0, 4, 0, 13, 6, 0, 14, 11, 8, 15, 1, 9, 5, 0, 0, 1, 1, 0, 1, 1, 1, 1, 0, 1, 1, 1, 0, 1, 0]
Fitness: 1541.918052 	[12, 2, 7, 3, 10, 0, 4, 0, 13, 6, 0, 1, 5, 8, 9, 11, 14, 15, 0, 0, 1, 1, 0, 1, 1, 1, 1, 0, 1, 1, 1, 0, 1, 0]
Fitness: 1565.793554 	[4, 0, 12, 2, 13, 0, 14, 6, 7, 0, 9, 10, 1, 11, 3, 5, 15, 8, 0, 1, 0, 1, 1, 1, 0, 1, 1, 1, 0, 1, 1, 0, 1, 0]
Fitness: 1541.918052 	[4, 0, 1, 5, 8, 0, 12, 2, 7, 3, 10, 0, 13, 6, 9, 11, 14, 15, 0, 0, 1, 1, 0, 1, 1, 1, 1, 0, 1, 1, 1, 0, 1, 0]
Fitness: 1541.918052 	[12, 2, 7, 3, 10, 0, 4, 0, 13, 6, 0, 14, 11, 8, 15, 1, 9, 5, 0, 0, 0, 1, 1, 1, 1, 1, 1, 0, 1, 1, 1, 0, 1, 0]
Fitness: 1565.793554 	[4, 0, 12, 2, 13, 0, 14, 6, 7, 0, 9, 10, 1, 11, 3, 5, 15, 8, 0, 1, 0, 1, 1, 1, 0, 1, 1, 1, 0, 1, 1, 0, 1, 0]
Fitness: 1541.918052 	[13, 6, 0, 4, 0, 14, 2, 7, 0, 9, 10, 1, 11, 3, 5, 15, 8, 12, 0, 0, 1, 1, 0, 1, 1, 1, 1, 0, 1, 1, 1, 0, 1, 0]
Fitness: 1541.918052 	[13, 6, 0, 12, 2, 7, 3, 10, 0, 14, 4, 0, 9, 1, 11, 5, 15, 8, 0, 0, 1, 1, 0, 1, 1, 1, 1, 0, 1, 1, 1, 0, 1, 0]
Fitness: 1541.918052 	[12, 2, 7, 3, 10, 0, 4, 0, 13, 6, 0, 1, 5, 8, 9, 11, 14, 15, 0, 0, 1, 1, 0, 1, 1, 1, 1, 0, 1, 1, 1, 0, 1, 0]
Fitness: 1612.391329 	[4, 0, 12, 2, 13, 0, 6, 1, 0, 3, 5, 7, 8, 9, 10, 11, 14, 15, 0, 1, 0, 1, 1, 1, 0, 1, 1, 1, 0, 1, 1, 0, 1, 0]
Fitness: 1541.918052 	[13, 6, 0, 12, 2, 7, 3, 10, 0, 4, 1, 0, 5, 8, 9, 11, 14, 15, 0, 0, 1, 1, 0, 1, 1, 1, 1, 0, 1, 1, 1, 0, 1, 0]
Fitness: 1565.793554 	[12, 2, 13, 0, 4, 0, 14, 6, 7, 0, 9, 10, 1, 11, 3, 5, 15, 8, 0, 1, 0, 1, 1, 1, 0, 1, 1, 0, 1, 1, 1, 0, 1, 0]
Fitness: 1565.793554 	[12, 2, 13, 0, 14, 6, 7, 0, 4, 0, 9, 10, 1, 11, 3, 5, 15, 8, 0, 1, 0, 1, 1, 1, 0, 1, 1, 0, 1, 1, 1, 0, 1, 0]
Fitness: 1565.793554 	[12, 2, 13, 0, 14, 6, 7, 0, 4, 0, 9, 10, 1, 11, 3, 5, 15, 8, 0, 1, 0, 1, 1, 1, 0, 1, 1, 1, 0, 1, 1, 0, 1, 0]
Fitness: 1580.830519 	[10, 1, 7, 5, 8, 0, 14, 9, 3, 2, 11, 12, 15, 0, 6, 13, 0, 4, 0, 1, 0, 1, 0, 1, 0, 1, 1, 1, 0, 1, 1, 1, 1, 0]
Fitness: 1565.793554 	[12, 2, 13, 0, 4, 0, 14, 6, 7, 0, 9, 10, 1, 11, 3, 5, 15, 8, 0, 1, 0, 1, 1, 1, 0, 1, 1, 1, 0, 1, 1, 0, 1, 0]
Fitness: 1580.830519 	[12, 2, 4, 0, 10, 1, 7, 5, 8, 0, 6, 13, 0, 9, 14, 11, 3, 15, 0, 1, 0, 1, 0, 1, 0, 1, 1, 1, 0, 1, 1, 1, 1, 0]
Fitness: 1565.793554 	[4, 0, 12, 2, 13, 0, 14, 6, 7, 0, 9, 10, 1, 11, 3, 5, 15, 8, 0, 0, 1, 1, 0, 1, 1, 1, 1, 1, 0, 1, 1, 0, 1, 0]
Fitness: 1541.918052 	[12, 2, 7, 3, 10, 0, 4, 0, 13, 6, 0, 14, 11, 8, 15, 1, 9, 5, 0, 0, 1, 1, 0, 1, 1, 1, 1, 0, 1, 1, 1, 0, 1, 0]
Fitness: 1565.793554 	[4, 0, 14, 6, 7, 0, 13, 10, 0, 2, 11, 8, 15, 1, 9, 5, 3, 12, 0, 1, 0, 1, 1, 1, 0, 1, 1, 1, 0, 1, 1, 0, 1, 0]
Fitness: 1541.918052 	[12, 2, 7, 3, 10, 0, 4, 0, 13, 6, 0, 1, 5, 8, 9, 11, 14, 15, 0, 0, 1, 1, 0, 1, 1, 1, 1, 0, 1, 1, 1, 0, 1, 0]
Fitness: 1565.793554 	[4, 0, 12, 2, 13, 0, 14, 6, 7, 0, 9, 10, 1, 11, 3, 5, 15, 8, 0, 1, 0, 1, 1, 1, 0, 1, 1, 1, 0, 1, 1, 0, 1, 0]
Fitness: 1541.918052 	[4, 0, 6, 13, 0, 12, 2, 7, 3, 10, 0, 1, 5, 8, 9, 11, 14, 15, 0, 0, 1, 1, 0, 1, 1, 1, 1, 0, 1, 1, 1, 0, 1, 0]
Fitness: 1541.918052 	[12, 2, 7, 3, 10, 0, 4, 0, 13, 6, 0, 1, 5, 8, 9, 11, 14, 15, 0, 0, 1, 1, 0, 1, 0, 1, 1, 1, 1, 1, 1, 0, 1, 0]
Fitness: 1565.793554 	[4, 0, 12, 2, 13, 0, 14, 6, 7, 0, 9, 10, 1, 11, 3, 5, 15, 8, 0, 1, 0, 1, 1, 1, 0, 1, 1, 1, 0, 1, 1, 0, 1, 0]
Fitness: 1541.918052 	[12, 2, 7, 3, 10, 0, 13, 6, 0, 14, 4, 0, 9, 1, 11, 5, 15, 8, 0, 0, 1, 1, 0, 1, 1, 1, 1, 0, 1, 1, 1, 0, 1, 0]
Fitness: 1541.918052 	[12, 2, 7, 3, 10, 0, 4, 0, 13, 6, 0, 1, 5, 8, 9, 11, 14, 15, 0, 0, 1, 1, 0, 1, 1, 1, 1, 0, 1, 1, 1, 0, 1, 0]
Fitness: 1541.918052 	[12, 2, 7, 3, 10, 0, 4, 0, 13, 6, 0, 14, 11, 8, 15, 1, 9, 5, 0, 0, 1, 1, 0, 1, 1, 1, 1, 0, 1, 1, 1, 0, 1, 0]
Fitness: 1541.918052 	[1, 5, 8, 9, 11, 14, 15, 0, 4, 0, 13, 6, 0, 2, 3, 7, 10, 12, 0, 0, 1, 1, 0, 1, 1, 1, 1, 0, 1, 1, 1, 0, 1, 0]
Fitness: 1541.918052 	[12, 2, 7, 3, 10, 0, 4, 0, 13, 6, 0, 14, 11, 8, 15, 1, 9, 5, 0, 0, 1, 1, 0, 1, 1, 1, 1, 0, 1, 1, 1, 0, 1, 0]
Fitness: 1541.918052 	[12, 2, 7, 3, 10, 0, 4, 0, 13, 6, 0, 14, 11, 8, 15, 1, 9, 5, 0, 0, 1, 1, 0, 1, 1, 1, 1, 0, 1, 1, 1, 0, 1, 0]
Fitness: 1541.918052 	[12, 2, 7, 3, 10, 0, 13, 0, 14, 11, 8, 15, 1, 9, 5, 0, 4, 6, 0, 0, 1, 1, 0, 1, 1, 1, 1, 0, 1, 1, 1, 0, 1, 0]
Fitness: 1565.793554 	[4, 0, 14, 6, 7, 0, 12, 2, 13, 0, 9, 10, 1, 11, 3, 5, 15, 8, 0, 1, 0, 1, 1, 1, 0, 1, 1, 0, 1, 1, 1, 0, 1, 0]
Fitness: 1565.793554 	[4, 0, 14, 6, 7, 0, 12, 2, 13, 0, 9, 10, 1, 11, 3, 5, 15, 8, 0, 1, 0, 1, 1, 1, 0, 1, 1, 0, 1, 1, 1, 0, 1, 0]
Fitness: 1565.793554 	[12, 2, 13, 0, 14, 6, 7, 0, 4, 0, 9, 10, 1, 11, 3, 5, 15, 8, 0, 1, 0, 1, 1, 1, 0, 1, 1, 0, 1, 1, 1, 0, 1, 0]
Fitness: 1541.918052 	[4, 13, 0, 6, 0, 12, 2, 7, 3, 10, 0, 14, 11, 8, 15, 1, 9, 5, 0, 0, 1, 1, 0, 1, 1, 1, 1, 0, 1, 1, 1, 0, 1, 0]
Fitness: 1541.918052 	[12, 2, 7, 3, 10, 0, 4, 0, 13, 6, 0, 1, 5, 8, 9, 11, 14, 15, 0, 0, 1, 1, 0, 1, 1, 1, 1, 0, 1, 1, 1, 0, 1, 0]
Fitness: 1560.687894 	[15, 12, 2, 7, 3, 10, 0, 13, 6, 0, 4, 0, 14, 11, 8, 1, 9, 5, 0, 1, 0, 1, 0, 1, 1, 1, 1, 0, 1, 1, 1, 0, 1, 0]
Fitness: 1541.918052 	[12, 2, 7, 3, 10, 0, 13, 6, 0, 1, 5, 8, 9, 11, 14, 15, 0, 4, 0, 0, 1, 1, 0, 1, 1, 1, 1, 0, 1, 1, 1, 0, 1, 0]
Fitness: 1541.918052 	[12, 2, 7, 3, 10, 0, 4, 0, 13, 6, 0, 1, 5, 8, 9, 11, 14, 15, 0, 0, 1, 1, 0, 1, 1, 1, 1, 0, 1, 1, 1, 0, 1, 0]
Fitness: 1541.918052 	[12, 2, 7, 3, 10, 0, 4, 0, 13, 6, 0, 14, 11, 8, 15, 1, 9, 5, 0, 0, 1, 1, 0, 1, 1, 1, 1, 0, 1, 1, 1, 0, 1, 0]
Fitness: 1541.918052 	[4, 13, 6, 0, 1, 5, 8, 0, 12, 2, 7, 3, 10, 0, 9, 11, 14, 15, 0, 0, 1, 1, 0, 1, 1, 1, 1, 0, 1, 1, 1, 0, 1, 0]
Fitness: 1565.793554 	[1, 5, 7, 3, 10, 0, 6, 0, 4, 0, 12, 2, 13, 8, 9, 11, 14, 15, 0, 1, 0, 1, 1, 1, 0, 1, 1, 0, 1, 1, 1, 0, 1, 0]
Fitness: 1541.918052 	[12, 2, 7, 3, 10, 0, 4, 0, 13, 6, 0, 14, 11, 8, 15, 1, 9, 5, 0, 0, 1, 1, 0, 1, 1, 1, 1, 0, 1, 1, 1, 0, 1, 0]
Fitness: 1612.391329 	[12, 2, 13, 0, 4, 0, 6, 1, 0, 3, 5, 7, 8, 9, 10, 11, 14, 15, 0, 1, 0, 1, 1, 1, 0, 1, 1, 1, 0, 1, 1, 0, 1, 0]
Fitness: 1541.918052 	[1, 6, 13, 0, 4, 0, 12, 2, 7, 3, 10, 0, 5, 8, 9, 11, 14, 15, 0, 0, 1, 1, 0, 1, 1, 1, 1, 0, 1, 1, 1, 0, 1, 0]
Fitness: 1560.687894 	[1, 15, 12, 2, 7, 3, 10, 0, 13, 6, 0, 4, 0, 14, 11, 8, 9, 5, 0, 1, 1, 0, 0, 1, 1, 1, 1, 0, 1, 1, 1, 0, 1, 0]
Fitness: 1541.918052 	[15, 12, 2, 7, 3, 10, 0, 4, 0, 13, 6, 0, 1, 5, 8, 9, 11, 14, 0, 0, 1, 1, 0, 1, 1, 1, 1, 0, 1, 1, 1, 1, 0, 0]
Fitness: 1580.830519 	[12, 2, 0, 10, 1, 7, 5, 8, 0, 6, 13, 0, 4, 9, 14, 11, 3, 15, 0, 1, 1, 1, 0, 1, 0, 0, 1, 1, 0, 1, 1, 1, 1, 0]
Fitness: 1565.793554 	[4, 0, 7, 12, 2, 13, 0, 14, 6, 0, 9, 10, 1, 11, 3, 5, 15, 8, 0, 0, 0, 1, 1, 1, 1, 1, 1, 1, 0, 1, 1, 0, 1, 0]
Fitness: 1541.918052 	[6, 12, 2, 7, 3, 10, 0, 4, 0, 13, 0, 1, 5, 8, 9, 11, 14, 15, 0, 0, 1, 1, 0, 1, 1, 1, 1, 1, 1, 1, 1, 0, 0, 0]
Fitness: 1541.918052 	[12, 2, 7, 3, 10, 0, 14, 11, 8, 0, 4, 13, 6, 0, 15, 1, 9, 5, 0, 1, 1, 1, 0, 1, 1, 1, 1, 0, 0, 1, 1, 0, 1, 0]
Fitness: 1541.918052 	[1, 13, 6, 0, 12, 2, 7, 3, 10, 0, 4, 0, 5, 8, 9, 11, 14, 15, 0, 0, 1, 0, 0, 1, 1, 1, 1, 0, 1, 1, 1, 1, 1, 0]
Fitness: 1565.793554 	[4, 0, 12, 2, 13, 0, 14, 7, 0, 6, 9, 10, 1, 11, 3, 5, 15, 8, 0, 1, 0, 1, 1, 1, 1, 1, 1, 1, 0, 1, 1, 0, 0, 0]
Fitness: 1565.793554 	[2, 4, 0, 12, 13, 0, 14, 6, 7, 0, 9, 10, 1, 11, 3, 5, 15, 8, 0, 0, 1, 1, 0, 1, 1, 1, 0, 0, 1, 1, 1, 1, 1, 0]
Fitness: 1541.918052 	[12, 2, 7, 3, 10, 0, 1, 5, 8, 0, 4, 13, 6, 0, 9, 11, 14, 15, 0, 1, 1, 1, 0, 1, 1, 0, 1, 0, 1, 1, 1, 0, 1, 0]
Fitness: 1580.830519 	[4, 10, 1, 7, 5, 8, 0, 2, 11, 12, 15, 0, 6, 13, 0, 14, 9, 3, 0, 1, 1, 1, 0, 1, 0, 1, 1, 0, 0, 1, 1, 1, 1, 0]
Fitness: 1565.793554 	[4, 0, 12, 2, 13, 0, 9, 14, 6, 7, 0, 10, 1, 11, 3, 5, 15, 8, 0, 1, 0, 0, 1, 1, 1, 1, 1, 1, 0, 1, 1, 0, 1, 0]
Fitness: 1541.918052 	[14, 13, 6, 0, 4, 0, 12, 2, 7, 3, 10, 0, 11, 8, 15, 1, 9, 5, 0, 0, 0, 1, 0, 1, 1, 1, 1, 1, 1, 1, 1, 0, 1, 0]
Fitness: 1541.918052 	[12, 2, 7, 3, 10, 0, 6, 4, 0, 13, 0, 14, 11, 8, 15, 1, 9, 5, 0, 1, 1, 1, 0, 1, 1, 1, 1, 0, 0, 1, 1, 0, 1, 0]
Fitness: 1541.918052 	[12, 2, 7, 3, 10, 0, 4, 1, 5, 8, 0, 13, 6, 0, 9, 11, 14, 15, 0, 0, 1, 0, 0, 1, 1, 1, 1, 1, 1, 1, 1, 0, 1, 0]
Fitness: 1565.793554 	[6, 4, 0, 12, 2, 13, 0, 14, 7, 0, 9, 10, 1, 11, 3, 5, 15, 8, 0, 0, 1, 1, 1, 1, 0, 1, 1, 1, 0, 1, 1, 0, 1, 0]
Fitness: 1565.793554 	[4, 0, 14, 12, 2, 13, 0, 6, 7, 0, 9, 10, 1, 11, 3, 5, 15, 8, 0, 1, 0, 1, 1, 1, 0, 1, 1, 1, 0, 1, 1, 1, 0, 0]
Fitness: 1541.918052 	[12, 2, 7, 3, 10, 0, 4, 1, 5, 8, 0, 13, 6, 0, 9, 11, 14, 15, 0, 0, 1, 0, 1, 1, 1, 1, 1, 0, 1, 1, 1, 0, 1, 0]
Fitness: 1541.918052 	[2, 7, 3, 10, 0, 4, 0, 13, 6, 0, 12, 1, 5, 8, 9, 11, 14, 15, 0, 1, 1, 1, 0, 1, 1, 1, 0, 0, 1, 1, 1, 0, 1, 0]
Fitness: 1565.793554 	[11, 3, 5, 15, 8, 0, 14, 6, 7, 0, 2, 12, 4, 0, 13, 9, 10, 1, 0, 1, 0, 0, 1, 1, 1, 1, 1, 1, 0, 1, 1, 0, 1, 0]
Fitness: 1565.793554 	[4, 12, 2, 13, 0, 9, 10, 1, 11, 0, 14, 6, 7, 0, 3, 5, 15, 8, 0, 1, 0, 1, 0, 1, 1, 1, 1, 1, 0, 1, 1, 0, 1, 0]
Fitness: 1565.793554 	[2, 4, 0, 14, 6, 7, 0, 12, 13, 0, 9, 10, 1, 11, 3, 5, 15, 8, 0, 1, 0, 1, 1, 0, 1, 1, 1, 0, 1, 1, 1, 0, 1, 0]
Fitness: 1541.918052 	[12, 2, 3, 10, 0, 4, 0, 7, 13, 6, 0, 1, 5, 8, 9, 11, 14, 15, 0, 0, 1, 1, 0, 0, 1, 1, 1, 0, 1, 1, 1, 1, 1, 0]
Fitness: 1541.918052 	[12, 2, 7, 3, 10, 0, 1, 5, 8, 0, 4, 13, 6, 0, 9, 11, 14, 15, 0, 0, 1, 1, 0, 1, 1, 1, 1, 0, 1, 1, 0, 1, 1, 0]
Fitness: 1541.918052 	[9, 11, 14, 15, 0, 4, 1, 5, 8, 0, 13, 6, 0, 2, 3, 7, 10, 12, 0, 1, 1, 1, 0, 1, 1, 1, 0, 0, 1, 1, 1, 0, 1, 0]
Fitness: 1565.793554 	[14, 6, 7, 0, 13, 4, 0, 10, 0, 1, 5, 8, 9, 11, 2, 15, 3, 12, 0, 1, 0, 1, 1, 0, 0, 1, 1, 1, 1, 1, 1, 0, 1, 0]
Fitness: 1541.918052 	[14, 12, 2, 7, 3, 10, 0, 13, 6, 0, 1, 5, 8, 9, 11, 15, 0, 4, 0, 1, 1, 1, 0, 1, 1, 1, 1, 0, 0, 1, 1, 0, 1, 0]
Fitness: 1612.391329 	[4, 0, 1, 12, 2, 13, 0, 6, 0, 3, 5, 7, 8, 9, 10, 11, 14, 15, 0, 1, 1, 1, 1, 0, 0, 1, 1, 1, 0, 1, 1, 0, 1, 0]
Fitness: 1546.526721 	[15, 12, 2, 7, 10, 0, 4, 0, 3, 13, 6, 0, 14, 11, 8, 1, 9, 5, 0, 1, 0, 1, 1, 1, 1, 1, 0, 1, 0, 1, 1, 0, 1, 0]
Fitness: 1565.793554 	[9, 10, 1, 11, 0, 12, 2, 13, 0, 4, 14, 6, 7, 0, 3, 5, 15, 8, 0, 1, 1, 1, 1, 0, 0, 1, 1, 1, 0, 1, 1, 0, 1, 0]
Fitness: 1541.918052 	[12, 2, 7, 3, 10, 0, 9, 4, 0, 13, 6, 0, 14, 11, 8, 15, 1, 5, 0, 0, 1, 1, 0, 1, 0, 1, 1, 1, 1, 1, 1, 0, 1, 0]
Fitness: 1565.793554 	[7, 12, 2, 13, 0, 4, 0, 14, 6, 0, 9, 10, 1, 11, 3, 5, 15, 8, 0, 1, 0, 1, 1, 0, 0, 1, 1, 0, 1, 1, 1, 1, 1, 0]
Fitness: 1541.918052 	[12, 2, 3, 10, 0, 7, 4, 0, 13, 6, 0, 14, 11, 8, 15, 1, 9, 5, 0, 0, 1, 1, 0, 1, 1, 1, 0, 0, 1, 1, 1, 1, 1, 0]
Fitness: 1541.918052 	[12, 2, 7, 10, 0, 4, 0, 13, 6, 0, 3, 14, 11, 8, 15, 1, 9, 5, 0, 0, 1, 1, 0, 1, 1, 1, 1, 1, 1, 0, 1, 0, 1, 0]
Fitness: 1541.918052 	[12, 2, 7, 3, 0, 10, 4, 0, 13, 6, 0, 14, 11, 8, 15, 1, 9, 5, 0, 0, 1, 0, 0, 1, 1, 1, 1, 1, 1, 1, 1, 0, 1, 0]
Fitness: 1565.793554 	[11, 12, 2, 13, 0, 14, 6, 7, 0, 4, 0, 9, 10, 1, 3, 5, 15, 8, 0, 1, 0, 1, 1, 1, 1, 1, 1, 0, 1, 0, 1, 0, 1, 0]
Fitness: 1565.793554 	[4, 0, 12, 2, 13, 0, 14, 7, 0, 6, 9, 10, 1, 11, 3, 5, 15, 8, 0, 1, 1, 0, 1, 1, 0, 1, 1, 1, 0, 1, 1, 0, 1, 0]
Fitness: 1541.918052 	[12, 2, 7, 3, 0, 4, 0, 13, 6, 0, 10, 14, 11, 8, 15, 1, 9, 5, 0, 0, 1, 1, 1, 1, 0, 1, 1, 0, 1, 1, 1, 0, 1, 0]
Fitness: 1541.918052 	[4, 12, 2, 7, 3, 10, 0, 13, 6, 0, 15, 1, 9, 5, 0, 14, 11, 8, 0, 0, 1, 1, 0, 1, 1, 1, 1, 1, 1, 1, 0, 0, 1, 0]
Fitness: 1565.793554 	[4, 0, 12, 2, 0, 13, 14, 6, 7, 0, 9, 10, 1, 11, 3, 5, 15, 8, 0, 1, 1, 1, 1, 1, 0, 1, 1, 1, 0, 1, 0, 0, 1, 0]
Fitness: 1565.793554 	[4, 0, 14, 6, 7, 0, 8, 12, 2, 13, 0, 9, 10, 1, 11, 3, 5, 15, 0, 1, 0, 1, 1, 1, 0, 1, 1, 0, 1, 1, 1, 1, 0, 0]
Fitness: 1545.002933 	[4, 10, 6, 12, 7, 9, 0, 5, 15, 14, 8, 0, 1, 11, 3, 0, 2, 13, 0, 1, 1, 1, 0, 1, 0, 0, 1, 1, 1, 0, 1, 1, 1, 0]
Fitness: 1565.793554 	[4, 0, 14, 12, 2, 13, 0, 6, 7, 0, 9, 10, 1, 11, 3, 5, 15, 8, 0, 1, 0, 1, 1, 1, 1, 0, 1, 1, 0, 1, 1, 0, 1, 0]
Fitness: 1612.391329 	[1, 12, 2, 13, 0, 4, 0, 6, 0, 3, 5, 7, 8, 9, 10, 11, 14, 15, 0, 1, 0, 0, 1, 1, 1, 1, 1, 1, 0, 1, 1, 0, 1, 0]
Fitness: 1560.687894 	[15, 12, 2, 7, 3, 10, 0, 13, 6, 0, 4, 14, 11, 0, 8, 1, 9, 5, 0, 1, 0, 1, 0, 0, 1, 1, 1, 0, 1, 1, 1, 1, 1, 0]
Fitness: 1565.793554 	[12, 2, 13, 0, 4, 9, 10, 1, 0, 14, 6, 7, 0, 11, 3, 5, 15, 8, 0, 1, 0, 1, 0, 1, 0, 1, 1, 1, 0, 1, 1, 1, 1, 0]
Fitness: 1565.793554 	[12, 2, 0, 4, 0, 14, 6, 7, 0, 13, 9, 10, 1, 11, 3, 5, 15, 8, 0, 0, 0, 1, 1, 1, 0, 1, 1, 1, 1, 1, 1, 0, 1, 0]
Fitness: 1541.918052 	[12, 7, 3, 10, 0, 4, 0, 2, 13, 6, 0, 14, 11, 8, 15, 1, 9, 5, 0, 1, 1, 1, 0, 1, 1, 1, 1, 0, 1, 1, 1, 0, 0, 0]
Fitness: 1565.793554 	[12, 13, 0, 4, 0, 14, 6, 7, 0, 2, 9, 10, 1, 11, 3, 5, 15, 8, 0, 1, 0, 1, 1, 1, 0, 1, 1, 1, 1, 0, 1, 0, 1, 0]
Fitness: 1565.793554 	[4, 0, 12, 2, 13, 0, 14, 6, 0, 7, 9, 10, 1, 11, 3, 5, 15, 8, 0, 1, 0, 0, 1, 1, 0, 1, 1, 1, 1, 1, 1, 0, 1, 0]
Fitness: 1565.793554 	[4, 0, 14, 6, 7, 0, 9, 10, 1, 11, 3, 5, 15, 8, 0, 12, 2, 13, 0, 1, 0, 1, 1, 1, 0, 1, 1, 0, 1, 1, 1, 0, 1, 0]
Fitness: 1541.918052 	[12, 2, 7, 3, 10, 0, 4, 0, 14, 11, 8, 15, 1, 9, 5, 0, 13, 6, 0, 0, 1, 1, 0, 1, 1, 1, 1, 0, 1, 1, 1, 0, 1, 0]
Fitness: 1565.793554 	[4, 0, 9, 10, 1, 11, 3, 5, 15, 8, 0, 14, 6, 7, 0, 12, 2, 13, 0, 1, 0, 1, 1, 1, 0, 1, 1, 1, 0, 1, 1, 0, 1, 0]
Fitness: 1565.793554 	[4, 9, 10, 1, 0, 12, 2, 13, 0, 14, 6, 7, 0, 11, 3, 5, 15, 8, 0, 1, 0, 1, 0, 1, 0, 1, 1, 1, 0, 1, 1, 1, 1, 0]
Fitness: 1565.793554 	[9, 10, 1, 11, 3, 5, 15, 8, 0, 12, 2, 13, 0, 14, 6, 7, 0, 4, 0, 1, 0, 1, 1, 1, 0, 1, 1, 1, 0, 1, 1, 0, 1, 0]
Fitness: 1541.918052 	[14, 11, 8, 15, 1, 9, 5, 0, 4, 0, 13, 6, 0, 12, 2, 7, 3, 10, 0, 0, 1, 1, 0, 1, 1, 1, 1, 0, 1, 1, 1, 0, 1, 0]
Fitness: 1565.793554 	[4, 0, 9, 10, 1, 11, 3, 5, 15, 8, 0, 14, 6, 7, 0, 12, 2, 13, 0, 1, 0, 1, 1, 1, 0, 1, 1, 1, 0, 1, 1, 0, 1, 0]
Fitness: 1560.687894 	[15, 12, 2, 7, 3, 10, 0, 14, 11, 8, 1, 9, 5, 0, 4, 0, 13, 6, 0, 1, 0, 1, 0, 1, 1, 1, 1, 0, 1, 1, 1, 0, 1, 0]
Fitness: 1541.918052 	[4, 13, 6, 0, 1, 5, 8, 0, 12, 2, 7, 3, 10, 0, 9, 11, 14, 15, 0, 0, 1, 1, 0, 1, 1, 1, 1, 0, 1, 1, 0, 1, 1, 0]
Fitness: 1565.793554 	[4, 0, 9, 10, 1, 11, 3, 5, 15, 8, 0, 14, 6, 7, 0, 12, 2, 13, 0, 1, 0, 1, 1, 1, 0, 1, 1, 1, 0, 1, 1, 0, 1, 0]
Fitness: 1541.918052 	[12, 2, 7, 3, 10, 0, 14, 11, 8, 15, 1, 9, 5, 0, 13, 6, 0, 4, 0, 0, 1, 1, 0, 1, 1, 1, 1, 0, 1, 1, 1, 0, 1, 0]
Fitness: 1541.918052 	[12, 2, 7, 3, 10, 0, 13, 6, 0, 4, 0, 14, 11, 8, 15, 1, 9, 5, 0, 0, 1, 1, 0, 1, 1, 1, 1, 0, 1, 1, 1, 0, 1, 0]
Fitness: 1565.793554 	[4, 0, 14, 7, 0, 12, 2, 13, 0, 6, 9, 10, 1, 11, 3, 5, 15, 8, 0, 1, 1, 0, 1, 1, 0, 1, 1, 1, 0, 1, 1, 0, 1, 0]
Fitness: 1580.830519 	[4, 0, 14, 9, 3, 2, 11, 12, 15, 0, 6, 13, 0, 10, 1, 7, 5, 8, 0, 1, 0, 1, 0, 1, 0, 1, 1, 1, 0, 1, 1, 1, 1, 0]
Fitness: 1612.391329 	[12, 2, 13, 0, 4, 0, 6, 1, 0, 3, 5, 7, 8, 9, 10, 11, 14, 15, 0, 1, 0, 1, 1, 1, 0, 1, 1, 1, 0, 1, 1, 0, 1, 0]
Fitness: 1541.918052 	[14, 11, 8, 15, 1, 9, 5, 0, 4, 0, 13, 6, 0, 12, 2, 7, 3, 10, 0, 0, 1, 1, 0, 1, 1, 1, 1, 0, 1, 1, 1, 0, 1, 0]
Fitness: 1541.918052 	[1, 5, 8, 9, 11, 14, 15, 0, 4, 0, 13, 6, 0, 12, 2, 7, 3, 10, 0, 0, 1, 1, 0, 1, 1, 1, 1, 0, 1, 1, 1, 0, 1, 0]
Fitness: 1565.793554 	[12, 2, 13, 0, 14, 6, 7, 0, 4, 0, 9, 10, 1, 11, 3, 5, 15, 8, 0, 1, 0, 1, 1, 1, 0, 1, 1, 0, 1, 1, 1, 0, 1, 0]
Fitness: 1565.793554 	[4, 0, 14, 6, 7, 0, 12, 2, 13, 0, 9, 10, 1, 11, 3, 5, 15, 8, 0, 1, 0, 1, 1, 1, 0, 1, 1, 1, 0, 1, 1, 0, 1, 0]
Fitness: 1541.918052 	[1, 5, 8, 9, 11, 14, 15, 0, 4, 0, 13, 6, 0, 12, 2, 7, 3, 10, 0, 0, 1, 1, 0, 1, 1, 1, 1, 0, 1, 1, 1, 0, 1, 0]
Fitness: 1560.687894 	[14, 11, 8, 1, 9, 5, 0, 13, 6, 0, 4, 0, 15, 12, 2, 7, 3, 10, 0, 1, 0, 1, 0, 1, 1, 1, 1, 0, 1, 1, 1, 0, 1, 0]
Fitness: 1565.793554 	[4, 0, 12, 2, 13, 0, 9, 10, 1, 11, 3, 5, 15, 8, 0, 14, 6, 7, 0, 1, 0, 1, 1, 1, 0, 1, 1, 1, 0, 1, 1, 0, 1, 0]
Fitness: 1541.918052 	[1, 5, 8, 9, 11, 15, 0, 13, 6, 0, 14, 12, 2, 7, 3, 10, 0, 4, 0, 1, 1, 1, 0, 1, 1, 1, 1, 0, 0, 1, 1, 0, 1, 0]
Fitness: 1541.918052 	[12, 2, 7, 3, 10, 0, 13, 6, 0, 4, 0, 14, 11, 8, 15, 1, 9, 5, 0, 0, 1, 1, 0, 1, 1, 1, 1, 0, 1, 1, 1, 0, 1, 0]
Fitness: 1541.918052 	[12, 2, 7, 3, 10, 0, 13, 6, 0, 9, 4, 0, 14, 11, 8, 15, 1, 5, 0, 0, 1, 1, 0, 1, 0, 1, 1, 1, 1, 1, 1, 0, 1, 0]
Fitness: 1565.793554 	[9, 10, 1, 11, 3, 5, 15, 8, 0, 14, 12, 2, 13, 0, 6, 7, 0, 4, 0, 1, 0, 1, 1, 1, 1, 0, 1, 1, 0, 1, 1, 0, 1, 0]
Fitness: 1541.918052 	[4, 0, 12, 2, 7, 3, 10, 0, 13, 6, 0, 14, 11, 8, 15, 1, 9, 5, 0, 0, 1, 1, 0, 1, 1, 1, 1, 0, 1, 1, 1, 0, 1, 0]
Fitness: 1541.918052 	[1, 5, 8, 9, 11, 14, 15, 0, 4, 0, 13, 6, 0, 12, 2, 7, 3, 10, 0, 0, 1, 1, 0, 1, 1, 1, 1, 0, 1, 1, 1, 0, 1, 0]
Fitness: 1541.918052 	[12, 2, 7, 3, 10, 0, 13, 6, 0, 4, 0, 1, 5, 8, 9, 11, 14, 15, 0, 0, 1, 1, 0, 1, 1, 1, 1, 0, 1, 1, 1, 0, 1, 0]
Fitness: 1565.793554 	[14, 6, 7, 0, 4, 0, 12, 2, 13, 0, 9, 10, 1, 11, 3, 5, 15, 8, 0, 1, 0, 1, 1, 1, 0, 1, 1, 1, 0, 1, 1, 0, 1, 0]
Fitness: 1541.918052 	[12, 2, 7, 3, 10, 0, 4, 0, 14, 11, 8, 15, 1, 9, 5, 0, 13, 6, 0, 0, 1, 1, 0, 1, 1, 1, 1, 0, 1, 1, 1, 0, 1, 0]
Fitness: 1541.918052 	[12, 2, 7, 3, 10, 0, 14, 11, 8, 15, 1, 9, 5, 0, 13, 6, 0, 4, 0, 0, 1, 1, 0, 1, 1, 1, 1, 0, 1, 1, 1, 0, 1, 0]
Fitness: 1565.793554 	[9, 10, 1, 11, 3, 5, 15, 8, 0, 12, 2, 13, 0, 14, 6, 7, 0, 4, 0, 1, 0, 1, 1, 1, 0, 1, 1, 1, 0, 1, 1, 0, 1, 0]
Fitness: 1565.793554 	[4, 0, 9, 10, 1, 11, 3, 5, 15, 8, 0, 14, 6, 7, 0, 12, 2, 13, 0, 1, 0, 1, 1, 1, 0, 1, 1, 1, 0, 1, 1, 0, 1, 0]
Fitness: 1565.793554 	[12, 2, 13, 8, 9, 11, 14, 15, 0, 6, 0, 4, 0, 1, 5, 7, 3, 10, 0, 1, 0, 1, 1, 1, 0, 1, 1, 0, 1, 1, 1, 0, 1, 0]
Fitness: 1612.391329 	[12, 2, 13, 0, 4, 0, 6, 1, 0, 3, 5, 7, 8, 9, 10, 11, 14, 15, 0, 1, 0, 1, 1, 1, 0, 1, 1, 1, 0, 1, 1, 0, 1, 0]
Fitness: 1541.918052 	[12, 2, 7, 3, 10, 0, 13, 6, 0, 4, 0, 14, 11, 8, 15, 1, 9, 5, 0, 0, 1, 1, 0, 1, 1, 1, 1, 0, 1, 1, 1, 0, 1, 0]
Fitness: 1541.918052 	[2, 7, 3, 10, 0, 4, 0, 12, 1, 5, 8, 9, 11, 14, 15, 0, 13, 6, 0, 1, 1, 1, 0, 1, 1, 1, 0, 0, 1, 1, 1, 0, 1, 0]
Fitness: 1565.793554 	[9, 10, 1, 11, 0, 12, 2, 13, 0, 3, 5, 15, 8, 0, 4, 14, 6, 7, 0, 1, 1, 1, 1, 0, 0, 1, 1, 1, 0, 1, 1, 0, 1, 0]
Fitness: 1580.830519 	[10, 1, 7, 5, 8, 0, 4, 0, 6, 13, 0, 14, 9, 3, 2, 11, 12, 15, 0, 1, 0, 1, 0, 1, 0, 1, 1, 1, 0, 1, 1, 1, 1, 0]
Fitness: 1607.506940 	[4, 0, 12, 2, 7, 3, 10, 0, 13, 6, 0, 1, 5, 8, 9, 11, 14, 15, 0, 1, 0, 1, 0, 1, 1, 1, 1, 0, 1, 1, 1, 0, 1, 0]
Fitness: 1565.793554 	[9, 10, 1, 11, 3, 5, 15, 8, 0, 13, 0, 2, 12, 4, 0, 14, 6, 7, 0, 1, 0, 1, 1, 1, 0, 1, 1, 1, 0, 1, 1, 0, 1, 0]
Fitness: 1565.793554 	[12, 2, 13, 0, 4, 0, 14, 6, 7, 0, 9, 10, 1, 11, 3, 5, 15, 8, 0, 1, 0, 1, 1, 1, 0, 1, 1, 1, 0, 1, 1, 0, 1, 0]
Fitness: 1565.793554 	[12, 13, 0, 14, 6, 7, 0, 4, 0, 2, 9, 10, 1, 11, 3, 5, 15, 8, 0, 1, 0, 1, 1, 1, 0, 1, 1, 1, 1, 0, 1, 0, 1, 0]
Fitness: 1565.793554 	[4, 0, 14, 6, 7, 0, 9, 10, 1, 11, 3, 5, 15, 8, 0, 12, 2, 13, 0, 1, 0, 1, 1, 1, 0, 1, 1, 0, 1, 1, 1, 0, 1, 0]
Fitness: 1565.793554 	[12, 2, 13, 0, 4, 0, 14, 6, 7, 0, 9, 10, 1, 11, 3, 5, 15, 8, 0, 1, 0, 1, 1, 1, 0, 1, 1, 1, 0, 1, 1, 0, 1, 0]
Fitness: 1565.793554 	[14, 6, 7, 0, 4, 0, 12, 2, 13, 0, 9, 10, 1, 11, 3, 5, 15, 8, 0, 1, 0, 1, 1, 1, 0, 1, 1, 1, 0, 1, 1, 0, 1, 0]
Fitness: 1541.918052 	[12, 2, 7, 3, 10, 0, 13, 6, 0, 4, 0, 14, 11, 8, 15, 1, 9, 5, 0, 0, 1, 1, 0, 1, 1, 1, 1, 0, 1, 1, 1, 0, 1, 0]
Fitness: 1541.918052 	[4, 0, 12, 2, 7, 3, 10, 0, 13, 6, 0, 1, 5, 8, 9, 11, 14, 15, 0, 0, 1, 1, 0, 1, 1, 1, 1, 0, 1, 1, 1, 0, 1, 0]
Fitness: 1541.918052 	[4, 0, 12, 2, 7, 3, 10, 0, 13, 6, 0, 14, 11, 8, 15, 1, 9, 5, 0, 0, 1, 1, 0, 1, 1, 1, 1, 0, 1, 1, 1, 0, 1, 0]
Time: 0.40033