Fitness: 1319.016794 	[3, 12, 11, 0, 7, 8, 5, 13, 14, 10, 0, 15, 1, 9, 6, 2, 0, 4, 0, 1, 1, 0, 1, 0, 1, 0, 1, 1, 0, 1, 1, 1, 1, 0]
Fitness: 1262.192867 	[1, 8, 2, 9, 7, 3, 10, 0, 12, 0, 15, 13, 5, 14, 0, 6, 4, 11, 0, 1, 1, 0, 0, 1, 1, 1, 0, 1, 0, 1, 1, 1, 1, 0]
Fitness: 1260.267658 	[4, 0, 6, 12, 7, 0, 2, 13, 0, 9, 10, 1, 11, 3, 5, 15, 14, 8, 0, 0, 1, 1, 0, 1, 1, 1, 1, 0, 1, 1, 1, 1, 0, 0]
Fitness: 1247.477376 	[4, 0, 6, 12, 7, 9, 0, 10, 1, 11, 3, 5, 15, 14, 8, 0, 2, 13, 0, 0, 1, 1, 0, 1, 1, 1, 1, 0, 1, 0, 1, 1, 1, 0]
Fitness: 1198.735323 	[6, 0, 13, 14, 11, 8, 15, 1, 9, 5, 0, 7, 2, 12, 0, 3, 10, 4, 0, 0, 1, 1, 1, 0, 1, 1, 1, 0, 1, 1, 1, 0, 1, 0]
Fitness: 1194.854325 	[3, 10, 15, 0, 14, 4, 13, 7, 0, 6, 2, 12, 0, 11, 9, 1, 5, 8, 0, 1, 0, 1, 0, 1, 1, 1, 1, 0, 1, 1, 1, 0, 1, 0]
Fitness: 1184.012293 	[15, 10, 4, 0, 6, 8, 5, 2, 7, 0, 12, 0, 14, 11, 13, 3, 1, 9, 0, 1, 0, 1, 0, 1, 0, 1, 1, 1, 1, 0, 1, 1, 1, 0]
Fitness: 1176.559116 	[5, 1, 14, 15, 12, 0, 13, 0, 8, 2, 9, 7, 3, 10, 0, 6, 4, 11, 0, 1, 1, 0, 0, 1, 1, 1, 1, 1, 0, 1, 0, 1, 1, 0]
Fitness: 1159.609268 	[10, 4, 0, 6, 15, 8, 5, 2, 7, 0, 12, 0, 14, 11, 13, 3, 1, 9, 0, 1, 0, 1, 0, 1, 0, 1, 1, 1, 1, 1, 1, 0, 1, 0]
Fitness: 1136.086449 	[9, 15, 7, 4, 1, 0, 8, 13, 3, 11, 2, 0, 5, 6, 0, 14, 12, 10, 0, 1, 0, 1, 1, 0, 1, 0, 1, 1, 1, 1, 1, 0, 1, 0]
Fitness: 1135.060809 	[13, 15, 0, 1, 8, 9, 12, 7, 5, 4, 10, 0, 14, 2, 3, 11, 0, 6, 0, 0, 1, 0, 1, 1, 1, 0, 1, 1, 1, 0, 1, 1, 1, 0]
Fitness: 1135.060809 	[13, 15, 0, 14, 2, 3, 11, 0, 1, 8, 9, 12, 7, 5, 4, 10, 0, 6, 0, 0, 1, 0, 1, 1, 1, 0, 1, 1, 1, 0, 1, 1, 1, 0]
Fitness: 1123.135451 	[10, 15, 8, 7, 12, 5, 13, 2, 9, 0, 1, 3, 14, 0, 4, 0, 11, 6, 0, 1, 0, 1, 1, 1, 1, 0, 0, 1, 1, 1, 0, 1, 1, 0]
Fitness: 1119.976855 	[4, 10, 15, 8, 7, 12, 5, 13, 2, 9, 0, 1, 3, 14, 0, 11, 0, 6, 0, 1, 0, 1, 1, 0, 1, 1, 0, 1, 0, 1, 1, 1, 1, 0]
Fitness: 1119.493792 	[6, 12, 0, 1, 8, 2, 9, 7, 3, 10, 0, 4, 11, 0, 15, 13, 5, 14, 0, 1, 1, 1, 0, 1, 1, 1, 0, 1, 0, 1, 0, 1, 1, 0]
Fitness: 1117.716401 	[8, 2, 9, 7, 3, 10, 0, 12, 0, 6, 4, 11, 0, 15, 13, 1, 5, 14, 0, 1, 1, 0, 0, 1, 1, 1, 1, 1, 0, 1, 0, 1, 1, 0]
Fitness: 1117.716401 	[8, 2, 9, 7, 3, 10, 0, 12, 0, 6, 4, 11, 0, 15, 13, 1, 5, 14, 0, 1, 1, 0, 0, 1, 1, 1, 1, 1, 0, 1, 0, 1, 1, 0]
Fitness: 1116.461381 	[5, 0, 12, 15, 3, 13, 6, 8, 0, 2, 0, 9, 14, 1, 7, 4, 10, 11, 0, 1, 0, 1, 1, 0, 1, 1, 0, 1, 1, 1, 0, 1, 1, 0]
Fitness: 1116.461381 	[12, 15, 3, 13, 6, 8, 0, 5, 0, 2, 0, 9, 14, 1, 7, 4, 10, 11, 0, 1, 0, 1, 1, 0, 1, 1, 0, 1, 1, 1, 0, 1, 1, 0]
Fitness: 1104.289284 	[5, 1, 13, 8, 0, 14, 7, 6, 2, 15, 0, 4, 0, 3, 12, 11, 9, 10, 0, 0, 1, 1, 1, 0, 1, 0, 1, 1, 1, 1, 1, 1, 0, 0]
Fitness: 1096.763414 	[4, 0, 6, 12, 7, 9, 0, 13, 10, 1, 11, 3, 5, 15, 14, 8, 0, 2, 0, 0, 1, 1, 0, 1, 0, 1, 1, 1, 1, 0, 1, 1, 1, 0]
Fitness: 1095.199180 	[11, 0, 10, 12, 15, 14, 3, 1, 13, 7, 0, 6, 4, 0, 9, 5, 2, 8, 0, 0, 1, 1, 0, 1, 1, 1, 1, 0, 1, 1, 1, 0, 1, 0]
Fitness: 1083.305023 	[14, 6, 9, 11, 3, 8, 15, 0, 7, 10, 4, 0, 1, 5, 12, 0, 13, 2, 0, 0, 1, 0, 1, 1, 1, 1, 1, 0, 1, 1, 1, 0, 1, 0]
Fitness: 1083.305023 	[14, 6, 9, 11, 3, 8, 15, 0, 7, 10, 4, 0, 1, 5, 12, 0, 13, 2, 0, 0, 1, 0, 1, 1, 1, 1, 1, 0, 1, 1, 1, 0, 1, 0]
Fitness: 1074.002122 	[4, 0, 6, 12, 7, 9, 0, 2, 13, 0, 10, 1, 11, 3, 5, 15, 14, 8, 0, 0, 1, 1, 0, 1, 1, 1, 1, 0, 1, 0, 1, 1, 1, 0]
Fitness: 1074.002122 	[4, 0, 6, 12, 7, 9, 0, 2, 13, 0, 10, 1, 11, 3, 5, 15, 14, 8, 0, 0, 1, 1, 0, 1, 1, 1, 1, 0, 1, 0, 1, 1, 1, 0]
Fitness: 1062.251139 	[12, 14, 1, 7, 10, 6, 9, 8, 0, 4, 11, 2, 15, 0, 5, 3, 0, 13, 0, 1, 0, 0, 1, 1, 0, 1, 0, 1, 1, 1, 1, 1, 1, 0]
Fitness: 1058.929956 	[9, 2, 3, 12, 0, 5, 1, 15, 0, 7, 6, 8, 4, 0, 11, 10, 13, 14, 0, 0, 1, 1, 0, 1, 1, 0, 1, 1, 1, 1, 0, 1, 1, 0]
Fitness: 1050.940663 	[1, 8, 2, 9, 7, 3, 10, 0, 12, 0, 6, 4, 11, 0, 15, 13, 5, 14, 0, 1, 1, 0, 0, 1, 1, 1, 0, 1, 0, 1, 1, 1, 1, 0]
Fitness: 1050.940663 	[1, 8, 2, 9, 7, 3, 10, 0, 12, 0, 6, 4, 11, 0, 15, 13, 5, 14, 0, 1, 1, 0, 0, 1, 1, 1, 0, 1, 0, 1, 1, 1, 1, 0]
Fitness: 1046.714888 	[4, 0, 6, 12, 7, 9, 0, 13, 0, 2, 10, 1, 11, 3, 5, 15, 14, 8, 0, 0, 1, 1, 0, 0, 1, 1, 1, 1, 1, 0, 1, 1, 1, 0]
Fitness: 1037.694307 	[15, 10, 13, 3, 0, 7, 5, 9, 2, 14, 8, 11, 0, 4, 6, 0, 12, 1, 0, 1, 1, 0, 0, 0, 1, 1, 1, 0, 1, 1, 1, 1, 1, 0]
Fitness: 1037.694307 	[7, 5, 9, 2, 14, 8, 11, 0, 15, 10, 13, 3, 0, 4, 6, 0, 12, 1, 0, 1, 1, 0, 0, 0, 1, 1, 1, 0, 1, 1, 1, 1, 1, 0]
Fitness: 1030.702478 	[7, 5, 9, 2, 14, 8, 11, 0, 15, 10, 13, 4, 3, 0, 6, 0, 12, 1, 0, 1, 1, 0, 0, 0, 1, 1, 1, 1, 1, 0, 1, 1, 1, 0]
Fitness: 1026.428372 	[9, 15, 7, 4, 1, 0, 13, 3, 11, 2, 0, 5, 6, 8, 0, 14, 12, 10, 0, 1, 0, 1, 0, 1, 1, 0, 1, 1, 0, 1, 1, 1, 1, 0]
Fitness: 1022.584072 	[14, 4, 9, 5, 2, 0, 6, 0, 1, 13, 12, 0, 3, 7, 8, 10, 11, 15, 0, 0, 1, 0, 1, 0, 1, 1, 1, 1, 1, 1, 1, 0, 1, 0]
Fitness: 1022.584072 	[6, 0, 14, 4, 9, 5, 2, 0, 1, 13, 12, 0, 3, 7, 8, 10, 11, 15, 0, 0, 1, 0, 1, 0, 1, 1, 1, 1, 1, 1, 1, 0, 1, 0]
Fitness: 1022.584072 	[14, 4, 9, 5, 2, 0, 3, 7, 8, 10, 11, 15, 0, 1, 13, 12, 0, 6, 0, 0, 1, 0, 1, 0, 1, 1, 1, 1, 1, 1, 1, 0, 1, 0]
Fitness: 1016.727181 	[6, 8, 11, 0, 7, 10, 4, 0, 1, 5, 12, 0, 15, 13, 9, 14, 2, 3, 0, 0, 1, 0, 1, 1, 1, 1, 1, 0, 1, 1, 1, 0, 1, 0]
Fitness: 1016.079661 	[4, 0, 7, 8, 5, 13, 14, 10, 0, 15, 1, 9, 6, 2, 0, 3, 12, 11, 0, 1, 1, 0, 1, 0, 1, 0, 1, 1, 0, 1, 1, 1, 1, 0]
Fitness: 1015.794061 	[13, 12, 3, 2, 0, 1, 0, 5, 6, 10, 0, 15, 8, 7, 4, 11, 9, 14, 0, 0, 1, 1, 0, 1, 0, 1, 1, 1, 1, 0, 1, 1, 1, 0]
Fitness: 1013.127906 	[4, 15, 9, 0, 5, 6, 8, 0, 13, 1, 3, 2, 10, 7, 0, 14, 11, 12, 0, 1, 0, 1, 0, 1, 1, 0, 1, 1, 0, 1, 1, 1, 1, 0]
Fitness: 1009.222299 	[13, 1, 0, 11, 12, 3, 2, 0, 5, 14, 4, 9, 15, 8, 10, 7, 0, 6, 0, 1, 0, 1, 0, 1, 1, 1, 1, 1, 1, 0, 0, 1, 1, 0]
Fitness: 1005.980038 	[10, 15, 8, 7, 12, 5, 13, 2, 9, 0, 1, 3, 14, 0, 4, 11, 0, 6, 0, 1, 0, 1, 1, 0, 1, 0, 0, 1, 1, 1, 1, 1, 1, 0]
Fitness: 1005.980038 	[10, 15, 8, 7, 12, 5, 13, 2, 9, 0, 1, 3, 14, 0, 4, 11, 0, 6, 0, 1, 0, 1, 1, 0, 1, 0, 0, 1, 1, 1, 1, 1, 1, 0]
Fitness: 1005.818875 	[14, 2, 11, 0, 6, 3, 13, 15, 0, 7, 5, 4, 10, 0, 1, 8, 9, 12, 0, 0, 1, 1, 1, 0, 1, 1, 1, 0, 1, 0, 1, 1, 1, 0]
Fitness: 1005.818875 	[6, 3, 13, 15, 0, 14, 2, 11, 0, 7, 5, 4, 10, 0, 1, 8, 9, 12, 0, 0, 1, 1, 1, 0, 1, 1, 1, 0, 1, 0, 1, 1, 1, 0]
Fitness: 1001.135148 	[4, 0, 2, 0, 13, 10, 1, 11, 3, 5, 15, 14, 8, 0, 6, 12, 7, 9, 0, 0, 1, 1, 0, 1, 0, 1, 1, 1, 1, 0, 1, 1, 1, 0]
Fitness: 999.355735 	[6, 9, 15, 0, 7, 5, 1, 3, 8, 10, 13, 11, 2, 0, 4, 0, 14, 12, 0, 0, 1, 0, 1, 0, 1, 1, 1, 1, 1, 1, 1, 0, 1, 0]
Fitness: 997.842191 	[14, 4, 13, 7, 0, 6, 2, 12, 0, 9, 5, 15, 3, 11, 8, 1, 0, 10, 0, 1, 0, 1, 0, 1, 1, 1, 1, 0, 1, 1, 1, 0, 1, 0]
Fitness: 997.842191 	[14, 4, 13, 7, 0, 6, 2, 12, 0, 9, 5, 15, 3, 11, 8, 1, 0, 10, 0, 1, 0, 1, 0, 1, 1, 1, 1, 0, 1, 1, 1, 0, 1, 0]
Fitness: 988.868071 	[7, 8, 5, 13, 14, 10, 0, 3, 12, 11, 0, 1, 0, 4, 2, 6, 9, 15, 0, 1, 1, 0, 1, 0, 1, 0, 1, 1, 0, 1, 1, 1, 1, 0]
Fitness: 987.769139 	[6, 2, 12, 0, 14, 4, 13, 7, 0, 11, 9, 1, 5, 8, 0, 3, 10, 15, 0, 1, 0, 1, 0, 1, 1, 1, 1, 0, 1, 1, 1, 0, 1, 0]
Fitness: 986.467460 	[3, 13, 15, 0, 14, 2, 11, 0, 1, 8, 9, 12, 7, 5, 4, 10, 0, 6, 0, 0, 1, 1, 1, 1, 1, 0, 1, 0, 1, 0, 1, 1, 1, 0]
Fitness: 976.933892 	[7, 9, 5, 13, 10, 0, 6, 2, 0, 1, 15, 0, 8, 4, 12, 11, 14, 3, 0, 0, 1, 1, 1, 0, 1, 1, 1, 1, 1, 0, 0, 1, 1, 0]
Fitness: 974.782591 	[4, 2, 1, 12, 0, 7, 11, 0, 10, 13, 3, 9, 5, 0, 15, 14, 6, 8, 0, 0, 1, 1, 1, 1, 1, 1, 0, 1, 1, 0, 1, 1, 0, 0]
Fitness: 959.534576 	[1, 5, 12, 0, 7, 10, 4, 0, 6, 8, 11, 0, 15, 13, 9, 14, 2, 3, 0, 0, 1, 0, 1, 1, 1, 1, 1, 0, 1, 1, 1, 0, 1, 0]
Fitness: 957.328829 	[6, 11, 9, 0, 15, 4, 14, 0, 2, 10, 12, 7, 0, 5, 8, 13, 1, 3, 0, 1, 0, 1, 0, 1, 0, 1, 1, 1, 1, 1, 0, 1, 1, 0]
Fitness: 940.861057 	[5, 6, 8, 0, 13, 3, 11, 2, 0, 4, 15, 9, 0, 12, 10, 7, 14, 1, 0, 1, 0, 1, 0, 1, 1, 0, 1, 1, 0, 1, 1, 1, 1, 0]
Fitness: 940.861057 	[5, 6, 8, 0, 4, 15, 9, 0, 13, 3, 11, 2, 0, 12, 10, 7, 14, 1, 0, 1, 0, 1, 0, 1, 1, 0, 1, 1, 0, 1, 1, 1, 1, 0]
Fitness: 939.396233 	[12, 11, 5, 9, 0, 4, 8, 14, 0, 7, 2, 6, 15, 3, 10, 0, 13, 1, 0, 1, 1, 0, 0, 1, 1, 1, 0, 1, 1, 0, 1, 1, 1, 0]
Fitness: 939.396233 	[12, 11, 5, 9, 0, 4, 8, 14, 0, 7, 2, 6, 15, 3, 10, 0, 13, 1, 0, 1, 1, 0, 0, 1, 1, 1, 0, 1, 1, 0, 1, 1, 1, 0]
Fitness: 939.082196 	[5, 3, 0, 13, 0, 12, 14, 1, 7, 10, 6, 9, 8, 0, 4, 11, 2, 15, 0, 1, 0, 0, 1, 1, 0, 1, 0, 1, 1, 1, 1, 1, 1, 0]
Fitness: 939.082196 	[5, 3, 0, 13, 0, 12, 14, 1, 7, 10, 6, 9, 8, 0, 4, 11, 2, 15, 0, 1, 0, 0, 1, 1, 0, 1, 0, 1, 1, 1, 1, 1, 1, 0]
Fitness: 939.082196 	[5, 3, 0, 13, 0, 12, 14, 1, 7, 10, 6, 9, 8, 0, 4, 11, 2, 15, 0, 1, 0, 0, 1, 1, 0, 1, 0, 1, 1, 1, 1, 1, 1, 0]
Fitness: 933.721273 	[6, 2, 12, 0, 14, 4, 13, 7, 0, 3, 10, 15, 0, 11, 9, 1, 5, 8, 0, 1, 0, 1, 0, 1, 1, 1, 1, 0, 1, 1, 1, 0, 1, 0]
Fitness: 929.743422 	[12, 14, 1, 7, 10, 6, 9, 8, 0, 13, 0, 5, 3, 0, 4, 11, 2, 15, 0, 1, 0, 0, 1, 1, 0, 1, 0, 1, 1, 1, 1, 1, 1, 0]
Fitness: 928.818203 	[15, 10, 13, 3, 0, 7, 5, 9, 2, 14, 8, 11, 0, 4, 6, 0, 12, 1, 0, 1, 1, 0, 0, 0, 1, 1, 0, 1, 1, 1, 1, 1, 1, 0]
Fitness: 924.886663 	[1, 8, 2, 9, 7, 3, 0, 10, 12, 0, 6, 4, 11, 0, 15, 13, 5, 14, 0, 1, 0, 0, 1, 1, 1, 1, 0, 1, 0, 1, 1, 1, 1, 0]
Fitness: 923.260437 	[9, 4, 8, 3, 11, 2, 5, 10, 0, 13, 7, 0, 1, 6, 14, 0, 15, 12, 0, 1, 0, 1, 1, 0, 1, 1, 1, 0, 0, 1, 1, 1, 1, 0]
Fitness: 922.943115 	[5, 4, 8, 10, 6, 0, 7, 2, 9, 0, 3, 1, 13, 12, 0, 14, 15, 11, 0, 1, 1, 0, 1, 0, 1, 1, 0, 1, 1, 1, 1, 0, 1, 0]
Fitness: 920.855859 	[1, 0, 2, 10, 3, 9, 7, 0, 14, 6, 4, 13, 0, 8, 15, 11, 5, 12, 0, 1, 1, 1, 0, 1, 0, 1, 1, 0, 1, 1, 1, 0, 1, 0]
Fitness: 920.505853 	[11, 4, 6, 8, 12, 0, 5, 13, 15, 0, 1, 0, 2, 10, 3, 9, 7, 14, 0, 1, 1, 1, 0, 1, 0, 1, 1, 0, 1, 1, 1, 0, 1, 0]
Fitness: 915.901375 	[6, 11, 9, 0, 15, 4, 14, 0, 2, 10, 12, 5, 7, 0, 8, 13, 1, 3, 0, 1, 0, 1, 0, 1, 0, 1, 1, 1, 0, 1, 1, 1, 1, 0]
Fitness: 915.608595 	[5, 0, 6, 0, 13, 15, 0, 4, 1, 11, 3, 2, 8, 7, 9, 10, 12, 14, 0, 0, 1, 0, 1, 1, 1, 0, 1, 1, 1, 0, 1, 1, 1, 0]
Fitness: 915.608595 	[5, 0, 6, 0, 13, 15, 0, 4, 1, 11, 3, 2, 8, 7, 9, 10, 12, 14, 0, 0, 1, 0, 1, 1, 1, 0, 1, 1, 1, 0, 1, 1, 1, 0]
Fitness: 913.116939 	[12, 3, 2, 0, 4, 5, 0, 14, 6, 0, 13, 10, 9, 1, 7, 8, 11, 15, 0, 1, 1, 1, 0, 1, 0, 1, 0, 1, 1, 1, 0, 1, 1, 0]
Fitness: 893.542225 	[10, 4, 6, 7, 0, 5, 2, 14, 9, 12, 11, 8, 0, 13, 0, 15, 1, 3, 0, 0, 1, 1, 1, 1, 1, 1, 0, 1, 1, 0, 1, 1, 0, 0]
Fitness: 890.507776 	[8, 10, 7, 9, 0, 15, 13, 1, 5, 14, 0, 2, 3, 12, 0, 6, 4, 11, 0, 1, 1, 0, 0, 1, 1, 1, 1, 1, 0, 1, 0, 1, 1, 0]
Fitness: 889.830795 	[4, 0, 7, 8, 5, 13, 14, 10, 0, 15, 1, 9, 6, 2, 0, 3, 12, 11, 0, 1, 1, 0, 1, 0, 1, 0, 1, 1, 1, 1, 1, 0, 1, 0]
Fitness: 889.820678 	[12, 3, 2, 0, 5, 6, 10, 0, 13, 1, 0, 15, 8, 7, 4, 11, 9, 14, 0, 0, 0, 1, 0, 1, 1, 1, 1, 1, 1, 0, 1, 1, 1, 0]
Fitness: 889.820678 	[12, 3, 2, 0, 5, 6, 10, 0, 13, 1, 0, 15, 8, 7, 4, 11, 9, 14, 0, 0, 0, 1, 0, 1, 1, 1, 1, 1, 1, 0, 1, 1, 1, 0]
Fitness: 886.912733 	[8, 12, 3, 2, 0, 13, 1, 0, 5, 6, 10, 0, 15, 7, 4, 11, 9, 14, 0, 0, 0, 1, 1, 0, 1, 1, 1, 1, 1, 0, 1, 1, 1, 0]
Fitness: 884.791118 	[6, 11, 9, 0, 4, 14, 0, 2, 15, 10, 12, 5, 7, 0, 8, 13, 1, 3, 0, 1, 0, 1, 1, 1, 0, 1, 0, 1, 0, 1, 1, 1, 1, 0]
Fitness: 883.190622 	[10, 13, 6, 7, 0, 4, 0, 15, 1, 3, 0, 5, 2, 14, 9, 12, 11, 8, 0, 0, 1, 1, 1, 1, 1, 1, 0, 1, 1, 0, 1, 1, 0, 0]
Fitness: 881.220969 	[13, 15, 0, 10, 14, 2, 3, 11, 0, 1, 8, 9, 12, 7, 5, 4, 0, 6, 0, 0, 1, 1, 1, 1, 1, 0, 1, 1, 1, 0, 0, 1, 1, 0]
Fitness: 871.365017 	[6, 0, 11, 0, 8, 4, 9, 1, 14, 3, 12, 13, 10, 5, 0, 7, 2, 15, 0, 1, 0, 1, 0, 1, 1, 0, 1, 0, 1, 1, 1, 1, 1, 0]
Fitness: 870.854948 	[15, 8, 7, 4, 11, 9, 14, 0, 12, 3, 2, 0, 5, 6, 10, 0, 13, 1, 0, 0, 0, 1, 0, 1, 1, 1, 1, 1, 1, 0, 1, 1, 1, 0]
Fitness: 869.175211 	[1, 12, 3, 2, 0, 5, 6, 10, 0, 13, 0, 15, 8, 7, 4, 11, 9, 14, 0, 0, 0, 1, 1, 1, 1, 1, 0, 1, 1, 0, 1, 1, 1, 0]
Fitness: 867.057990 	[4, 12, 11, 0, 13, 8, 3, 15, 7, 0, 10, 9, 1, 0, 5, 6, 2, 14, 0, 1, 1, 1, 0, 1, 1, 1, 0, 0, 1, 1, 0, 1, 1, 0]
Fitness: 865.335910 	[11, 4, 6, 8, 12, 0, 2, 10, 3, 9, 7, 14, 0, 1, 0, 5, 13, 15, 0, 1, 1, 1, 0, 1, 0, 1, 1, 0, 1, 1, 1, 0, 1, 0]
Fitness: 861.558050 	[5, 0, 10, 12, 0, 3, 14, 1, 7, 13, 6, 9, 8, 0, 4, 11, 2, 15, 0, 0, 1, 1, 1, 0, 1, 1, 1, 1, 1, 0, 1, 0, 1, 0]
Fitness: 859.378846 	[8, 2, 9, 7, 3, 10, 0, 12, 0, 6, 11, 0, 4, 15, 13, 1, 5, 14, 0, 1, 1, 0, 0, 0, 1, 1, 1, 1, 0, 1, 1, 1, 1, 0]
Fitness: 859.378846 	[8, 2, 9, 7, 3, 10, 0, 12, 0, 4, 15, 13, 1, 5, 14, 0, 6, 11, 0, 1, 1, 0, 0, 0, 1, 1, 1, 1, 0, 1, 1, 1, 1, 0]
Fitness: 853.593677 	[14, 8, 11, 4, 0, 2, 9, 0, 15, 5, 12, 13, 1, 3, 0, 6, 7, 10, 0, 1, 0, 1, 1, 1, 0, 1, 0, 1, 1, 1, 1, 0, 1, 0]
Fitness: 849.638243 	[1, 8, 2, 9, 7, 3, 10, 0, 6, 12, 0, 4, 11, 0, 15, 13, 5, 14, 0, 1, 1, 1, 0, 1, 1, 1, 0, 1, 0, 1, 0, 1, 1, 0]
Fitness: 849.628393 	[11, 10, 12, 13, 5, 15, 0, 3, 14, 9, 0, 7, 8, 0, 1, 6, 2, 4, 0, 0, 1, 1, 1, 0, 1, 1, 0, 1, 1, 0, 1, 1, 1, 0]
Fitness: 849.628393 	[11, 10, 12, 13, 5, 15, 0, 3, 14, 9, 0, 7, 8, 0, 1, 6, 2, 4, 0, 0, 1, 1, 1, 0, 1, 1, 0, 1, 1, 0, 1, 1, 1, 0]
Fitness: 849.628393 	[11, 10, 12, 13, 5, 15, 0, 3, 14, 9, 0, 7, 8, 0, 1, 6, 2, 4, 0, 0, 1, 1, 1, 0, 1, 1, 0, 1, 1, 0, 1, 1, 1, 0]
Fitness: 848.597378 	[6, 7, 10, 0, 2, 9, 0, 15, 5, 12, 13, 1, 3, 0, 14, 8, 11, 4, 0, 1, 0, 1, 1, 1, 0, 1, 0, 1, 1, 1, 1, 0, 1, 0]
Fitness: 940.861057 	[5, 6, 8, 0, 4, 15, 9, 0, 13, 3, 11, 2, 0, 12, 10, 7, 14, 1, 0, 1, 0, 1, 0, 1, 1, 0, 1, 1, 0, 1, 1, 1, 1, 0]
Fitness: 870.854948 	[15, 8, 7, 4, 11, 9, 14, 0, 12, 3, 2, 0, 5, 6, 10, 0, 13, 1, 0, 0, 0, 1, 0, 1, 1, 1, 1, 1, 1, 0, 1, 1, 1, 0]
Fitness: 940.861057 	[2, 8, 3, 5, 11, 6, 0, 4, 15, 9, 0, 12, 10, 7, 14, 1, 0, 13, 0, 1, 0, 1, 0, 1, 1, 0, 1, 1, 0, 1, 1, 1, 1, 0]
Fitness: 1001.135148 	[4, 0, 2, 0, 13, 10, 1, 11, 3, 5, 15, 14, 8, 0, 6, 12, 7, 9, 0, 0, 1, 1, 1, 0, 1, 0, 0, 1, 1, 1, 1, 1, 1, 0]
Fitness: 1005.980038 	[10, 15, 8, 7, 12, 5, 13, 2, 9, 0, 1, 3, 14, 0, 4, 11, 0, 6, 0, 1, 0, 1, 1, 0, 1, 0, 0, 1, 1, 1, 1, 1, 1, 0]
Fitness: 1001.135148 	[7, 12, 2, 9, 0, 4, 0, 13, 10, 1, 11, 3, 5, 15, 14, 8, 0, 6, 0, 0, 1, 1, 0, 1, 0, 1, 1, 1, 1, 0, 1, 1, 1, 0]
Fitness: 884.791118 	[6, 11, 9, 0, 4, 14, 0, 2, 15, 10, 12, 5, 7, 0, 8, 13, 1, 3, 0, 1, 0, 1, 1, 1, 0, 1, 0, 1, 0, 1, 1, 1, 1, 0]
Fitness: 861.558050 	[5, 0, 10, 12, 0, 3, 14, 1, 7, 13, 6, 9, 8, 0, 4, 11, 2, 15, 0, 0, 1, 1, 1, 0, 1, 1, 1, 1, 1, 0, 1, 0, 1, 0]
Fitness: 884.791118 	[9, 0, 8, 13, 1, 3, 0, 2, 15, 10, 12, 5, 7, 0, 4, 11, 6, 14, 0, 1, 0, 1, 1, 1, 0, 1, 0, 1, 0, 1, 1, 1, 1, 0]
Fitness: 1058.929956 	[9, 2, 3, 12, 0, 5, 1, 15, 0, 7, 6, 8, 4, 0, 11, 10, 13, 14, 0, 0, 1, 1, 0, 1, 0, 1, 0, 1, 1, 1, 1, 1, 1, 0]
Fitness: 848.597378 	[6, 7, 10, 0, 2, 9, 0, 15, 5, 12, 13, 1, 3, 0, 14, 8, 11, 4, 0, 1, 0, 1, 1, 1, 0, 1, 0, 1, 1, 1, 1, 0, 1, 0]
Fitness: 1058.929956 	[1, 3, 5, 0, 2, 9, 0, 7, 6, 8, 4, 0, 11, 10, 13, 14, 12, 15, 0, 0, 1, 1, 0, 1, 1, 0, 1, 1, 1, 1, 0, 1, 1, 0]
Fitness: 1015.794061 	[13, 12, 3, 2, 0, 1, 0, 5, 6, 10, 0, 15, 8, 7, 4, 11, 9, 14, 0, 0, 1, 1, 0, 0, 1, 0, 1, 1, 1, 1, 1, 1, 1, 0]
Fitness: 1136.086449 	[9, 15, 7, 4, 1, 0, 8, 13, 3, 11, 2, 0, 5, 6, 0, 14, 12, 10, 0, 1, 0, 1, 1, 0, 1, 0, 1, 1, 1, 1, 1, 0, 1, 0]
Fitness: 1015.794061 	[1, 0, 5, 6, 10, 0, 2, 3, 0, 14, 12, 4, 7, 8, 9, 11, 13, 15, 0, 0, 1, 1, 0, 1, 0, 1, 1, 1, 1, 0, 1, 1, 1, 0]
Fitness: 890.507776 	[5, 14, 1, 7, 10, 15, 9, 8, 0, 13, 0, 6, 4, 11, 0, 2, 3, 12, 0, 1, 1, 0, 0, 1, 1, 1, 1, 1, 0, 1, 0, 1, 1, 0]
Fitness: 1005.980038 	[10, 15, 8, 7, 12, 5, 13, 2, 9, 0, 1, 3, 14, 0, 4, 11, 0, 6, 0, 1, 0, 1, 0, 1, 1, 0, 0, 1, 1, 1, 1, 1, 1, 0]
Fitness: 1074.002122 	[4, 0, 6, 12, 7, 9, 0, 2, 13, 0, 10, 1, 11, 3, 5, 15, 14, 8, 0, 0, 1, 1, 0, 1, 1, 1, 1, 0, 1, 0, 1, 1, 1, 0]
Fitness: 1005.980038 	[10, 15, 8, 7, 12, 5, 13, 2, 9, 0, 4, 11, 0, 6, 0, 1, 3, 14, 0, 1, 0, 1, 1, 0, 1, 0, 0, 1, 1, 1, 1, 1, 1, 0]
Fitness: 1030.702478 	[12, 1, 0, 7, 5, 9, 2, 14, 8, 11, 0, 10, 3, 0, 13, 6, 15, 4, 0, 1, 1, 0, 0, 0, 1, 1, 1, 1, 1, 0, 1, 1, 1, 0]
Fitness: 1116.461381 	[12, 15, 3, 13, 6, 8, 0, 5, 0, 2, 0, 9, 14, 1, 7, 4, 10, 11, 0, 1, 0, 1, 1, 0, 1, 1, 0, 1, 1, 1, 0, 1, 1, 0]
Fitness: 1005.818875 	[6, 3, 13, 15, 0, 14, 2, 11, 0, 7, 5, 4, 10, 0, 1, 8, 9, 12, 0, 0, 1, 1, 1, 0, 1, 1, 1, 0, 1, 0, 1, 1, 1, 0]
Fitness: 1116.461381 	[6, 3, 13, 15, 0, 8, 2, 12, 0, 5, 0, 9, 14, 1, 7, 4, 10, 11, 0, 1, 0, 1, 1, 0, 1, 1, 0, 1, 1, 1, 0, 1, 1, 0]
Fitness: 1016.079661 	[4, 0, 7, 8, 5, 13, 14, 10, 0, 15, 1, 9, 6, 2, 0, 3, 12, 11, 0, 1, 1, 0, 1, 0, 1, 0, 1, 1, 0, 1, 1, 1, 1, 0]
Fitness: 1095.199180 	[11, 0, 10, 12, 15, 14, 3, 1, 13, 7, 0, 6, 4, 0, 9, 5, 2, 8, 0, 0, 1, 1, 0, 1, 1, 1, 1, 0, 1, 1, 1, 0, 1, 0]
Fitness: 1016.079661 	[7, 8, 5, 13, 14, 10, 0, 4, 0, 6, 1, 0, 9, 3, 2, 11, 12, 15, 0, 1, 1, 0, 1, 0, 1, 0, 1, 1, 0, 1, 1, 1, 1, 0]
Fitness: 986.467460 	[3, 13, 15, 0, 14, 2, 11, 0, 1, 8, 9, 12, 7, 5, 4, 10, 0, 6, 0, 0, 1, 1, 1, 1, 1, 0, 1, 0, 1, 0, 1, 1, 1, 0]
Fitness: 1198.735323 	[6, 0, 13, 14, 11, 8, 15, 1, 9, 5, 0, 7, 2, 12, 0, 3, 10, 4, 0, 0, 1, 1, 1, 0, 1, 1, 1, 0, 1, 1, 1, 0, 1, 0]
Fitness: 986.467460 	[1, 0, 6, 0, 3, 13, 15, 0, 2, 10, 4, 5, 7, 8, 9, 11, 12, 14, 0, 0, 1, 1, 1, 1, 1, 0, 1, 0, 1, 0, 1, 1, 1, 0]
Fitness: 957.328829 	[13, 15, 0, 6, 11, 9, 0, 2, 10, 12, 7, 0, 1, 3, 4, 5, 8, 14, 0, 1, 0, 1, 0, 1, 0, 1, 1, 1, 1, 1, 0, 1, 1, 0]
Fitness: 999.355735 	[6, 9, 15, 0, 7, 5, 1, 3, 8, 10, 13, 11, 2, 0, 4, 0, 14, 12, 0, 0, 1, 0, 1, 0, 1, 1, 1, 1, 0, 1, 1, 1, 1, 0]
Fitness: 1026.428372 	[9, 15, 7, 4, 1, 0, 13, 3, 11, 2, 0, 5, 6, 8, 0, 14, 12, 10, 0, 1, 0, 1, 0, 1, 1, 0, 1, 1, 0, 1, 1, 1, 1, 0]
Fitness: 999.355735 	[9, 15, 7, 8, 1, 0, 13, 3, 11, 2, 0, 14, 12, 0, 4, 10, 5, 6, 0, 0, 1, 0, 1, 0, 1, 1, 1, 1, 1, 1, 1, 0, 1, 0]
Fitness: 997.842191 	[14, 4, 13, 7, 0, 6, 2, 12, 0, 9, 5, 15, 3, 11, 8, 1, 0, 10, 0, 1, 0, 1, 0, 1, 1, 1, 1, 0, 1, 1, 1, 0, 1, 0]
Fitness: 920.855859 	[1, 0, 2, 10, 3, 9, 7, 0, 14, 6, 4, 13, 0, 8, 15, 11, 5, 12, 0, 1, 1, 1, 0, 1, 0, 1, 1, 0, 1, 1, 1, 0, 1, 0]
Fitness: 997.842191 	[1, 0, 8, 10, 3, 9, 11, 0, 6, 2, 12, 0, 14, 4, 13, 7, 5, 15, 0, 1, 0, 1, 0, 1, 1, 1, 1, 0, 1, 1, 1, 0, 1, 0]
Fitness: 1260.267658 	[4, 0, 6, 12, 7, 0, 2, 13, 0, 9, 10, 1, 11, 3, 5, 15, 14, 8, 0, 0, 1, 1, 0, 1, 1, 1, 1, 0, 1, 1, 1, 1, 0, 0]
Fitness: 893.542225 	[10, 4, 6, 7, 0, 5, 2, 14, 9, 12, 11, 8, 0, 13, 0, 15, 1, 3, 0, 0, 1, 1, 1, 1, 1, 1, 0, 1, 1, 0, 1, 1, 0, 0]
Fitness: 1260.267658 	[10, 1, 3, 13, 0, 5, 2, 14, 9, 15, 11, 8, 0, 4, 0, 6, 12, 7, 0, 0, 1, 1, 0, 1, 1, 1, 1, 0, 1, 1, 1, 1, 0, 0]
Fitness: 849.638243 	[1, 8, 2, 9, 7, 3, 10, 0, 6, 12, 0, 4, 11, 0, 15, 13, 5, 14, 0, 1, 1, 0, 1, 0, 1, 1, 1, 1, 0, 1, 0, 1, 1, 0]
Fitness: 1022.584072 	[14, 4, 9, 5, 2, 0, 6, 0, 1, 13, 12, 0, 3, 7, 8, 10, 11, 15, 0, 0, 1, 0, 1, 0, 1, 1, 1, 1, 1, 1, 1, 0, 1, 0]
Fitness: 849.638243 	[15, 13, 5, 14, 0, 6, 12, 0, 1, 9, 2, 0, 3, 7, 8, 10, 11, 4, 0, 1, 1, 1, 0, 1, 1, 1, 0, 1, 0, 1, 0, 1, 1, 0]
Fitness: 869.175211 	[1, 12, 3, 2, 0, 5, 6, 10, 0, 13, 0, 15, 8, 7, 4, 11, 9, 14, 0, 0, 0, 1, 1, 1, 1, 1, 0, 1, 1, 0, 1, 1, 1, 0]
Fitness: 889.820678 	[12, 3, 2, 0, 5, 6, 10, 0, 13, 1, 0, 15, 8, 7, 4, 11, 9, 14, 0, 0, 0, 1, 0, 1, 1, 1, 1, 1, 1, 0, 1, 1, 1, 0]
Fitness: 869.175211 	[12, 3, 2, 0, 1, 4, 7, 0, 13, 0, 5, 6, 10, 8, 9, 11, 14, 15, 0, 0, 0, 1, 1, 1, 1, 1, 0, 1, 1, 0, 1, 1, 1, 0]
Fitness: 889.830795 	[4, 0, 7, 8, 5, 13, 14, 10, 0, 15, 1, 9, 6, 2, 0, 3, 12, 11, 0, 1, 0, 1, 0, 1, 1, 0, 1, 1, 1, 1, 1, 0, 1, 0]
Fitness: 1184.012293 	[15, 10, 4, 0, 6, 8, 5, 2, 7, 0, 12, 0, 14, 11, 13, 3, 1, 9, 0, 1, 0, 1, 0, 1, 0, 1, 1, 1, 1, 0, 1, 1, 1, 0]
Fitness: 889.830795 	[15, 2, 12, 0, 7, 8, 5, 13, 14, 10, 0, 4, 0, 6, 11, 3, 1, 9, 0, 1, 1, 0, 1, 0, 1, 0, 1, 1, 1, 1, 1, 0, 1, 0]
Fitness: 1117.716401 	[8, 2, 9, 7, 3, 10, 0, 12, 0, 6, 4, 11, 0, 15, 13, 1, 5, 14, 0, 1, 1, 0, 0, 1, 1, 1, 1, 1, 0, 0, 1, 1, 1, 0]
Fitness: 939.396233 	[12, 11, 5, 9, 0, 4, 8, 14, 0, 7, 2, 6, 15, 3, 10, 0, 13, 1, 0, 1, 1, 0, 0, 1, 1, 1, 0, 1, 1, 0, 1, 1, 1, 0]
Fitness: 1117.716401 	[12, 14, 5, 15, 0, 6, 4, 11, 0, 8, 2, 9, 7, 3, 10, 0, 13, 1, 0, 1, 1, 0, 0, 1, 1, 1, 1, 1, 0, 1, 0, 1, 1, 0]
Fitness: 871.365017 	[3, 10, 12, 13, 5, 15, 0, 6, 0, 11, 0, 1, 7, 2, 4, 8, 9, 14, 0, 1, 0, 1, 0, 1, 1, 0, 1, 0, 1, 1, 1, 1, 1, 0]
Fitness: 1135.060809 	[13, 15, 0, 1, 8, 9, 12, 7, 5, 4, 10, 0, 14, 2, 3, 11, 0, 6, 0, 0, 1, 0, 1, 1, 1, 0, 1, 1, 1, 0, 1, 1, 1, 0]
Fitness: 1319.016794 	[3, 12, 11, 0, 7, 8, 5, 13, 14, 10, 0, 15, 1, 9, 6, 2, 0, 4, 0, 1, 1, 0, 1, 0, 1, 0, 1, 1, 0, 1, 1, 1, 1, 0]
Fitness: 1135.060809 	[1, 12, 4, 0, 7, 8, 5, 6, 9, 10, 0, 14, 2, 3, 11, 0, 13, 15, 0, 0, 1, 0, 1, 1, 1, 0, 1, 1, 1, 0, 1, 1, 1, 0]
Fitness: 881.220969 	[13, 15, 0, 10, 14, 2, 3, 11, 0, 1, 8, 9, 12, 7, 5, 4, 0, 6, 0, 1, 1, 0, 0, 1, 1, 1, 0, 1, 0, 1, 1, 1, 1, 0]
Fitness: 1050.940663 	[1, 8, 2, 9, 7, 3, 10, 0, 12, 0, 6, 4, 11, 0, 15, 13, 5, 14, 0, 1, 1, 0, 0, 1, 1, 1, 0, 1, 0, 1, 1, 1, 1, 0]
Fitness: 881.220969 	[6, 0, 10, 14, 2, 3, 11, 0, 1, 4, 7, 0, 15, 13, 5, 8, 9, 12, 0, 0, 1, 1, 1, 1, 1, 0, 1, 1, 1, 0, 0, 1, 1, 0]
Fitness: 939.082196 	[5, 3, 0, 13, 0, 12, 14, 1, 7, 10, 6, 9, 8, 0, 4, 11, 2, 15, 0, 1, 0, 0, 1, 1, 0, 1, 0, 1, 1, 1, 1, 1, 1, 0]
Fitness: 913.116939 	[12, 3, 2, 0, 4, 5, 0, 14, 6, 0, 13, 10, 9, 1, 7, 8, 11, 15, 0, 1, 1, 1, 0, 1, 0, 1, 0, 1, 1, 1, 0, 1, 1, 0]
Fitness: 939.082196 	[4, 11, 2, 15, 0, 13, 0, 14, 6, 0, 3, 10, 9, 1, 7, 8, 12, 5, 0, 1, 0, 0, 1, 1, 0, 1, 0, 1, 1, 1, 1, 1, 1, 0]
Fitness: 1123.135451 	[10, 15, 8, 7, 12, 5, 13, 2, 9, 0, 1, 3, 14, 0, 4, 0, 11, 6, 0, 1, 0, 1, 1, 1, 1, 0, 0, 1, 1, 1, 0, 1, 1, 0]
Fitness: 1083.305023 	[14, 6, 9, 11, 3, 8, 15, 0, 7, 10, 4, 0, 1, 5, 12, 0, 13, 2, 0, 0, 1, 0, 1, 1, 1, 1, 1, 0, 1, 1, 1, 0, 1, 0]
Fitness: 1123.135451 	[1, 3, 14, 0, 4, 0, 6, 5, 12, 0, 13, 2, 7, 8, 9, 10, 11, 15, 0, 1, 0, 1, 1, 1, 1, 0, 0, 1, 1, 1, 0, 1, 1, 0]
Fitness: 939.082196 	[5, 3, 0, 13, 0, 12, 14, 1, 7, 10, 6, 9, 8, 0, 4, 11, 2, 15, 0, 1, 0, 0, 1, 1, 0, 0, 1, 1, 1, 1, 1, 1, 1, 0]
Fitness: 915.608595 	[5, 0, 6, 0, 13, 15, 0, 4, 1, 11, 3, 2, 8, 7, 9, 10, 12, 14, 0, 0, 1, 0, 1, 1, 1, 0, 1, 1, 1, 0, 1, 1, 1, 0]
Fitness: 939.082196 	[4, 11, 2, 15, 0, 13, 0, 5, 6, 0, 1, 3, 8, 7, 9, 10, 12, 14, 0, 1, 0, 0, 1, 1, 0, 1, 0, 1, 1, 1, 1, 1, 1, 0]
Fitness: 870.854948 	[15, 8, 4, 11, 9, 14, 0, 7, 12, 3, 2, 0, 5, 6, 10, 0, 13, 1, 0, 0, 0, 1, 0, 1, 1, 0, 1, 1, 1, 1, 1, 1, 1, 0]
Fitness: 1117.716401 	[12, 14, 15, 0, 6, 4, 11, 0, 8, 2, 9, 7, 3, 10, 0, 5, 13, 1, 0, 1, 1, 1, 0, 0, 1, 1, 1, 1, 0, 1, 0, 1, 1, 0]
Fitness: 1015.794061 	[6, 1, 0, 5, 10, 0, 2, 3, 0, 14, 12, 4, 7, 8, 9, 11, 13, 15, 0, 0, 1, 1, 0, 1, 0, 0, 1, 1, 1, 1, 1, 1, 1, 0]
Fitness: 1030.702478 	[10, 12, 1, 0, 7, 5, 9, 2, 14, 8, 11, 0, 3, 0, 13, 6, 15, 4, 0, 1, 1, 0, 1, 0, 1, 1, 1, 1, 1, 0, 1, 0, 1, 0]
Fitness: 1016.079661 	[4, 7, 8, 0, 5, 13, 14, 10, 0, 15, 1, 9, 6, 2, 0, 3, 12, 11, 0, 1, 1, 0, 1, 0, 1, 1, 1, 1, 0, 1, 0, 1, 1, 0]
Fitness: 1159.609268 	[4, 0, 10, 6, 15, 8, 5, 2, 7, 0, 12, 0, 14, 11, 13, 3, 1, 9, 0, 1, 0, 1, 0, 1, 0, 1, 0, 1, 1, 1, 1, 1, 1, 0]
Fitness: 1058.929956 	[5, 9, 2, 3, 12, 0, 1, 15, 0, 7, 6, 8, 4, 0, 11, 10, 13, 14, 0, 1, 1, 1, 0, 1, 0, 1, 0, 1, 1, 1, 1, 0, 1, 0]
Fitness: 881.220969 	[11, 13, 15, 0, 10, 14, 2, 3, 0, 1, 8, 9, 12, 7, 5, 4, 0, 6, 0, 1, 1, 0, 0, 1, 1, 0, 1, 1, 0, 1, 1, 1, 1, 0]
Fitness: 997.842191 	[14, 1, 0, 8, 10, 3, 9, 11, 0, 6, 2, 12, 0, 4, 13, 7, 5, 15, 0, 1, 0, 1, 0, 1, 0, 1, 1, 1, 1, 1, 1, 0, 1, 0]
Fitness: 881.220969 	[14, 6, 0, 10, 2, 3, 11, 0, 1, 4, 7, 0, 15, 13, 5, 8, 9, 12, 0, 0, 1, 1, 1, 1, 1, 0, 1, 1, 1, 0, 1, 1, 0, 0]
Fitness: 1022.584072 	[14, 6, 0, 4, 9, 5, 2, 0, 1, 13, 12, 0, 3, 7, 8, 10, 11, 15, 0, 1, 1, 0, 1, 0, 1, 0, 1, 1, 1, 1, 1, 0, 1, 0]
Fitness: 959.534576 	[1, 12, 0, 5, 7, 10, 4, 0, 6, 8, 11, 0, 15, 13, 9, 14, 2, 3, 0, 1, 1, 0, 1, 1, 1, 1, 1, 0, 1, 1, 1, 0, 0, 0]
Fitness: 1184.012293 	[7, 15, 10, 4, 0, 6, 8, 5, 2, 0, 12, 0, 14, 11, 13, 3, 1, 9, 0, 1, 0, 1, 0, 1, 0, 1, 1, 1, 1, 1, 0, 1, 1, 0]
Fitness: 1116.461381 	[12, 15, 3, 13, 6, 8, 0, 5, 9, 14, 1, 0, 2, 0, 7, 4, 10, 11, 0, 1, 0, 1, 1, 0, 1, 1, 1, 1, 1, 1, 0, 1, 0, 0]
Fitness: 999.355735 	[9, 15, 0, 6, 7, 5, 1, 3, 8, 10, 13, 11, 2, 0, 4, 0, 14, 12, 0, 1, 0, 0, 1, 0, 1, 1, 1, 1, 0, 1, 1, 1, 1, 0]
Fitness: 1136.086449 	[9, 7, 4, 1, 0, 8, 13, 3, 11, 2, 0, 5, 6, 0, 15, 14, 12, 10, 0, 0, 0, 1, 1, 0, 1, 1, 1, 1, 1, 1, 1, 0, 1, 0]
Fitness: 848.597378 	[6, 7, 10, 0, 2, 0, 15, 5, 12, 13, 1, 3, 0, 9, 14, 8, 11, 4, 0, 1, 0, 1, 1, 1, 0, 1, 0, 1, 1, 1, 0, 1, 1, 0]
Fitness: 867.057990 	[12, 11, 0, 13, 8, 3, 15, 7, 0, 10, 9, 1, 0, 4, 5, 6, 2, 14, 0, 1, 0, 1, 1, 1, 1, 1, 0, 0, 1, 1, 0, 1, 1, 0]
Fitness: 997.842191 	[14, 4, 13, 7, 0, 6, 2, 12, 0, 9, 5, 15, 3, 8, 1, 0, 11, 10, 0, 1, 0, 1, 1, 0, 1, 1, 1, 0, 1, 1, 1, 0, 1, 0]
Fitness: 1135.060809 	[6, 13, 15, 0, 14, 2, 3, 11, 0, 7, 5, 4, 10, 0, 1, 8, 9, 12, 0, 0, 1, 1, 1, 1, 1, 0, 0, 1, 1, 0, 1, 1, 1, 0]
Fitness: 889.830795 	[4, 0, 7, 8, 5, 13, 14, 0, 15, 1, 9, 6, 2, 0, 10, 3, 12, 11, 0, 0, 1, 0, 1, 1, 1, 0, 1, 1, 1, 1, 1, 0, 1, 0]
Fitness: 1119.493792 	[6, 12, 0, 1, 8, 2, 9, 7, 3, 10, 0, 5, 4, 11, 0, 15, 13, 14, 0, 1, 1, 1, 0, 1, 1, 1, 0, 1, 1, 1, 0, 1, 0, 0]
Fitness: 1194.854325 	[3, 10, 0, 14, 4, 13, 7, 0, 6, 2, 12, 0, 15, 11, 9, 1, 5, 8, 0, 1, 1, 1, 0, 1, 1, 1, 0, 0, 1, 1, 1, 0, 1, 0]
Fitness: 886.912733 	[11, 8, 12, 3, 2, 0, 13, 1, 0, 5, 6, 10, 0, 15, 7, 4, 9, 14, 0, 0, 0, 1, 1, 0, 1, 0, 1, 1, 1, 1, 1, 1, 1, 0]
Fitness: 1062.251139 	[3, 12, 14, 1, 7, 10, 6, 9, 8, 0, 4, 11, 2, 15, 0, 5, 0, 13, 0, 1, 0, 0, 1, 1, 1, 1, 0, 0, 1, 1, 1, 1, 1, 0]
Fitness: 986.467460 	[3, 13, 0, 15, 14, 2, 11, 0, 1, 8, 9, 12, 7, 5, 4, 10, 0, 6, 0, 1, 0, 1, 1, 1, 1, 0, 1, 0, 1, 0, 1, 1, 1, 0]
Fitness: 1016.079661 	[7, 8, 5, 13, 10, 0, 4, 0, 6, 1, 0, 14, 9, 3, 2, 11, 12, 15, 0, 0, 1, 0, 1, 1, 1, 0, 1, 1, 0, 1, 1, 1, 1, 0]
Fitness: 1117.716401 	[8, 2, 9, 7, 3, 10, 0, 14, 12, 0, 6, 4, 11, 0, 15, 13, 1, 5, 0, 1, 1, 1, 0, 1, 0, 1, 1, 1, 0, 1, 0, 1, 1, 0]
Fitness: 1117.716401 	[8, 2, 9, 7, 3, 10, 0, 12, 0, 14, 6, 4, 11, 0, 15, 13, 1, 5, 0, 1, 1, 0, 1, 1, 1, 1, 0, 1, 0, 1, 0, 1, 1, 0]
Fitness: 1015.794061 	[13, 12, 3, 2, 0, 1, 15, 8, 7, 0, 5, 6, 10, 0, 4, 11, 9, 14, 0, 0, 1, 1, 0, 1, 1, 1, 1, 0, 1, 0, 1, 1, 1, 0]
Fitness: 1058.929956 	[9, 2, 3, 12, 0, 8, 5, 1, 15, 0, 7, 6, 4, 0, 11, 10, 13, 14, 0, 1, 1, 1, 0, 1, 1, 0, 1, 1, 1, 0, 0, 1, 1, 0]
Fitness: 939.082196 	[13, 4, 11, 2, 15, 0, 3, 10, 9, 1, 0, 14, 6, 0, 7, 8, 12, 5, 0, 1, 1, 0, 1, 1, 0, 1, 0, 1, 1, 1, 1, 0, 1, 0]
Fitness: 853.593677 	[8, 11, 4, 0, 14, 2, 9, 0, 15, 5, 12, 13, 1, 3, 0, 6, 7, 10, 0, 1, 1, 0, 1, 1, 0, 1, 0, 1, 1, 1, 1, 0, 1, 0]
Fitness: 999.355735 	[9, 15, 7, 8, 1, 0, 13, 3, 11, 2, 0, 10, 14, 12, 0, 4, 5, 6, 0, 0, 1, 0, 1, 1, 1, 1, 1, 1, 1, 0, 1, 0, 1, 0]
Fitness: 1030.702478 	[7, 5, 9, 2, 14, 8, 11, 0, 10, 13, 4, 3, 0, 6, 0, 15, 12, 1, 0, 1, 1, 0, 0, 0, 1, 1, 1, 1, 1, 1, 1, 0, 1, 0]
Fitness: 849.628393 	[11, 10, 12, 13, 5, 15, 0, 3, 14, 0, 9, 7, 8, 0, 1, 6, 2, 4, 0, 0, 1, 0, 1, 1, 1, 1, 0, 1, 1, 0, 1, 1, 1, 0]
Fitness: 913.116939 	[12, 3, 2, 0, 5, 0, 14, 6, 0, 4, 13, 10, 9, 1, 7, 8, 11, 15, 0, 1, 1, 1, 0, 1, 0, 1, 1, 1, 1, 0, 0, 1, 1, 0]
Fitness: 920.855859 	[10, 1, 0, 2, 3, 9, 7, 0, 14, 6, 4, 13, 0, 8, 15, 11, 5, 12, 0, 1, 0, 1, 1, 1, 0, 1, 1, 0, 1, 1, 1, 0, 1, 0]
Fitness: 997.842191 	[14, 4, 13, 7, 0, 6, 2, 12, 0, 9, 5, 15, 3, 11, 1, 0, 8, 10, 0, 1, 0, 1, 1, 1, 1, 1, 1, 0, 1, 0, 1, 0, 1, 0]
Fitness: 1260.267658 	[4, 0, 6, 7, 0, 12, 2, 13, 0, 9, 10, 1, 11, 3, 5, 15, 14, 8, 0, 0, 0, 1, 0, 1, 1, 1, 1, 1, 1, 1, 1, 1, 0, 0]
Fitness: 939.082196 	[2, 5, 3, 0, 13, 0, 12, 14, 1, 7, 10, 6, 9, 8, 0, 4, 11, 15, 0, 1, 0, 0, 1, 1, 1, 1, 0, 1, 1, 0, 1, 1, 1, 0]
Fitness: 859.378846 	[8, 2, 9, 7, 3, 10, 0, 12, 0, 11, 4, 15, 13, 1, 5, 14, 0, 6, 0, 1, 1, 0, 0, 0, 1, 1, 1, 1, 1, 1, 1, 1, 0, 0]
Fitness: 861.558050 	[8, 5, 0, 10, 12, 0, 3, 14, 1, 7, 13, 6, 9, 0, 4, 11, 2, 15, 0, 0, 1, 0, 1, 0, 1, 1, 1, 1, 1, 1, 1, 0, 1, 0]
Fitness: 939.082196 	[13, 5, 3, 0, 12, 14, 1, 7, 0, 10, 6, 9, 8, 0, 4, 11, 2, 15, 0, 1, 1, 0, 1, 0, 0, 1, 0, 1, 1, 1, 1, 1, 1, 0]
Fitness: 1260.267658 	[9, 10, 1, 11, 0, 6, 12, 7, 0, 4, 2, 13, 0, 3, 5, 15, 14, 8, 0, 1, 1, 1, 0, 1, 1, 1, 1, 0, 1, 1, 0, 1, 0, 0]
Fitness: 939.396233 	[12, 11, 5, 9, 0, 7, 4, 8, 14, 0, 2, 6, 15, 3, 10, 0, 13, 1, 0, 1, 1, 1, 0, 1, 1, 1, 0, 1, 1, 0, 1, 0, 1, 0]
Fitness: 976.933892 	[9, 5, 13, 10, 0, 6, 2, 0, 7, 1, 15, 0, 8, 4, 12, 11, 14, 3, 0, 0, 1, 1, 1, 1, 1, 1, 1, 1, 1, 0, 0, 0, 1, 0]
Fitness: 940.861057 	[11, 5, 6, 8, 0, 4, 15, 9, 0, 13, 3, 2, 0, 12, 10, 7, 14, 1, 0, 1, 0, 1, 1, 1, 1, 0, 1, 1, 0, 0, 1, 1, 1, 0]
Fitness: 1083.305023 	[13, 14, 6, 9, 11, 3, 8, 15, 0, 7, 10, 4, 0, 1, 5, 12, 0, 2, 0, 0, 1, 0, 1, 0, 1, 1, 1, 0, 1, 1, 1, 1, 1, 0]
Fitness: 1050.940663 	[15, 1, 8, 2, 9, 7, 3, 10, 0, 12, 0, 6, 4, 11, 0, 13, 5, 14, 0, 1, 1, 0, 0, 1, 1, 1, 0, 1, 1, 1, 1, 0, 1, 0]
Fitness: 923.260437 	[9, 4, 8, 3, 11, 2, 5, 10, 0, 15, 12, 0, 1, 6, 14, 0, 13, 7, 0, 1, 0, 1, 1, 0, 1, 1, 1, 0, 0, 1, 1, 1, 1, 0]
Fitness: 1083.305023 	[14, 6, 9, 11, 3, 8, 15, 0, 7, 10, 4, 0, 13, 2, 0, 1, 5, 12, 0, 0, 1, 0, 1, 1, 1, 1, 1, 0, 1, 1, 1, 0, 1, 0]
Fitness: 1005.980038 	[10, 15, 8, 7, 12, 5, 13, 2, 9, 0, 6, 0, 4, 11, 0, 1, 3, 14, 0, 1, 0, 1, 0, 1, 1, 0, 0, 1, 1, 1, 1, 1, 1, 0]
Fitness: 1074.002122 	[2, 13, 0, 6, 12, 7, 9, 0, 4, 0, 10, 1, 11, 3, 5, 15, 14, 8, 0, 0, 1, 1, 0, 1, 1, 1, 1, 0, 1, 0, 1, 1, 1, 0]
Fitness: 957.328829 	[2, 10, 12, 7, 0, 15, 4, 14, 0, 6, 11, 9, 0, 5, 8, 13, 1, 3, 0, 1, 0, 1, 0, 1, 0, 1, 1, 1, 1, 1, 0, 1, 1, 0]
Fitness: 1123.135451 	[4, 0, 1, 3, 14, 0, 6, 5, 12, 0, 13, 2, 7, 8, 9, 10, 11, 15, 0, 1, 0, 1, 1, 1, 1, 0, 0, 1, 1, 1, 0, 1, 1, 0]
Fitness: 1013.127906 	[4, 15, 9, 0, 13, 1, 3, 2, 10, 7, 0, 5, 6, 8, 0, 14, 11, 12, 0, 1, 0, 1, 0, 1, 1, 0, 1, 1, 0, 1, 1, 1, 1, 0]
Fitness: 1015.794061 	[13, 12, 3, 2, 0, 1, 0, 15, 8, 7, 4, 11, 9, 14, 0, 5, 6, 10, 0, 0, 1, 1, 0, 0, 1, 0, 1, 1, 1, 1, 1, 1, 1, 0]
Fitness: 939.082196 	[13, 5, 3, 0, 10, 6, 9, 8, 0, 12, 14, 1, 7, 0, 4, 11, 2, 15, 0, 1, 1, 0, 1, 0, 0, 1, 0, 1, 1, 1, 1, 1, 1, 0]
Fitness: 915.608595 	[6, 0, 5, 0, 13, 15, 0, 4, 1, 11, 3, 2, 8, 7, 9, 10, 12, 14, 0, 0, 1, 0, 1, 1, 1, 0, 1, 1, 1, 0, 1, 1, 1, 0]
Fitness: 999.355735 	[7, 5, 1, 3, 8, 10, 13, 11, 2, 0, 6, 9, 15, 0, 4, 0, 14, 12, 0, 0, 1, 0, 1, 0, 1, 1, 1, 1, 1, 1, 1, 0, 1, 0]
Fitness: 1016.727181 	[15, 13, 9, 14, 2, 3, 0, 7, 10, 4, 0, 1, 5, 12, 0, 6, 8, 11, 0, 0, 1, 0, 1, 1, 1, 1, 1, 0, 1, 1, 1, 0, 1, 0]
Fitness: 1116.461381 	[6, 3, 13, 15, 0, 9, 14, 1, 7, 4, 10, 11, 0, 5, 0, 8, 2, 12, 0, 1, 0, 1, 1, 0, 1, 1, 0, 1, 1, 1, 0, 1, 1, 0]
Fitness: 1119.493792 	[6, 12, 0, 5, 4, 11, 0, 1, 8, 2, 9, 7, 3, 10, 0, 15, 13, 14, 0, 1, 1, 1, 0, 1, 1, 1, 0, 1, 1, 1, 0, 1, 0, 0]
Fitness: 886.912733 	[15, 7, 4, 11, 9, 14, 0, 13, 1, 0, 5, 6, 10, 0, 8, 12, 3, 2, 0, 0, 0, 1, 1, 0, 1, 1, 1, 1, 1, 0, 1, 1, 1, 0]
Fitness: 859.378846 	[8, 2, 9, 7, 3, 10, 0, 12, 0, 6, 0, 11, 4, 15, 13, 1, 5, 14, 0, 1, 1, 0, 0, 0, 1, 1, 1, 1, 1, 1, 1, 1, 0, 0]
Fitness: 1117.716401 	[12, 0, 8, 2, 9, 7, 3, 10, 0, 6, 4, 11, 0, 15, 13, 1, 5, 14, 0, 1, 1, 0, 0, 1, 1, 1, 1, 1, 0, 1, 0, 1, 1, 0]
Fitness: 1159.609268 	[10, 6, 15, 8, 5, 2, 7, 0, 4, 0, 12, 0, 14, 11, 13, 3, 1, 9, 0, 1, 0, 1, 0, 1, 0, 1, 0, 1, 1, 1, 1, 1, 1, 0]
Fitness: 939.082196 	[5, 3, 0, 13, 0, 4, 11, 2, 15, 0, 12, 14, 1, 7, 10, 6, 9, 8, 0, 1, 0, 0, 1, 1, 0, 1, 0, 1, 1, 1, 1, 1, 1, 0]
Fitness: 1058.929956 	[11, 10, 13, 14, 0, 1, 15, 0, 7, 6, 8, 4, 0, 5, 9, 2, 3, 12, 0, 1, 1, 1, 0, 1, 0, 1, 0, 1, 1, 1, 1, 0, 1, 0]
Fitness: 861.558050 	[3, 14, 1, 7, 13, 6, 9, 8, 0, 10, 12, 0, 5, 0, 4, 11, 2, 15, 0, 0, 1, 1, 1, 0, 1, 1, 1, 1, 1, 0, 1, 0, 1, 0]
Fitness: 997.842191 	[14, 1, 0, 8, 10, 3, 9, 11, 0, 4, 13, 7, 5, 15, 0, 6, 2, 12, 0, 1, 0, 1, 0, 1, 0, 1, 1, 1, 1, 1, 1, 0, 1, 0]
Fitness: 1119.976855 	[4, 10, 15, 8, 7, 12, 5, 13, 2, 9, 0, 11, 0, 1, 3, 14, 0, 6, 0, 1, 0, 1, 1, 0, 1, 1, 0, 1, 0, 1, 1, 1, 1, 0]
Fitness: 986.467460 	[6, 0, 14, 2, 11, 0, 1, 8, 9, 12, 7, 5, 4, 10, 0, 3, 13, 15, 0, 0, 1, 1, 1, 1, 1, 0, 1, 0, 1, 0, 1, 1, 1, 0]
Fitness: 939.082196 	[5, 3, 0, 13, 0, 4, 11, 2, 15, 0, 12, 14, 1, 7, 10, 6, 9, 8, 0, 1, 0, 0, 1, 1, 0, 0, 1, 1, 1, 1, 1, 1, 1, 0]
Fitness: 1015.794061 	[13, 12, 3, 2, 0, 5, 6, 10, 0, 1, 0, 15, 8, 7, 4, 11, 9, 14, 0, 0, 1, 1, 0, 1, 0, 1, 1, 1, 1, 0, 1, 1, 1, 0]
Fitness: 889.820678 	[13, 1, 0, 5, 6, 10, 0, 12, 3, 2, 0, 15, 8, 7, 4, 11, 9, 14, 0, 0, 0, 1, 0, 1, 1, 1, 1, 1, 1, 0, 1, 1, 1, 0]
Fitness: 959.534576 	[15, 13, 9, 14, 2, 3, 0, 5, 7, 10, 4, 0, 6, 8, 11, 0, 1, 12, 0, 1, 1, 0, 1, 1, 1, 1, 1, 0, 1, 1, 1, 0, 0, 0]
Fitness: 1074.002122 	[6, 12, 7, 9, 0, 4, 0, 2, 13, 0, 10, 1, 11, 3, 5, 15, 14, 8, 0, 0, 1, 1, 0, 1, 1, 1, 1, 0, 1, 0, 1, 1, 1, 0]
Fitness: 939.082196 	[7, 8, 12, 5, 0, 3, 10, 9, 1, 0, 14, 6, 0, 13, 4, 11, 2, 15, 0, 1, 1, 0, 1, 1, 0, 1, 0, 1, 1, 1, 1, 0, 1, 0]
Fitness: 1016.079661 	[6, 1, 0, 4, 0, 7, 8, 5, 13, 14, 10, 0, 9, 3, 2, 11, 12, 15, 0, 1, 1, 0, 1, 0, 1, 0, 1, 1, 0, 1, 1, 1, 1, 0]
Fitness: 997.842191 	[14, 4, 13, 7, 0, 6, 2, 12, 0, 11, 10, 0, 9, 5, 15, 3, 8, 1, 0, 1, 0, 1, 1, 0, 1, 1, 1, 0, 1, 1, 1, 0, 1, 0]
Fitness: 1030.702478 	[10, 12, 1, 0, 3, 0, 7, 5, 9, 2, 14, 8, 11, 0, 13, 6, 15, 4, 0, 1, 1, 0, 1, 0, 1, 1, 1, 1, 1, 0, 1, 0, 1, 0]
Fitness: 848.597378 	[6, 7, 10, 0, 15, 5, 12, 13, 1, 3, 0, 2, 9, 0, 14, 8, 11, 4, 0, 1, 0, 1, 1, 1, 0, 1, 0, 1, 1, 1, 1, 0, 1, 0]
Fitness: 940.861057 	[5, 6, 8, 0, 4, 15, 9, 0, 13, 3, 11, 2, 0, 12, 10, 7, 14, 1, 0, 1, 0, 1, 0, 1, 1, 0, 1, 1, 0, 1, 1, 1, 1, 0]
Fitness: 1050.940663 	[1, 8, 2, 9, 7, 3, 10, 0, 6, 4, 11, 0, 12, 0, 15, 13, 5, 14, 0, 1, 1, 0, 0, 1, 1, 1, 0, 1, 0, 1, 1, 1, 1, 0]
Fitness: 999.355735 	[14, 12, 0, 6, 7, 5, 1, 3, 8, 10, 13, 11, 2, 0, 4, 0, 9, 15, 0, 1, 0, 0, 1, 0, 1, 1, 1, 1, 0, 1, 1, 1, 1, 0]
Fitness: 884.791118 	[2, 15, 10, 12, 5, 7, 0, 4, 14, 0, 6, 11, 9, 0, 8, 13, 1, 3, 0, 1, 0, 1, 1, 1, 0, 1, 0, 1, 0, 1, 1, 1, 1, 0]
Fitness: 853.593677 	[6, 7, 10, 0, 2, 9, 0, 15, 5, 12, 13, 1, 3, 0, 14, 8, 11, 4, 0, 1, 0, 1, 1, 1, 0, 1, 0, 1, 1, 1, 1, 0, 1, 0]
Fitness: 1117.716401 	[8, 2, 9, 7, 3, 10, 0, 6, 4, 11, 0, 12, 14, 5, 15, 0, 13, 1, 0, 1, 1, 0, 0, 1, 1, 1, 1, 1, 0, 1, 0, 1, 1, 0]
Fitness: 924.886663 	[10, 12, 0, 1, 8, 2, 9, 7, 3, 0, 6, 4, 11, 0, 15, 13, 5, 14, 0, 1, 0, 0, 1, 1, 1, 1, 0, 1, 0, 1, 1, 1, 1, 0]
Fitness: 1176.559116 	[5, 1, 14, 15, 12, 0, 8, 2, 9, 7, 3, 10, 0, 13, 0, 6, 4, 11, 0, 1, 1, 0, 0, 1, 1, 1, 1, 1, 0, 1, 0, 1, 1, 0]
Fitness: 915.901375 	[15, 4, 14, 0, 6, 11, 9, 0, 2, 10, 12, 5, 7, 0, 8, 13, 1, 3, 0, 1, 0, 1, 0, 1, 0, 1, 1, 1, 0, 1, 1, 1, 1, 0]
Fitness: 848.597378 	[6, 7, 10, 0, 2, 0, 9, 14, 8, 11, 4, 0, 15, 5, 12, 13, 1, 3, 0, 1, 0, 1, 1, 1, 0, 1, 0, 1, 1, 1, 0, 1, 1, 0]
Fitness: 939.082196 	[2, 5, 3, 0, 12, 14, 1, 7, 10, 6, 9, 8, 0, 13, 0, 4, 11, 15, 0, 1, 0, 0, 1, 1, 1, 1, 0, 1, 1, 0, 1, 1, 1, 0]
Fitness: 1058.929956 	[8, 5, 1, 15, 0, 9, 2, 3, 12, 0, 7, 6, 4, 0, 11, 10, 13, 14, 0, 1, 1, 1, 0, 1, 1, 0, 1, 1, 1, 0, 0, 1, 1, 0]
Fitness: 890.507776 	[5, 14, 1, 7, 10, 15, 9, 8, 0, 13, 0, 2, 3, 12, 0, 6, 4, 11, 0, 1, 1, 0, 0, 1, 1, 1, 1, 1, 0, 1, 0, 1, 1, 0]
Fitness: 1117.716401 	[15, 13, 1, 5, 14, 0, 12, 0, 6, 4, 11, 0, 8, 2, 9, 7, 3, 10, 0, 1, 1, 0, 0, 1, 1, 1, 1, 1, 0, 1, 0, 1, 1, 0]
Fitness: 1015.794061 	[14, 12, 4, 7, 8, 9, 11, 13, 15, 0, 5, 10, 0, 2, 3, 0, 6, 1, 0, 0, 1, 1, 0, 1, 0, 0, 1, 1, 1, 1, 1, 1, 1, 0]
Fitness: 976.933892 	[8, 4, 12, 11, 14, 3, 0, 6, 2, 0, 7, 1, 15, 0, 9, 5, 13, 10, 0, 0, 1, 1, 1, 1, 1, 1, 1, 1, 1, 0, 0, 0, 1, 0]
Time: 0.43787