Fitness: 1612.391329 	[4, 0, 12, 2, 13, 0, 6, 1, 0, 3, 5, 7, 8, 9, 10, 11, 14, 15, 0, 1, 0, 1, 1, 1, 0, 1, 1, 1, 0, 1, 1, 0, 1, 0]
Fitness: 1612.391329 	[4, 0, 12, 2, 13, 0, 6, 1, 0, 3, 5, 7, 8, 9, 10, 11, 14, 15, 0, 1, 0, 1, 1, 1, 0, 1, 1, 1, 0, 1, 1, 0, 1, 0]
Fitness: 1612.391329 	[4, 0, 12, 2, 13, 0, 6, 1, 0, 3, 5, 7, 8, 9, 10, 11, 14, 15, 0, 1, 0, 1, 1, 1, 0, 1, 1, 1, 0, 1, 1, 0, 1, 0]
Fitness: 1612.391329 	[4, 0, 12, 2, 13, 0, 6, 1, 0, 3, 5, 7, 8, 9, 10, 11, 14, 15, 0, 1, 0, 1, 1, 1, 0, 1, 1, 1, 0, 1, 1, 0, 1, 0]
Fitness: 1612.391329 	[12, 2, 13, 0, 4, 0, 6, 1, 0, 3, 5, 7, 8, 9, 10, 11, 14, 15, 0, 1, 0, 1, 1, 1, 0, 1, 1, 1, 0, 1, 1, 0, 1, 0]
Fitness: 1612.391329 	[4, 0, 12, 2, 13, 0, 6, 1, 0, 3, 5, 7, 8, 9, 10, 11, 14, 15, 0, 1, 0, 1, 1, 1, 0, 1, 1, 1, 0, 1, 1, 0, 1, 0]
Fitness: 1612.391329 	[12, 2, 13, 0, 4, 0, 6, 1, 0, 3, 5, 7, 8, 9, 10, 11, 14, 15, 0, 1, 0, 1, 1, 1, 0, 1, 1, 1, 0, 1, 1, 0, 1, 0]
Fitness: 1612.391329 	[12, 2, 13, 0, 4, 0, 6, 1, 0, 3, 5, 7, 8, 9, 10, 11, 14, 15, 0, 1, 0, 1, 1, 1, 0, 1, 1, 1, 0, 1, 1, 0, 1, 0]
Fitness: 1612.391329 	[12, 2, 13, 0, 4, 0, 6, 1, 0, 3, 5, 7, 8, 9, 10, 11, 14, 15, 0, 1, 0, 1, 1, 1, 0, 1, 1, 1, 0, 1, 1, 0, 1, 0]
Fitness: 1612.391329 	[4, 0, 12, 2, 13, 0, 6, 1, 0, 3, 5, 7, 8, 9, 10, 11, 14, 15, 0, 1, 0, 1, 1, 1, 0, 1, 1, 1, 0, 1, 1, 0, 1, 0]
Fitness: 1612.391329 	[4, 0, 12, 2, 13, 0, 6, 1, 0, 3, 5, 7, 8, 9, 10, 11, 14, 15, 0, 1, 0, 1, 1, 1, 0, 1, 1, 1, 0, 1, 1, 0, 1, 0]
Fitness: 1612.391329 	[4, 0, 12, 2, 13, 0, 6, 1, 0, 3, 5, 7, 8, 9, 10, 11, 14, 15, 0, 1, 0, 1, 1, 1, 0, 1, 1, 1, 0, 1, 1, 0, 1, 0]
Fitness: 1612.391329 	[12, 2, 13, 0, 4, 0, 6, 1, 0, 3, 5, 7, 8, 9, 10, 11, 14, 15, 0, 1, 0, 1, 1, 1, 0, 1, 1, 1, 0, 1, 1, 0, 1, 0]
Fitness: 1612.391329 	[4, 0, 12, 2, 13, 0, 6, 1, 0, 3, 5, 7, 8, 9, 10, 11, 14, 15, 0, 1, 0, 1, 1, 1, 0, 1, 1, 1, 0, 1, 1, 0, 1, 0]
Fitness: 1612.391329 	[4, 0, 12, 2, 13, 0, 6, 1, 0, 3, 5, 7, 8, 9, 10, 11, 14, 15, 0, 1, 0, 1, 1, 1, 0, 1, 1, 1, 0, 1, 1, 0, 1, 0]
Fitness: 1612.391329 	[4, 0, 12, 2, 13, 0, 6, 1, 0, 3, 5, 7, 8, 9, 10, 11, 14, 15, 0, 1, 0, 1, 1, 1, 0, 1, 1, 1, 0, 1, 1, 0, 1, 0]
Fitness: 1612.391329 	[4, 0, 12, 2, 13, 0, 6, 1, 0, 3, 5, 7, 8, 9, 10, 11, 14, 15, 0, 1, 0, 1, 1, 1, 0, 1, 1, 1, 0, 1, 1, 0, 1, 0]
Fitness: 1612.391329 	[4, 0, 12, 2, 13, 0, 6, 1, 0, 3, 5, 7, 8, 9, 10, 11, 14, 15, 0, 1, 0, 1, 1, 1, 0, 1, 1, 1, 0, 1, 1, 0, 1, 0]
Fitness: 1612.391329 	[4, 0, 12, 2, 13, 0, 6, 1, 0, 3, 5, 7, 8, 9, 10, 11, 14, 15, 0, 1, 0, 1, 1, 1, 0, 1, 1, 1, 0, 1, 1, 0, 1, 0]
Fitness: 1612.391329 	[12, 2, 13, 0, 4, 0, 1, 6, 0, 5, 8, 7, 3, 10, 9, 11, 14, 15, 0, 1, 0, 1, 1, 1, 0, 1, 1, 1, 0, 1, 1, 0, 1, 0]
Fitness: 1612.391329 	[12, 2, 13, 0, 4, 0, 6, 1, 0, 3, 5, 7, 8, 9, 10, 11, 14, 15, 0, 1, 0, 1, 1, 1, 0, 1, 1, 1, 0, 1, 1, 0, 1, 0]
Fitness: 1612.391329 	[4, 0, 12, 2, 13, 0, 6, 1, 0, 3, 5, 7, 8, 9, 10, 11, 14, 15, 0, 1, 0, 1, 1, 1, 0, 1, 1, 1, 0, 1, 1, 0, 1, 0]
Fitness: 1612.391329 	[12, 2, 13, 0, 4, 0, 6, 1, 0, 3, 5, 7, 8, 9, 10, 11, 14, 15, 0, 1, 0, 1, 1, 1, 0, 1, 1, 1, 0, 1, 1, 0, 1, 0]
Fitness: 1612.391329 	[4, 0, 12, 2, 13, 0, 6, 1, 0, 3, 5, 7, 8, 9, 10, 11, 14, 15, 0, 1, 0, 1, 1, 1, 0, 1, 1, 1, 0, 1, 1, 0, 1, 0]
Fitness: 1612.391329 	[4, 0, 12, 2, 13, 0, 6, 1, 0, 3, 5, 7, 8, 9, 10, 11, 14, 15, 0, 1, 0, 1, 1, 1, 0, 1, 1, 1, 0, 1, 1, 0, 1, 0]
Fitness: 1612.391329 	[4, 0, 12, 2, 13, 0, 6, 1, 0, 3, 5, 7, 8, 9, 10, 11, 14, 15, 0, 1, 0, 1, 1, 1, 0, 1, 1, 1, 0, 1, 1, 0, 1, 0]
Fitness: 1612.391329 	[4, 0, 12, 2, 13, 0, 6, 1, 0, 3, 5, 7, 8, 9, 10, 11, 14, 15, 0, 1, 0, 1, 1, 1, 0, 1, 1, 1, 0, 1, 1, 0, 1, 0]
Fitness: 1607.506940 	[1, 5, 8, 9, 11, 14, 15, 0, 4, 0, 13, 6, 0, 12, 2, 7, 3, 10, 0, 1, 0, 1, 0, 1, 1, 1, 1, 0, 1, 1, 1, 0, 1, 0]
Fitness: 1607.506940 	[1, 5, 8, 9, 11, 14, 15, 0, 4, 0, 13, 6, 0, 12, 2, 7, 3, 10, 0, 1, 0, 1, 0, 1, 1, 1, 1, 0, 1, 1, 1, 0, 1, 0]
Fitness: 1607.506940 	[1, 5, 8, 9, 11, 14, 15, 0, 4, 0, 13, 6, 0, 12, 2, 7, 3, 10, 0, 1, 0, 1, 0, 1, 1, 1, 1, 0, 1, 1, 1, 0, 1, 0]
Fitness: 1607.506940 	[12, 2, 7, 3, 10, 0, 4, 0, 13, 6, 0, 1, 5, 8, 9, 11, 14, 15, 0, 1, 0, 1, 0, 1, 1, 1, 1, 0, 1, 1, 1, 0, 1, 0]
Fitness: 1607.506940 	[12, 2, 7, 3, 10, 0, 4, 0, 13, 6, 0, 1, 5, 8, 9, 11, 14, 15, 0, 1, 0, 1, 0, 1, 1, 1, 1, 0, 1, 1, 1, 0, 1, 0]
Fitness: 1607.506940 	[12, 2, 7, 3, 10, 0, 4, 0, 13, 6, 0, 1, 5, 8, 9, 11, 14, 15, 0, 1, 0, 1, 0, 1, 1, 1, 1, 0, 1, 1, 1, 0, 1, 0]
Fitness: 1607.506940 	[12, 2, 7, 3, 10, 0, 4, 0, 13, 6, 0, 1, 5, 8, 9, 11, 14, 15, 0, 1, 0, 1, 0, 1, 1, 1, 1, 0, 1, 1, 1, 0, 1, 0]
Fitness: 1607.506940 	[12, 2, 7, 3, 10, 0, 4, 0, 13, 6, 0, 1, 5, 8, 9, 11, 14, 15, 0, 1, 0, 1, 0, 1, 1, 1, 1, 0, 1, 1, 1, 0, 1, 0]
Fitness: 1607.506940 	[12, 2, 7, 3, 10, 0, 4, 0, 13, 6, 0, 1, 5, 8, 9, 11, 14, 15, 0, 1, 0, 1, 0, 1, 1, 1, 1, 0, 1, 1, 1, 0, 1, 0]
Fitness: 1607.506940 	[12, 2, 7, 3, 10, 0, 4, 0, 13, 6, 0, 1, 5, 8, 9, 11, 14, 15, 0, 1, 0, 1, 0, 1, 1, 1, 1, 0, 1, 1, 1, 0, 1, 0]
Fitness: 1607.506940 	[12, 2, 7, 3, 10, 0, 4, 0, 13, 6, 0, 1, 5, 8, 9, 11, 14, 15, 0, 1, 0, 1, 0, 1, 1, 1, 1, 0, 1, 1, 1, 0, 1, 0]
Fitness: 1607.506940 	[12, 2, 7, 3, 10, 0, 4, 0, 13, 6, 0, 1, 5, 8, 9, 11, 14, 15, 0, 1, 0, 1, 0, 1, 1, 1, 1, 0, 1, 1, 1, 0, 1, 0]
Fitness: 1607.506940 	[12, 2, 7, 3, 10, 0, 4, 0, 13, 6, 0, 14, 11, 8, 15, 1, 9, 5, 0, 1, 0, 1, 0, 1, 1, 1, 1, 0, 1, 1, 1, 0, 1, 0]
Fitness: 1602.627919 	[4, 0, 12, 2, 13, 0, 6, 1, 0, 3, 5, 7, 8, 9, 10, 11, 14, 15, 0, 1, 0, 1, 1, 1, 0, 1, 1, 0, 1, 1, 1, 0, 1, 0]
Fitness: 1602.627919 	[6, 1, 0, 4, 0, 12, 2, 13, 0, 3, 5, 7, 8, 9, 10, 11, 14, 15, 0, 1, 0, 1, 1, 1, 0, 1, 1, 1, 0, 1, 1, 0, 1, 0]
Fitness: 1602.627919 	[6, 1, 0, 4, 0, 12, 2, 13, 0, 3, 5, 7, 8, 9, 10, 11, 14, 15, 0, 1, 0, 1, 1, 1, 0, 1, 1, 1, 0, 1, 1, 0, 1, 0]
Fitness: 1602.627919 	[4, 0, 6, 1, 0, 12, 2, 13, 0, 3, 5, 7, 8, 9, 10, 11, 14, 15, 0, 1, 0, 1, 1, 1, 0, 1, 1, 1, 0, 1, 1, 0, 1, 0]
Fitness: 1602.627919 	[4, 0, 6, 1, 0, 12, 2, 13, 0, 9, 10, 14, 11, 3, 5, 15, 8, 7, 0, 1, 0, 1, 1, 1, 0, 1, 1, 1, 0, 1, 1, 0, 1, 0]
Fitness: 1584.127778 	[12, 13, 0, 2, 4, 0, 6, 1, 0, 3, 5, 7, 8, 9, 10, 11, 14, 15, 0, 1, 0, 1, 1, 0, 1, 1, 1, 0, 1, 1, 1, 0, 1, 0]
Fitness: 1584.127778 	[12, 13, 0, 2, 4, 0, 6, 1, 0, 3, 5, 7, 8, 9, 10, 11, 14, 15, 0, 1, 0, 1, 1, 0, 1, 1, 1, 0, 1, 1, 1, 0, 1, 0]
Fitness: 1580.830519 	[14, 9, 3, 2, 11, 12, 15, 0, 10, 1, 7, 5, 8, 0, 6, 13, 0, 4, 0, 1, 0, 1, 0, 1, 0, 1, 1, 1, 0, 1, 1, 1, 1, 0]
Fitness: 1580.830519 	[10, 1, 7, 5, 8, 0, 14, 9, 3, 2, 11, 12, 15, 0, 6, 13, 0, 4, 0, 1, 0, 1, 0, 1, 0, 1, 1, 1, 0, 1, 1, 1, 1, 0]
Fitness: 1580.830519 	[10, 1, 7, 5, 8, 0, 14, 9, 3, 2, 11, 12, 15, 0, 6, 13, 0, 4, 0, 1, 0, 1, 0, 1, 0, 1, 1, 1, 0, 1, 1, 1, 1, 0]
Fitness: 1580.830519 	[10, 1, 7, 5, 8, 0, 14, 9, 3, 2, 11, 12, 15, 0, 6, 13, 0, 4, 0, 1, 0, 1, 0, 1, 0, 1, 1, 1, 0, 1, 1, 1, 1, 0]
Fitness: 1580.830519 	[10, 1, 7, 5, 8, 0, 14, 9, 3, 2, 11, 12, 15, 0, 6, 13, 0, 4, 0, 1, 0, 1, 0, 1, 0, 1, 1, 1, 0, 1, 1, 1, 1, 0]
Fitness: 1580.830519 	[10, 1, 7, 5, 8, 0, 14, 9, 3, 2, 11, 12, 15, 0, 6, 13, 0, 4, 0, 1, 0, 1, 0, 1, 0, 1, 1, 1, 0, 1, 1, 1, 1, 0]
Fitness: 1580.830519 	[10, 1, 7, 5, 8, 0, 14, 9, 3, 2, 11, 12, 15, 0, 6, 13, 0, 4, 0, 1, 0, 1, 0, 1, 0, 1, 1, 1, 0, 1, 1, 1, 1, 0]
Fitness: 1580.830519 	[10, 1, 7, 5, 8, 0, 14, 9, 3, 2, 11, 12, 15, 0, 6, 13, 0, 4, 0, 1, 0, 1, 0, 1, 0, 1, 1, 1, 0, 1, 1, 1, 1, 0]
Fitness: 1580.632655 	[12, 2, 7, 3, 10, 0, 13, 6, 0, 4, 0, 1, 5, 8, 9, 11, 14, 15, 0, 1, 0, 1, 0, 1, 1, 1, 1, 0, 1, 1, 1, 0, 1, 0]
Fitness: 1580.632655 	[12, 2, 7, 3, 10, 0, 13, 6, 0, 4, 0, 1, 5, 8, 9, 11, 14, 15, 0, 1, 0, 1, 0, 1, 1, 1, 1, 0, 1, 1, 1, 0, 1, 0]
Fitness: 1577.619526 	[4, 0, 12, 2, 13, 0, 5, 14, 6, 7, 0, 9, 10, 1, 11, 3, 15, 8, 0, 1, 0, 1, 1, 1, 1, 0, 1, 1, 0, 1, 1, 0, 1, 0]
Fitness: 1576.758677 	[2, 4, 0, 12, 13, 0, 6, 1, 0, 3, 5, 7, 8, 9, 10, 11, 14, 15, 0, 1, 0, 1, 1, 0, 1, 1, 1, 0, 1, 1, 1, 0, 1, 0]
Fitness: 1571.873954 	[12, 2, 14, 0, 13, 6, 0, 4, 0, 9, 10, 1, 11, 3, 5, 15, 8, 7, 0, 1, 0, 1, 0, 1, 1, 1, 1, 0, 1, 1, 1, 0, 1, 0]
Fitness: 1571.873954 	[12, 2, 14, 0, 13, 6, 0, 4, 0, 9, 10, 1, 11, 3, 5, 15, 8, 7, 0, 1, 0, 1, 0, 1, 1, 1, 1, 0, 1, 1, 1, 0, 1, 0]
Fitness: 1565.793554 	[4, 0, 14, 6, 7, 0, 12, 2, 13, 0, 9, 10, 1, 11, 3, 5, 15, 8, 0, 1, 0, 1, 1, 1, 0, 1, 1, 0, 1, 1, 1, 0, 1, 0]
Fitness: 1565.793554 	[4, 0, 14, 6, 7, 0, 12, 2, 13, 0, 9, 10, 1, 11, 3, 5, 15, 8, 0, 1, 0, 1, 1, 1, 0, 1, 1, 0, 1, 1, 1, 0, 1, 0]
Fitness: 1565.793554 	[4, 0, 14, 6, 7, 0, 12, 2, 13, 0, 9, 10, 1, 11, 3, 5, 15, 8, 0, 1, 0, 1, 1, 1, 0, 1, 1, 0, 1, 1, 1, 0, 1, 0]
Fitness: 1565.793554 	[4, 0, 14, 6, 7, 0, 12, 2, 13, 0, 9, 10, 1, 11, 3, 5, 15, 8, 0, 1, 0, 1, 1, 1, 0, 1, 1, 0, 1, 1, 1, 0, 1, 0]
Fitness: 1565.793554 	[4, 0, 14, 6, 7, 0, 12, 2, 13, 0, 9, 10, 1, 11, 3, 5, 15, 8, 0, 1, 0, 1, 1, 1, 0, 1, 1, 0, 1, 1, 1, 0, 1, 0]
Fitness: 1565.793554 	[4, 0, 14, 6, 7, 0, 12, 2, 13, 0, 9, 10, 1, 11, 3, 5, 15, 8, 0, 1, 0, 1, 1, 1, 0, 1, 1, 0, 1, 1, 1, 0, 1, 0]
Fitness: 1565.793554 	[4, 0, 14, 6, 7, 0, 12, 2, 13, 0, 9, 10, 1, 11, 3, 5, 15, 8, 0, 1, 0, 1, 1, 1, 0, 1, 1, 0, 1, 1, 1, 0, 1, 0]
Fitness: 1565.793554 	[4, 0, 14, 6, 7, 0, 12, 2, 13, 0, 9, 10, 1, 11, 3, 5, 15, 8, 0, 1, 0, 1, 1, 1, 0, 1, 1, 0, 1, 1, 1, 0, 1, 0]
Fitness: 1565.793554 	[4, 0, 14, 6, 7, 0, 12, 2, 13, 0, 9, 10, 1, 11, 3, 5, 15, 8, 0, 1, 0, 1, 1, 1, 0, 1, 1, 0, 1, 1, 1, 0, 1, 0]
Fitness: 1565.793554 	[4, 0, 14, 6, 7, 0, 12, 2, 13, 0, 9, 10, 1, 11, 3, 5, 15, 8, 0, 1, 0, 1, 1, 1, 0, 1, 1, 0, 1, 1, 1, 0, 1, 0]
Fitness: 1565.793554 	[4, 0, 14, 6, 7, 0, 12, 2, 13, 0, 9, 10, 1, 11, 3, 5, 15, 8, 0, 1, 0, 1, 1, 1, 0, 1, 1, 0, 1, 1, 1, 0, 1, 0]
Fitness: 1565.793554 	[4, 0, 14, 6, 7, 0, 12, 2, 13, 0, 9, 10, 1, 11, 3, 5, 15, 8, 0, 1, 0, 1, 1, 1, 0, 1, 1, 0, 1, 1, 1, 0, 1, 0]
Fitness: 1565.793554 	[4, 0, 14, 6, 7, 0, 12, 2, 13, 0, 9, 10, 1, 11, 3, 5, 15, 8, 0, 1, 0, 1, 1, 1, 0, 1, 1, 0, 1, 1, 1, 0, 1, 0]
Fitness: 1565.793554 	[4, 0, 14, 6, 7, 0, 12, 2, 13, 0, 9, 10, 1, 11, 3, 5, 15, 8, 0, 1, 0, 1, 1, 1, 0, 1, 1, 0, 1, 1, 1, 0, 1, 0]
Fitness: 1565.793554 	[4, 0, 14, 6, 7, 0, 12, 2, 13, 0, 9, 10, 1, 11, 3, 5, 15, 8, 0, 1, 0, 1, 1, 1, 0, 1, 1, 0, 1, 1, 1, 0, 1, 0]
Fitness: 1565.793554 	[4, 0, 14, 6, 7, 0, 12, 2, 13, 0, 9, 10, 1, 11, 3, 5, 15, 8, 0, 1, 0, 1, 1, 1, 0, 1, 1, 0, 1, 1, 1, 0, 1, 0]
Fitness: 1565.793554 	[4, 0, 14, 6, 7, 0, 12, 2, 13, 0, 9, 10, 1, 11, 3, 5, 15, 8, 0, 1, 0, 1, 1, 1, 0, 1, 1, 0, 1, 1, 1, 0, 1, 0]
Fitness: 1565.793554 	[4, 0, 14, 6, 7, 0, 12, 2, 13, 0, 9, 10, 1, 11, 3, 5, 15, 8, 0, 1, 0, 1, 1, 1, 0, 1, 1, 0, 1, 1, 1, 0, 1, 0]
Fitness: 1565.793554 	[4, 0, 14, 6, 7, 0, 12, 2, 13, 0, 9, 10, 1, 11, 3, 5, 15, 8, 0, 1, 0, 1, 1, 1, 0, 1, 1, 0, 1, 1, 1, 0, 1, 0]
Fitness: 1565.793554 	[4, 0, 14, 6, 7, 0, 12, 2, 13, 0, 9, 10, 1, 11, 3, 5, 15, 8, 0, 1, 0, 1, 1, 1, 0, 1, 1, 0, 1, 1, 1, 0, 1, 0]
Fitness: 1565.793554 	[4, 0, 14, 6, 7, 0, 12, 2, 13, 0, 9, 10, 1, 11, 3, 5, 15, 8, 0, 1, 0, 1, 1, 1, 0, 1, 1, 0, 1, 1, 1, 0, 1, 0]
Fitness: 1565.793554 	[4, 0, 12, 2, 13, 0, 14, 6, 7, 0, 9, 10, 1, 11, 3, 5, 15, 8, 0, 1, 0, 1, 1, 1, 0, 1, 1, 1, 0, 1, 1, 0, 1, 0]
Fitness: 1565.793554 	[4, 0, 12, 2, 13, 0, 14, 6, 7, 0, 9, 10, 1, 11, 3, 5, 15, 8, 0, 1, 0, 1, 1, 1, 0, 1, 1, 1, 0, 1, 1, 0, 1, 0]
Fitness: 1565.793554 	[4, 0, 12, 2, 13, 0, 14, 6, 7, 0, 9, 10, 1, 11, 3, 5, 15, 8, 0, 1, 0, 1, 1, 1, 0, 1, 1, 1, 0, 1, 1, 0, 1, 0]
Fitness: 1565.793554 	[4, 0, 12, 2, 13, 0, 14, 6, 7, 0, 9, 10, 1, 11, 3, 5, 15, 8, 0, 1, 0, 1, 1, 1, 0, 1, 1, 1, 0, 1, 1, 0, 1, 0]
Fitness: 1565.793554 	[4, 0, 12, 2, 13, 0, 14, 6, 7, 0, 9, 10, 1, 11, 3, 5, 15, 8, 0, 1, 0, 1, 1, 1, 0, 1, 1, 1, 0, 1, 1, 0, 1, 0]
Fitness: 1565.793554 	[4, 0, 12, 2, 13, 0, 14, 6, 7, 0, 9, 10, 1, 11, 3, 5, 15, 8, 0, 1, 0, 1, 1, 1, 0, 1, 1, 1, 0, 1, 1, 0, 1, 0]
Fitness: 1565.793554 	[4, 0, 12, 2, 13, 0, 14, 6, 7, 0, 9, 10, 1, 11, 3, 5, 15, 8, 0, 1, 0, 1, 1, 1, 0, 1, 1, 1, 0, 1, 1, 0, 1, 0]
Fitness: 1565.793554 	[4, 0, 12, 2, 13, 0, 14, 6, 7, 0, 9, 10, 1, 11, 3, 5, 15, 8, 0, 1, 0, 1, 1, 1, 0, 1, 1, 1, 0, 1, 1, 0, 1, 0]
Fitness: 1565.793554 	[4, 0, 12, 2, 13, 0, 14, 6, 7, 0, 9, 10, 1, 11, 3, 5, 15, 8, 0, 1, 0, 1, 1, 1, 0, 1, 1, 1, 0, 1, 1, 0, 1, 0]
Fitness: 1565.793554 	[12, 2, 13, 0, 14, 6, 7, 0, 4, 0, 9, 10, 1, 11, 3, 5, 15, 8, 0, 1, 0, 1, 1, 1, 0, 1, 1, 0, 1, 1, 1, 0, 1, 0]
Fitness: 1565.793554 	[12, 2, 13, 0, 14, 6, 7, 0, 4, 0, 9, 10, 1, 11, 3, 5, 15, 8, 0, 1, 0, 1, 1, 1, 0, 1, 1, 0, 1, 1, 1, 0, 1, 0]
Fitness: 1565.793554 	[4, 0, 12, 2, 13, 0, 14, 6, 7, 0, 9, 10, 1, 11, 3, 5, 15, 8, 0, 1, 0, 1, 1, 1, 0, 1, 1, 1, 0, 1, 1, 0, 1, 0]
Fitness: 1565.793554 	[4, 0, 12, 2, 13, 0, 14, 6, 7, 0, 9, 10, 1, 11, 3, 5, 15, 8, 0, 1, 0, 1, 1, 1, 0, 1, 1, 1, 0, 1, 1, 0, 1, 0]
Fitness: 1565.793554 	[12, 2, 13, 0, 4, 0, 14, 6, 7, 0, 9, 10, 1, 11, 3, 5, 15, 8, 0, 1, 0, 1, 1, 1, 0, 1, 1, 1, 0, 1, 1, 0, 1, 0]
Fitness: 1565.793554 	[12, 2, 13, 0, 4, 0, 14, 6, 7, 0, 9, 10, 1, 11, 3, 5, 15, 8, 0, 1, 0, 1, 1, 1, 0, 1, 1, 1, 0, 1, 1, 0, 1, 0]
Fitness: 1565.793554 	[4, 0, 12, 2, 13, 0, 14, 6, 7, 0, 9, 10, 1, 11, 3, 5, 15, 8, 0, 1, 0, 1, 1, 1, 0, 1, 1, 1, 0, 1, 1, 0, 1, 0]
Fitness: 1565.793554 	[4, 0, 12, 2, 13, 0, 14, 6, 7, 0, 9, 10, 1, 11, 3, 5, 15, 8, 0, 1, 0, 1, 1, 1, 0, 1, 1, 1, 0, 1, 1, 0, 1, 0]
Fitness: 1565.793554 	[4, 0, 12, 2, 13, 0, 14, 6, 7, 0, 9, 10, 1, 11, 3, 5, 15, 8, 0, 1, 0, 1, 1, 1, 0, 1, 1, 1, 0, 1, 1, 0, 1, 0]
Fitness: 1612.391329 	[4, 0, 12, 2, 13, 0, 6, 1, 0, 3, 5, 7, 8, 9, 10, 11, 14, 15, 0, 1, 0, 1, 1, 1, 0, 1, 1, 1, 0, 1, 1, 0, 1, 0]
Fitness: 1612.391329 	[4, 0, 12, 2, 13, 0, 6, 1, 0, 3, 5, 7, 8, 9, 10, 11, 14, 15, 0, 1, 0, 1, 1, 1, 0, 1, 1, 1, 0, 1, 1, 0, 1, 0]
Fitness: 1612.391329 	[4, 0, 12, 2, 13, 0, 6, 1, 0, 3, 5, 7, 8, 9, 10, 11, 14, 15, 0, 1, 0, 1, 1, 1, 0, 1, 1, 1, 0, 1, 1, 0, 1, 0]
Fitness: 1565.793554 	[4, 0, 14, 6, 7, 0, 12, 2, 13, 0, 9, 10, 1, 11, 3, 5, 15, 8, 0, 1, 0, 1, 1, 1, 0, 1, 1, 0, 1, 1, 1, 0, 1, 0]
Fitness: 1607.506940 	[12, 2, 7, 3, 10, 0, 4, 0, 13, 6, 0, 1, 5, 8, 9, 11, 14, 15, 0, 1, 0, 1, 0, 1, 1, 1, 1, 0, 1, 1, 1, 0, 1, 0]
Fitness: 1565.793554 	[6, 14, 7, 0, 4, 0, 9, 10, 1, 11, 3, 5, 15, 8, 0, 12, 2, 13, 0, 1, 0, 1, 1, 1, 0, 1, 1, 0, 1, 1, 1, 0, 1, 0]
Fitness: 1612.391329 	[4, 0, 12, 2, 13, 0, 6, 1, 0, 9, 10, 14, 11, 3, 5, 15, 8, 7, 0, 1, 0, 1, 1, 1, 0, 1, 1, 1, 0, 1, 1, 0, 1, 0]
Fitness: 1584.127778 	[12, 13, 0, 2, 4, 0, 6, 1, 0, 3, 5, 7, 8, 9, 10, 11, 14, 15, 0, 1, 0, 1, 1, 0, 1, 1, 1, 1, 0, 1, 1, 0, 1, 0]
Fitness: 1580.830519 	[10, 1, 7, 5, 8, 0, 14, 9, 3, 2, 11, 12, 15, 0, 6, 13, 0, 4, 0, 1, 0, 1, 0, 1, 0, 1, 1, 1, 0, 1, 1, 1, 1, 0]
Fitness: 1584.127778 	[6, 1, 0, 2, 4, 0, 3, 13, 0, 5, 7, 8, 9, 10, 11, 12, 14, 15, 0, 1, 0, 1, 1, 0, 1, 1, 1, 0, 1, 1, 1, 0, 1, 0]
Fitness: 1607.506940 	[12, 2, 7, 3, 10, 0, 4, 0, 13, 6, 0, 1, 5, 8, 9, 11, 14, 15, 0, 1, 0, 1, 1, 1, 0, 1, 1, 1, 0, 1, 1, 0, 1, 0]
Fitness: 1612.391329 	[12, 2, 13, 0, 4, 0, 6, 1, 0, 3, 5, 7, 8, 9, 10, 11, 14, 15, 0, 1, 0, 1, 1, 1, 0, 1, 1, 1, 0, 1, 1, 0, 1, 0]
Fitness: 1607.506940 	[12, 2, 4, 0, 13, 6, 0, 1, 5, 8, 9, 11, 14, 15, 0, 3, 7, 10, 0, 1, 0, 1, 0, 1, 1, 1, 1, 0, 1, 1, 1, 0, 1, 0]
Fitness: 1580.830519 	[14, 9, 3, 2, 11, 12, 15, 0, 10, 1, 7, 5, 8, 0, 6, 13, 0, 4, 0, 1, 0, 1, 0, 1, 0, 1, 1, 0, 1, 1, 1, 1, 1, 0]
Fitness: 1571.873954 	[12, 2, 14, 0, 13, 6, 0, 4, 0, 9, 10, 1, 11, 3, 5, 15, 8, 7, 0, 1, 0, 1, 0, 1, 1, 1, 1, 0, 1, 1, 1, 0, 1, 0]
Fitness: 1580.830519 	[12, 2, 14, 0, 1, 3, 0, 6, 13, 0, 4, 5, 7, 8, 9, 10, 11, 15, 0, 1, 0, 1, 0, 1, 0, 1, 1, 1, 0, 1, 1, 1, 1, 0]
Fitness: 1565.793554 	[4, 0, 12, 2, 13, 0, 14, 6, 7, 0, 9, 10, 1, 11, 3, 5, 15, 8, 0, 1, 0, 1, 1, 1, 0, 1, 1, 0, 1, 1, 1, 0, 1, 0]
Fitness: 1584.127778 	[12, 13, 0, 2, 4, 0, 6, 1, 0, 3, 5, 7, 8, 9, 10, 11, 14, 15, 0, 1, 0, 1, 1, 0, 1, 1, 1, 0, 1, 1, 1, 0, 1, 0]
Fitness: 1565.793554 	[12, 13, 0, 2, 1, 0, 4, 0, 14, 6, 7, 3, 5, 8, 9, 10, 11, 15, 0, 1, 0, 1, 1, 1, 0, 1, 1, 1, 0, 1, 1, 0, 1, 0]
Fitness: 1612.391329 	[4, 0, 12, 2, 13, 0, 6, 1, 0, 3, 5, 7, 8, 9, 10, 11, 14, 15, 0, 1, 0, 1, 1, 1, 0, 1, 1, 1, 0, 1, 1, 0, 1, 0]
Fitness: 1612.391329 	[4, 0, 12, 2, 13, 0, 6, 1, 0, 3, 5, 7, 8, 9, 10, 11, 14, 15, 0, 1, 0, 1, 1, 1, 0, 1, 1, 1, 0, 1, 1, 0, 1, 0]
Fitness: 1612.391329 	[6, 1, 0, 3, 5, 7, 8, 9, 10, 11, 14, 15, 0, 2, 12, 0, 4, 13, 0, 1, 0, 1, 1, 1, 0, 1, 1, 1, 0, 1, 1, 0, 1, 0]
Fitness: 1580.632655 	[12, 2, 7, 3, 10, 0, 13, 6, 0, 4, 0, 1, 5, 8, 9, 11, 14, 15, 0, 1, 0, 1, 0, 1, 1, 1, 1, 0, 1, 1, 1, 0, 1, 0]
Fitness: 1607.506940 	[12, 2, 7, 3, 10, 0, 4, 0, 13, 6, 0, 1, 5, 8, 9, 11, 14, 15, 0, 1, 0, 1, 0, 1, 1, 1, 1, 0, 1, 1, 1, 0, 1, 0]
Fitness: 1580.632655 	[4, 0, 12, 2, 7, 3, 10, 0, 13, 6, 0, 1, 5, 8, 9, 11, 14, 15, 0, 1, 0, 1, 0, 1, 1, 1, 1, 0, 1, 1, 1, 0, 1, 0]
Fitness: 1565.793554 	[12, 2, 13, 0, 4, 0, 14, 6, 7, 0, 9, 10, 1, 11, 3, 5, 15, 8, 0, 1, 0, 1, 0, 1, 1, 1, 1, 0, 1, 1, 1, 0, 1, 0]
Fitness: 1607.506940 	[1, 5, 8, 9, 11, 14, 15, 0, 4, 0, 13, 6, 0, 12, 2, 7, 3, 10, 0, 1, 0, 1, 0, 1, 1, 1, 1, 0, 1, 1, 1, 0, 1, 0]
Fitness: 1565.793554 	[12, 2, 13, 0, 9, 10, 1, 11, 3, 5, 15, 8, 0, 4, 6, 0, 14, 7, 0, 1, 0, 1, 1, 1, 0, 1, 1, 1, 0, 1, 1, 0, 1, 0]
Fitness: 1607.506940 	[4, 0, 13, 6, 0, 1, 2, 0, 5, 8, 7, 3, 10, 9, 11, 14, 15, 12, 0, 1, 0, 1, 0, 1, 1, 1, 1, 0, 1, 1, 1, 0, 1, 0]
Fitness: 1612.391329 	[4, 0, 12, 2, 13, 0, 6, 1, 0, 3, 5, 7, 8, 9, 10, 11, 14, 15, 0, 1, 0, 1, 1, 1, 0, 1, 1, 0, 1, 1, 1, 0, 1, 0]
Fitness: 1565.793554 	[4, 0, 14, 6, 7, 0, 12, 2, 13, 0, 9, 10, 1, 11, 3, 5, 15, 8, 0, 1, 0, 1, 1, 1, 0, 1, 1, 0, 1, 1, 1, 0, 1, 0]
Fitness: 1612.391329 	[4, 0, 1, 6, 0, 12, 2, 13, 0, 3, 5, 7, 8, 9, 10, 11, 14, 15, 0, 1, 0, 1, 1, 1, 0, 1, 1, 1, 0, 1, 1, 0, 1, 0]
Fitness: 1602.627919 	[4, 0, 6, 1, 0, 12, 2, 13, 0, 3, 5, 7, 8, 9, 10, 11, 14, 15, 0, 1, 0, 1, 1, 1, 0, 1, 1, 0, 1, 1, 1, 0, 1, 0]
Fitness: 1565.793554 	[4, 0, 14, 6, 7, 0, 12, 2, 13, 0, 9, 10, 1, 11, 3, 5, 15, 8, 0, 1, 0, 1, 1, 1, 0, 1, 1, 0, 1, 1, 1, 0, 1, 0]
Fitness: 1602.627919 	[4, 0, 6, 1, 0, 12, 2, 13, 0, 9, 10, 14, 11, 3, 5, 15, 8, 7, 0, 1, 0, 1, 1, 1, 0, 1, 1, 1, 0, 1, 1, 0, 1, 0]
Fitness: 1565.793554 	[4, 0, 12, 2, 13, 0, 14, 6, 7, 0, 9, 10, 1, 11, 3, 5, 15, 8, 0, 1, 0, 1, 1, 1, 0, 1, 1, 1, 0, 1, 1, 0, 1, 0]
Fitness: 1602.627919 	[6, 1, 0, 4, 0, 12, 2, 13, 0, 3, 5, 7, 8, 9, 10, 11, 14, 15, 0, 1, 0, 1, 1, 1, 0, 1, 1, 1, 0, 1, 1, 0, 1, 0]
Fitness: 1565.793554 	[2, 1, 0, 3, 0, 14, 6, 7, 0, 4, 5, 8, 9, 10, 11, 12, 13, 15, 0, 1, 0, 1, 1, 1, 0, 1, 1, 1, 0, 1, 1, 0, 1, 0]
Fitness: 1580.830519 	[1, 0, 5, 6, 7, 0, 4, 0, 14, 9, 3, 2, 11, 12, 15, 8, 10, 13, 0, 1, 0, 1, 0, 1, 0, 1, 1, 1, 0, 1, 1, 1, 1, 0]
Fitness: 1612.391329 	[4, 0, 12, 2, 13, 0, 6, 1, 0, 3, 5, 7, 8, 9, 10, 11, 14, 15, 0, 1, 0, 1, 1, 1, 0, 1, 1, 1, 0, 1, 1, 0, 1, 0]
Fitness: 1602.627919 	[6, 1, 0, 4, 0, 12, 2, 13, 0, 3, 5, 7, 8, 9, 10, 11, 14, 15, 0, 1, 0, 1, 1, 1, 0, 1, 1, 1, 0, 1, 1, 0, 1, 0]
Fitness: 1612.391329 	[4, 0, 6, 1, 0, 12, 2, 13, 0, 3, 5, 7, 8, 9, 10, 11, 14, 15, 0, 1, 0, 1, 1, 1, 0, 1, 1, 1, 0, 1, 1, 0, 1, 0]
Fitness: 1607.506940 	[12, 2, 7, 3, 10, 0, 4, 0, 13, 6, 0, 1, 5, 8, 9, 11, 14, 15, 0, 1, 0, 1, 1, 1, 0, 1, 1, 0, 1, 1, 1, 0, 1, 0]
Fitness: 1565.793554 	[4, 0, 14, 6, 7, 0, 12, 2, 13, 0, 9, 10, 1, 11, 3, 5, 15, 8, 0, 1, 0, 1, 1, 1, 0, 1, 1, 0, 1, 1, 1, 0, 1, 0]
Fitness: 1607.506940 	[1, 5, 8, 0, 12, 2, 7, 3, 10, 0, 4, 6, 13, 0, 9, 11, 14, 15, 0, 1, 0, 1, 0, 1, 1, 1, 1, 0, 1, 1, 1, 0, 1, 0]
Fitness: 1565.793554 	[4, 0, 12, 2, 13, 0, 14, 6, 7, 0, 9, 10, 1, 11, 3, 5, 15, 8, 0, 1, 0, 1, 1, 1, 0, 1, 1, 0, 1, 1, 1, 0, 1, 0]
Fitness: 1565.793554 	[4, 0, 14, 6, 7, 0, 12, 2, 13, 0, 9, 10, 1, 11, 3, 5, 15, 8, 0, 1, 0, 1, 1, 1, 0, 1, 1, 0, 1, 1, 1, 0, 1, 0]
Fitness: 1565.793554 	[12, 2, 13, 0, 9, 10, 1, 11, 3, 5, 15, 8, 0, 4, 6, 14, 0, 7, 0, 1, 0, 1, 1, 1, 0, 1, 1, 1, 0, 1, 1, 0, 1, 0]
Fitness: 1565.793554 	[4, 0, 14, 6, 7, 0, 12, 2, 13, 0, 9, 10, 1, 11, 3, 5, 15, 8, 0, 1, 0, 1, 1, 1, 0, 1, 1, 1, 0, 1, 1, 0, 1, 0]
Fitness: 1612.391329 	[4, 0, 12, 2, 13, 0, 6, 1, 0, 3, 5, 7, 8, 9, 10, 11, 14, 15, 0, 1, 0, 1, 1, 1, 0, 1, 1, 1, 0, 1, 1, 0, 1, 0]
Fitness: 1565.793554 	[1, 0, 12, 2, 13, 0, 14, 6, 7, 0, 4, 3, 5, 8, 9, 10, 11, 15, 0, 1, 0, 1, 1, 1, 0, 1, 1, 0, 1, 1, 1, 0, 1, 0]
Fitness: 1565.793554 	[4, 0, 12, 2, 13, 0, 14, 6, 7, 0, 9, 10, 1, 11, 3, 5, 15, 8, 0, 1, 0, 1, 1, 1, 0, 1, 1, 1, 0, 1, 1, 0, 1, 0]
Fitness: 1565.793554 	[12, 2, 13, 0, 14, 6, 7, 0, 4, 0, 9, 10, 1, 11, 3, 5, 15, 8, 0, 1, 0, 1, 1, 1, 0, 1, 1, 0, 1, 1, 1, 0, 1, 0]
Fitness: 1565.793554 	[12, 2, 13, 0, 1, 3, 5, 0, 14, 6, 7, 0, 4, 8, 9, 10, 11, 15, 0, 1, 0, 1, 1, 1, 0, 1, 1, 1, 0, 1, 1, 0, 1, 0]
Fitness: 1607.506940 	[12, 2, 7, 3, 10, 0, 4, 0, 13, 6, 0, 1, 5, 8, 9, 11, 14, 15, 0, 1, 0, 1, 0, 1, 1, 1, 1, 0, 1, 1, 1, 0, 1, 0]
Fitness: 1612.391329 	[4, 0, 12, 2, 13, 0, 6, 1, 0, 3, 5, 7, 8, 9, 10, 11, 14, 15, 0, 1, 0, 1, 1, 1, 0, 1, 1, 1, 0, 1, 1, 0, 1, 0]
Fitness: 1607.506940 	[1, 0, 5, 6, 13, 0, 4, 0, 12, 2, 7, 3, 10, 8, 9, 11, 14, 15, 0, 1, 0, 1, 0, 1, 1, 1, 1, 0, 1, 1, 1, 0, 1, 0]
Fitness: 1565.793554 	[4, 0, 12, 2, 13, 0, 14, 6, 7, 0, 9, 10, 1, 11, 3, 5, 15, 8, 0, 1, 0, 1, 1, 1, 0, 1, 1, 1, 0, 1, 1, 0, 1, 0]
Fitness: 1565.793554 	[12, 2, 13, 0, 4, 0, 14, 6, 7, 0, 9, 10, 1, 11, 3, 5, 15, 8, 0, 1, 0, 1, 1, 1, 0, 1, 1, 1, 0, 1, 1, 0, 1, 0]
Fitness: 1565.793554 	[12, 2, 13, 0, 14, 6, 7, 0, 9, 10, 1, 11, 3, 5, 15, 8, 0, 4, 0, 1, 0, 1, 1, 1, 0, 1, 1, 1, 0, 1, 1, 0, 1, 0]
Fitness: 1576.758677 	[2, 4, 0, 12, 13, 0, 6, 1, 0, 3, 5, 7, 8, 9, 10, 11, 14, 15, 0, 1, 0, 1, 0, 1, 1, 1, 1, 0, 1, 1, 1, 0, 1, 0]
Fitness: 1580.830519 	[10, 1, 7, 5, 8, 0, 14, 9, 3, 2, 11, 12, 15, 0, 6, 13, 0, 4, 0, 1, 0, 1, 0, 1, 0, 1, 1, 1, 0, 1, 1, 1, 1, 0]
Fitness: 1576.758677 	[4, 1, 6, 0, 2, 0, 12, 13, 0, 3, 5, 7, 8, 9, 10, 11, 14, 15, 0, 1, 0, 1, 1, 0, 1, 1, 1, 0, 1, 1, 1, 0, 1, 0]
Fitness: 1565.793554 	[4, 0, 14, 6, 7, 0, 12, 2, 13, 0, 9, 10, 1, 11, 3, 5, 15, 8, 0, 1, 0, 1, 1, 1, 0, 1, 1, 0, 1, 1, 1, 0, 1, 0]
Fitness: 1612.391329 	[4, 0, 12, 2, 13, 0, 6, 1, 0, 3, 5, 7, 8, 9, 10, 11, 14, 15, 0, 1, 0, 1, 1, 1, 0, 1, 1, 1, 0, 1, 1, 0, 1, 0]
Fitness: 1565.793554 	[4, 0, 9, 10, 1, 11, 3, 5, 15, 8, 0, 6, 2, 0, 12, 13, 7, 14, 0, 1, 0, 1, 1, 1, 0, 1, 1, 0, 1, 1, 1, 0, 1, 0]
Fitness: 1565.793554 	[4, 0, 14, 6, 7, 0, 12, 2, 13, 0, 9, 10, 1, 11, 3, 5, 15, 8, 0, 1, 0, 1, 1, 1, 0, 1, 1, 0, 1, 1, 1, 0, 1, 0]
Fitness: 1565.793554 	[4, 0, 14, 6, 7, 0, 12, 2, 13, 0, 9, 10, 1, 11, 3, 5, 15, 8, 0, 1, 0, 1, 1, 1, 0, 1, 1, 0, 1, 1, 1, 0, 1, 0]
Fitness: 1565.793554 	[4, 0, 9, 10, 1, 11, 3, 5, 15, 8, 0, 12, 2, 13, 0, 14, 6, 7, 0, 1, 0, 1, 1, 1, 0, 1, 1, 0, 1, 1, 1, 0, 1, 0]
Fitness: 1602.627919 	[4, 3, 5, 7, 8, 0, 6, 1, 0, 12, 2, 13, 0, 9, 10, 11, 14, 15, 0, 1, 0, 0, 1, 1, 0, 1, 1, 1, 0, 1, 1, 1, 1, 0]
Fitness: 1602.627919 	[1, 4, 0, 6, 0, 12, 2, 13, 0, 3, 5, 7, 8, 9, 10, 11, 14, 15, 0, 1, 1, 1, 0, 1, 0, 1, 1, 0, 1, 1, 1, 0, 1, 0]
Fitness: 1607.506940 	[12, 2, 7, 3, 0, 4, 0, 10, 13, 6, 0, 1, 5, 8, 9, 11, 14, 15, 0, 1, 0, 1, 1, 1, 1, 1, 1, 0, 0, 1, 1, 0, 1, 0]
Fitness: 1565.793554 	[4, 0, 14, 6, 7, 0, 12, 13, 0, 2, 9, 10, 1, 11, 3, 5, 15, 8, 0, 1, 0, 1, 1, 1, 0, 1, 0, 1, 1, 1, 1, 0, 1, 0]
Fitness: 1565.793554 	[12, 2, 13, 0, 9, 10, 1, 11, 3, 5, 15, 8, 0, 7, 4, 6, 0, 14, 0, 1, 0, 1, 1, 1, 1, 1, 1, 1, 0, 1, 1, 0, 0, 0]
Fitness: 1565.793554 	[9, 10, 1, 11, 0, 4, 12, 2, 13, 0, 14, 6, 7, 0, 3, 5, 15, 8, 0, 1, 0, 1, 1, 1, 0, 1, 1, 0, 1, 1, 1, 0, 1, 0]
Fitness: 1612.391329 	[6, 0, 3, 5, 7, 8, 9, 10, 11, 14, 15, 0, 2, 12, 0, 1, 4, 13, 0, 1, 0, 0, 1, 1, 1, 1, 1, 1, 0, 1, 1, 0, 1, 0]
Fitness: 1607.506940 	[12, 2, 3, 10, 0, 4, 0, 7, 13, 6, 0, 1, 5, 8, 9, 11, 14, 15, 0, 1, 0, 1, 1, 1, 1, 1, 1, 0, 1, 1, 1, 0, 0, 0]
Fitness: 1565.793554 	[4, 0, 12, 2, 13, 0, 3, 14, 6, 7, 0, 9, 10, 1, 11, 5, 15, 8, 0, 0, 0, 1, 1, 1, 0, 1, 1, 1, 0, 1, 1, 1, 1, 0]
Fitness: 1565.793554 	[4, 0, 12, 2, 13, 0, 6, 7, 0, 14, 9, 10, 1, 11, 3, 5, 15, 8, 0, 0, 0, 1, 1, 1, 0, 1, 1, 1, 0, 1, 1, 1, 1, 0]
Fitness: 1565.793554 	[4, 0, 6, 7, 0, 12, 2, 13, 0, 14, 9, 10, 1, 11, 3, 5, 15, 8, 0, 1, 0, 1, 1, 1, 0, 1, 1, 0, 1, 0, 1, 1, 1, 0]
Fitness: 1580.632655 	[4, 1, 5, 8, 0, 12, 2, 7, 3, 10, 0, 13, 6, 0, 9, 11, 14, 15, 0, 1, 0, 1, 1, 0, 1, 1, 1, 0, 1, 1, 1, 0, 1, 0]
Fitness: 1565.793554 	[15, 1, 0, 12, 2, 13, 0, 14, 6, 7, 0, 4, 3, 5, 8, 9, 10, 11, 0, 1, 0, 1, 1, 1, 1, 1, 0, 0, 1, 1, 1, 0, 1, 0]
Fitness: 1577.619526 	[4, 0, 5, 12, 2, 13, 0, 14, 6, 7, 0, 9, 10, 1, 11, 3, 15, 8, 0, 1, 0, 1, 1, 1, 0, 1, 1, 1, 0, 1, 1, 0, 1, 0]
Fitness: 1565.793554 	[12, 2, 13, 0, 8, 4, 0, 14, 6, 7, 0, 9, 10, 1, 11, 3, 5, 15, 0, 1, 0, 1, 1, 1, 1, 0, 1, 1, 0, 1, 1, 0, 1, 0]
Fitness: 1602.627919 	[4, 9, 10, 14, 11, 0, 6, 1, 0, 12, 2, 13, 0, 3, 5, 15, 8, 7, 0, 1, 1, 1, 1, 1, 0, 1, 0, 1, 0, 1, 1, 0, 1, 0]
Fitness: 1565.793554 	[4, 0, 14, 6, 7, 0, 9, 12, 2, 13, 0, 10, 1, 11, 3, 5, 15, 8, 0, 1, 0, 1, 1, 1, 0, 1, 1, 0, 0, 1, 1, 1, 1, 0]
Fitness: 1565.793554 	[4, 0, 14, 6, 0, 12, 2, 13, 0, 7, 9, 10, 1, 11, 3, 5, 15, 8, 0, 1, 1, 1, 1, 1, 0, 1, 1, 0, 0, 1, 1, 0, 1, 0]
Fitness: 1607.506940 	[12, 2, 7, 3, 0, 10, 4, 0, 13, 6, 0, 1, 5, 8, 9, 11, 14, 15, 0, 1, 1, 1, 0, 1, 1, 1, 1, 0, 1, 0, 1, 0, 1, 0]
Fitness: 1565.793554 	[4, 0, 2, 13, 0, 12, 14, 6, 7, 0, 9, 10, 1, 11, 3, 5, 15, 8, 0, 1, 0, 1, 1, 0, 0, 1, 1, 1, 1, 1, 1, 0, 1, 0]
Fitness: 1580.830519 	[4, 10, 1, 7, 5, 8, 0, 2, 11, 12, 15, 0, 6, 13, 0, 14, 9, 3, 0, 1, 0, 1, 0, 1, 1, 1, 1, 1, 0, 1, 1, 0, 1, 0]
Fitness: 1580.632655 	[12, 2, 7, 3, 10, 0, 4, 13, 6, 0, 1, 5, 8, 0, 9, 11, 14, 15, 0, 0, 1, 1, 0, 1, 1, 1, 1, 0, 1, 1, 1, 0, 1, 0]
Fitness: 1580.830519 	[1, 0, 4, 5, 6, 7, 0, 14, 9, 3, 2, 11, 0, 12, 15, 8, 10, 13, 0, 1, 0, 1, 0, 1, 1, 1, 1, 1, 0, 1, 1, 0, 1, 0]
Fitness: 1565.793554 	[4, 9, 10, 1, 0, 14, 6, 7, 0, 12, 2, 13, 0, 11, 3, 5, 15, 8, 0, 1, 1, 1, 1, 1, 0, 1, 0, 0, 1, 1, 1, 0, 1, 0]
Fitness: 1612.391329 	[12, 2, 13, 0, 4, 3, 5, 7, 8, 0, 6, 1, 0, 9, 10, 11, 14, 15, 0, 1, 1, 0, 1, 1, 0, 1, 1, 1, 0, 1, 1, 0, 1, 0]
Fitness: 1565.793554 	[4, 0, 6, 7, 0, 14, 12, 2, 13, 0, 9, 10, 1, 11, 3, 5, 15, 8, 0, 1, 0, 0, 1, 1, 0, 1, 1, 0, 1, 1, 1, 1, 1, 0]
Fitness: 1584.127778 	[12, 0, 2, 4, 0, 6, 1, 0, 13, 3, 5, 7, 8, 9, 10, 11, 14, 15, 0, 1, 0, 1, 1, 0, 1, 1, 1, 1, 0, 0, 1, 1, 1, 0]
Fitness: 1565.793554 	[6, 4, 0, 14, 7, 0, 12, 2, 13, 0, 9, 10, 1, 11, 3, 5, 15, 8, 0, 1, 0, 1, 1, 1, 1, 1, 1, 0, 1, 1, 1, 0, 0, 0]
Fitness: 1565.793554 	[9, 10, 1, 11, 0, 3, 5, 15, 8, 0, 12, 2, 13, 0, 4, 14, 6, 7, 0, 1, 0, 1, 0, 1, 0, 1, 1, 1, 1, 1, 1, 0, 1, 0]
Fitness: 1576.758677 	[4, 1, 6, 0, 2, 0, 9, 12, 13, 0, 3, 5, 7, 8, 10, 11, 14, 15, 0, 1, 1, 1, 1, 0, 1, 1, 0, 0, 1, 1, 1, 0, 1, 0]
Fitness: 1580.830519 	[10, 1, 7, 5, 8, 0, 6, 14, 9, 3, 2, 11, 12, 15, 0, 13, 0, 4, 0, 1, 0, 1, 0, 1, 0, 1, 1, 1, 1, 0, 1, 1, 1, 0]
Fitness: 1612.391329 	[4, 0, 12, 2, 13, 0, 3, 6, 1, 0, 5, 7, 8, 9, 10, 11, 14, 15, 0, 1, 0, 1, 1, 1, 0, 1, 1, 0, 1, 1, 1, 0, 1, 0]
Fitness: 1607.506940 	[1, 8, 9, 11, 14, 15, 0, 4, 0, 5, 13, 6, 0, 12, 2, 7, 3, 10, 0, 1, 0, 1, 0, 1, 1, 0, 1, 0, 1, 1, 1, 1, 1, 0]
Fitness: 1612.391329 	[6, 4, 0, 12, 2, 13, 0, 1, 0, 3, 5, 7, 8, 9, 10, 11, 14, 15, 0, 1, 1, 1, 1, 1, 0, 0, 1, 1, 0, 1, 1, 0, 1, 0]
Fitness: 1565.793554 	[9, 10, 1, 11, 0, 4, 14, 6, 7, 0, 12, 2, 13, 0, 3, 5, 15, 8, 0, 1, 0, 1, 1, 1, 0, 1, 1, 0, 1, 1, 0, 1, 1, 0]
Fitness: 1612.391329 	[12, 2, 13, 0, 4, 5, 8, 7, 3, 0, 1, 6, 0, 10, 9, 11, 14, 15, 0, 0, 0, 1, 1, 1, 0, 1, 1, 1, 0, 1, 1, 1, 1, 0]
Fitness: 1565.793554 	[7, 4, 0, 14, 6, 0, 12, 2, 13, 0, 9, 10, 1, 11, 3, 5, 15, 8, 0, 1, 0, 1, 1, 1, 0, 1, 1, 1, 1, 1, 1, 0, 0, 0]
Fitness: 1565.793554 	[2, 4, 0, 12, 13, 0, 14, 6, 7, 0, 9, 10, 1, 11, 3, 5, 15, 8, 0, 1, 0, 1, 1, 0, 0, 1, 1, 1, 1, 1, 1, 0, 1, 0]
Fitness: 1612.391329 	[12, 2, 13, 0, 4, 3, 5, 7, 8, 0, 6, 1, 0, 9, 10, 11, 14, 15, 0, 1, 0, 1, 1, 1, 0, 1, 0, 1, 0, 1, 1, 1, 1, 0]
Fitness: 1580.632655 	[6, 12, 2, 7, 3, 10, 0, 13, 0, 4, 0, 1, 5, 8, 9, 11, 14, 15, 0, 1, 0, 1, 1, 1, 1, 1, 1, 0, 1, 1, 0, 0, 1, 0]
Fitness: 1602.627919 	[6, 0, 1, 4, 0, 12, 2, 13, 0, 3, 5, 7, 8, 9, 10, 11, 14, 15, 0, 1, 0, 0, 1, 1, 0, 1, 1, 1, 0, 1, 1, 1, 1, 0]
Fitness: 1612.391329 	[12, 13, 0, 4, 0, 2, 6, 1, 0, 3, 5, 7, 8, 9, 10, 11, 14, 15, 0, 1, 0, 1, 1, 1, 0, 1, 0, 1, 0, 1, 1, 1, 1, 0]
Fitness: 1612.391329 	[6, 4, 0, 12, 2, 13, 0, 1, 0, 3, 5, 7, 8, 9, 10, 11, 14, 15, 0, 1, 0, 0, 1, 1, 0, 1, 1, 1, 1, 1, 1, 0, 1, 0]
Fitness: 1612.391329 	[3, 5, 7, 8, 0, 4, 12, 2, 13, 0, 6, 1, 0, 9, 10, 11, 14, 15, 0, 1, 1, 1, 1, 1, 0, 1, 0, 1, 0, 1, 1, 0, 1, 0]
Fitness: 1565.793554 	[4, 0, 14, 6, 0, 7, 12, 2, 13, 0, 9, 10, 1, 11, 3, 5, 15, 8, 0, 1, 0, 0, 1, 1, 1, 1, 1, 0, 1, 1, 1, 0, 1, 0]
Fitness: 1576.758677 	[2, 4, 0, 12, 13, 0, 6, 0, 1, 3, 5, 7, 8, 9, 10, 11, 14, 15, 0, 1, 0, 1, 1, 0, 1, 1, 1, 1, 1, 1, 1, 0, 0, 0]
Fitness: 1584.127778 	[13, 0, 2, 4, 0, 6, 1, 0, 12, 3, 5, 7, 8, 9, 10, 11, 14, 15, 0, 0, 1, 1, 1, 0, 1, 1, 1, 0, 1, 1, 1, 0, 1, 0]
Fitness: 1584.127778 	[12, 13, 0, 4, 0, 2, 6, 1, 0, 3, 5, 7, 8, 9, 10, 11, 14, 15, 0, 1, 0, 1, 1, 0, 1, 1, 1, 0, 0, 1, 1, 1, 1, 0]
Fitness: 1565.793554 	[4, 0, 12, 2, 13, 0, 6, 7, 0, 14, 9, 10, 1, 11, 3, 5, 15, 8, 0, 0, 0, 1, 1, 1, 1, 1, 1, 1, 0, 1, 1, 0, 1, 0]
Fitness: 1607.506940 	[13, 12, 2, 7, 3, 10, 0, 4, 0, 6, 0, 1, 5, 8, 9, 11, 14, 15, 0, 1, 0, 1, 0, 1, 1, 1, 1, 1, 1, 1, 0, 0, 1, 0]
Fitness: 1612.391329 	[3, 5, 7, 8, 9, 10, 11, 14, 15, 0, 4, 0, 2, 6, 1, 0, 12, 13, 0, 1, 0, 1, 1, 1, 0, 1, 0, 1, 0, 1, 1, 1, 1, 0]
Fitness: 1584.127778 	[12, 3, 5, 7, 8, 9, 10, 11, 14, 15, 0, 2, 4, 0, 6, 1, 0, 13, 0, 0, 1, 1, 1, 0, 1, 1, 1, 0, 1, 1, 1, 0, 1, 0]
Fitness: 1565.793554 	[4, 0, 14, 6, 7, 0, 9, 10, 1, 11, 3, 5, 15, 8, 0, 12, 2, 13, 0, 1, 0, 1, 1, 1, 0, 1, 1, 0, 1, 1, 1, 0, 1, 0]
Fitness: 1602.627919 	[6, 1, 0, 4, 0, 3, 5, 7, 8, 9, 10, 11, 14, 15, 0, 12, 2, 13, 0, 1, 0, 1, 1, 1, 0, 1, 1, 1, 0, 1, 1, 0, 1, 0]
Fitness: 1565.793554 	[14, 6, 7, 0, 4, 0, 12, 2, 13, 0, 9, 10, 1, 11, 3, 5, 15, 8, 0, 1, 0, 1, 1, 1, 0, 1, 1, 1, 0, 1, 1, 0, 1, 0]
Fitness: 1612.391329 	[12, 2, 13, 0, 4, 0, 6, 1, 0, 3, 5, 7, 8, 9, 10, 11, 14, 15, 0, 1, 0, 1, 1, 1, 0, 1, 1, 1, 0, 1, 1, 0, 1, 0]
Fitness: 1612.391329 	[4, 0, 6, 1, 0, 12, 2, 13, 0, 3, 5, 7, 8, 9, 10, 11, 14, 15, 0, 1, 0, 1, 1, 1, 0, 1, 1, 1, 0, 1, 1, 0, 1, 0]
Fitness: 1565.793554 	[4, 0, 14, 9, 10, 1, 11, 3, 5, 15, 8, 0, 6, 7, 0, 12, 2, 13, 0, 0, 0, 1, 1, 1, 1, 1, 1, 1, 0, 1, 1, 0, 1, 0]
Fitness: 1612.391329 	[4, 0, 3, 5, 7, 8, 9, 10, 11, 14, 15, 0, 6, 1, 0, 12, 2, 13, 0, 1, 0, 1, 1, 1, 0, 1, 1, 1, 0, 1, 1, 0, 1, 0]
Fitness: 1565.793554 	[9, 10, 1, 11, 3, 5, 15, 8, 0, 4, 0, 6, 14, 7, 0, 12, 2, 13, 0, 1, 0, 1, 1, 1, 0, 1, 1, 0, 1, 1, 1, 0, 1, 0]
Fitness: 1565.793554 	[12, 14, 6, 7, 0, 2, 13, 0, 4, 0, 9, 10, 1, 11, 3, 5, 15, 8, 0, 1, 0, 1, 1, 0, 0, 1, 1, 1, 1, 1, 1, 0, 1, 0]
Fitness: 1565.793554 	[14, 6, 7, 0, 12, 2, 13, 0, 4, 0, 9, 10, 1, 11, 3, 5, 15, 8, 0, 1, 0, 1, 1, 1, 0, 1, 1, 1, 0, 1, 1, 0, 1, 0]
Fitness: 1612.391329 	[12, 2, 13, 0, 4, 0, 6, 1, 0, 3, 5, 7, 8, 9, 10, 11, 14, 15, 0, 1, 0, 1, 1, 1, 0, 1, 1, 1, 0, 1, 1, 0, 1, 0]
Fitness: 1565.793554 	[12, 2, 13, 0, 4, 0, 9, 10, 1, 11, 3, 5, 15, 8, 0, 14, 6, 7, 0, 1, 0, 1, 1, 1, 0, 1, 1, 1, 0, 1, 1, 0, 1, 0]
Fitness: 1607.506940 	[4, 0, 12, 2, 7, 3, 10, 0, 13, 6, 0, 1, 5, 8, 9, 11, 14, 15, 0, 1, 0, 1, 0, 1, 1, 1, 1, 0, 1, 1, 1, 0, 1, 0]
Fitness: 1612.391329 	[4, 0, 6, 1, 0, 12, 2, 13, 0, 3, 5, 7, 8, 9, 10, 11, 14, 15, 0, 1, 0, 1, 1, 1, 0, 1, 1, 1, 0, 1, 1, 0, 1, 0]
Fitness: 1565.793554 	[4, 0, 6, 7, 0, 14, 9, 10, 1, 11, 3, 5, 15, 8, 0, 12, 2, 13, 0, 1, 0, 1, 1, 1, 0, 1, 1, 0, 1, 0, 1, 1, 1, 0]
Fitness: 1576.758677 	[4, 1, 6, 0, 3, 5, 7, 8, 9, 10, 11, 14, 15, 0, 12, 13, 0, 2, 0, 1, 0, 1, 1, 0, 1, 1, 1, 0, 1, 1, 1, 0, 1, 0]
Fitness: 1612.391329 	[4, 0, 3, 5, 7, 8, 9, 10, 11, 14, 15, 0, 6, 1, 0, 12, 2, 13, 0, 1, 0, 1, 1, 1, 0, 1, 1, 1, 0, 1, 1, 0, 1, 0]
Fitness: 1607.506940 	[4, 0, 12, 2, 7, 3, 10, 0, 13, 6, 0, 1, 5, 8, 9, 11, 14, 15, 0, 1, 0, 1, 0, 1, 1, 1, 1, 0, 1, 1, 1, 0, 1, 0]
Fitness: 1565.793554 	[4, 0, 12, 2, 13, 0, 14, 6, 7, 0, 9, 10, 1, 11, 3, 5, 15, 8, 0, 1, 0, 1, 1, 1, 0, 1, 1, 0, 1, 1, 1, 0, 1, 0]
Fitness: 1612.391329 	[3, 5, 7, 8, 0, 4, 12, 2, 13, 0, 9, 10, 11, 14, 15, 0, 6, 1, 0, 1, 1, 1, 1, 1, 0, 1, 0, 1, 0, 1, 1, 0, 1, 0]
Fitness: 1612.391329 	[3, 5, 7, 8, 9, 10, 11, 14, 15, 0, 12, 2, 13, 0, 6, 1, 0, 4, 0, 1, 0, 1, 1, 1, 0, 1, 1, 1, 0, 1, 1, 0, 1, 0]
Fitness: 1565.793554 	[12, 2, 13, 0, 4, 0, 14, 6, 7, 0, 9, 10, 1, 11, 3, 5, 15, 8, 0, 1, 0, 1, 1, 1, 0, 1, 1, 1, 0, 1, 1, 0, 1, 0]
Fitness: 1607.506940 	[13, 6, 0, 4, 0, 12, 2, 7, 3, 10, 0, 1, 5, 8, 9, 11, 14, 15, 0, 1, 0, 1, 0, 1, 1, 1, 1, 0, 1, 1, 1, 0, 1, 0]
Fitness: 1612.391329 	[6, 4, 0, 12, 2, 13, 0, 3, 5, 7, 8, 9, 10, 11, 14, 15, 0, 1, 0, 1, 0, 0, 1, 1, 0, 1, 1, 1, 1, 1, 1, 0, 1, 0]
Fitness: 1565.793554 	[4, 3, 5, 8, 9, 10, 11, 0, 12, 2, 13, 0, 14, 6, 7, 0, 15, 1, 0, 1, 0, 1, 1, 1, 1, 1, 0, 0, 1, 1, 1, 0, 1, 0]
Fitness: 1565.793554 	[3, 5, 15, 8, 0, 9, 10, 1, 11, 0, 12, 2, 13, 0, 4, 14, 6, 7, 0, 1, 0, 1, 0, 1, 0, 1, 1, 1, 1, 1, 1, 0, 1, 0]
Fitness: 1612.391329 	[4, 5, 8, 7, 3, 0, 12, 2, 13, 0, 1, 6, 0, 10, 9, 11, 14, 15, 0, 0, 0, 1, 1, 1, 0, 1, 1, 1, 0, 1, 1, 1, 1, 0]
Fitness: 1612.391329 	[12, 2, 13, 0, 4, 0, 6, 1, 0, 3, 5, 7, 8, 9, 10, 11, 14, 15, 0, 1, 0, 1, 1, 1, 0, 1, 1, 1, 0, 1, 1, 0, 1, 0]
Fitness: 1612.391329 	[12, 2, 13, 0, 6, 1, 0, 4, 0, 3, 5, 7, 8, 9, 10, 11, 14, 15, 0, 1, 0, 1, 1, 1, 0, 1, 1, 1, 0, 1, 1, 0, 1, 0]
Fitness: 1580.830519 	[4, 0, 14, 9, 3, 2, 11, 12, 15, 0, 6, 13, 0, 10, 1, 7, 5, 8, 0, 1, 0, 1, 0, 1, 0, 1, 1, 1, 0, 1, 1, 1, 1, 0]
Fitness: 1612.391329 	[12, 2, 13, 0, 6, 1, 0, 4, 0, 3, 5, 7, 8, 9, 10, 11, 14, 15, 0, 1, 0, 1, 1, 1, 0, 1, 1, 1, 0, 1, 1, 0, 1, 0]
Fitness: 1580.830519 	[4, 10, 1, 7, 5, 8, 0, 2, 11, 12, 15, 0, 14, 9, 3, 0, 6, 13, 0, 1, 0, 1, 0, 1, 1, 1, 1, 1, 0, 1, 1, 0, 1, 0]
Fitness: 1565.793554 	[14, 6, 7, 0, 4, 0, 12, 2, 13, 0, 9, 10, 1, 11, 3, 5, 15, 8, 0, 1, 0, 1, 1, 1, 0, 1, 1, 1, 0, 1, 1, 0, 1, 0]
Fitness: 1612.391329 	[3, 5, 7, 8, 9, 10, 11, 14, 15, 0, 4, 0, 6, 1, 0, 12, 2, 13, 0, 1, 0, 1, 1, 1, 0, 1, 1, 1, 0, 1, 1, 0, 1, 0]
Fitness: 1580.830519 	[6, 13, 0, 14, 9, 3, 2, 11, 12, 15, 0, 10, 1, 7, 5, 8, 0, 4, 0, 1, 0, 1, 0, 1, 0, 1, 1, 1, 0, 1, 1, 1, 1, 0]
Fitness: 1565.793554 	[12, 2, 13, 0, 9, 10, 1, 11, 3, 5, 15, 8, 0, 4, 0, 14, 6, 7, 0, 1, 0, 1, 1, 1, 0, 1, 1, 0, 1, 1, 1, 0, 1, 0]
Fitness: 1612.391329 	[4, 0, 3, 5, 7, 8, 9, 10, 11, 14, 15, 0, 6, 1, 0, 12, 2, 13, 0, 1, 0, 1, 1, 1, 0, 1, 1, 1, 0, 1, 1, 0, 1, 0]
Fitness: 1612.391329 	[4, 13, 0, 3, 5, 7, 8, 9, 10, 11, 14, 15, 0, 2, 12, 0, 6, 1, 0, 1, 0, 1, 1, 1, 0, 1, 1, 1, 0, 1, 1, 0, 1, 0]
Fitness: 1565.793554 	[4, 0, 12, 2, 13, 0, 14, 6, 7, 0, 9, 10, 1, 11, 3, 5, 15, 8, 0, 1, 0, 1, 1, 1, 0, 1, 1, 0, 1, 1, 1, 0, 1, 0]
Fitness: 1565.793554 	[7, 4, 0, 12, 2, 13, 0, 14, 6, 0, 9, 10, 1, 11, 3, 5, 15, 8, 0, 1, 0, 1, 1, 1, 0, 1, 1, 1, 1, 1, 1, 0, 0, 0]
Fitness: 1580.830519 	[14, 9, 3, 2, 11, 12, 15, 0, 4, 0, 6, 13, 0, 10, 1, 7, 5, 8, 0, 1, 0, 1, 0, 1, 0, 1, 1, 0, 1, 1, 1, 1, 1, 0]
Fitness: 1580.830519 	[14, 9, 3, 2, 11, 12, 15, 0, 10, 1, 7, 5, 8, 0, 6, 13, 0, 4, 0, 1, 0, 1, 0, 1, 0, 1, 1, 1, 0, 1, 1, 1, 1, 0]
Fitness: 1607.506940 	[12, 2, 7, 3, 10, 0, 4, 0, 13, 6, 0, 1, 5, 8, 9, 11, 14, 15, 0, 1, 0, 1, 0, 1, 1, 1, 1, 0, 1, 1, 1, 0, 1, 0]
Fitness: 1580.830519 	[13, 0, 6, 14, 9, 3, 2, 11, 12, 15, 0, 10, 1, 7, 5, 8, 0, 4, 0, 1, 0, 1, 0, 1, 0, 1, 1, 1, 1, 0, 1, 1, 1, 0]
Fitness: 1565.793554 	[9, 10, 1, 11, 3, 5, 15, 8, 0, 14, 6, 7, 0, 12, 2, 13, 0, 4, 0, 1, 0, 1, 1, 1, 0, 1, 1, 0, 1, 1, 1, 0, 1, 0]
Fitness: 1580.632655 	[9, 11, 14, 15, 0, 4, 13, 6, 0, 1, 5, 8, 0, 12, 2, 7, 3, 10, 0, 0, 1, 1, 0, 1, 1, 1, 1, 0, 1, 1, 1, 0, 1, 0]
Fitness: 1612.391329 	[4, 0, 6, 1, 0, 12, 2, 13, 0, 3, 5, 7, 8, 9, 10, 11, 14, 15, 0, 1, 0, 1, 1, 1, 0, 1, 1, 1, 0, 1, 1, 0, 1, 0]
Fitness: 1612.391329 	[4, 0, 12, 2, 13, 0, 6, 1, 0, 3, 5, 7, 8, 9, 10, 11, 14, 15, 0, 1, 0, 1, 1, 1, 0, 1, 1, 1, 0, 1, 1, 0, 1, 0]
Time: 0.36430