Fitness: 1337.326123 	[15, 2, 12, 0, 7, 8, 5, 13, 14, 10, 0, 4, 0, 6, 11, 3, 1, 9, 0, 1, 1, 0, 1, 0, 1, 0, 1, 1, 1, 1, 1, 0, 1, 0]
Fitness: 1330.445406 	[4, 0, 1, 3, 14, 0, 6, 5, 12, 0, 13, 2, 7, 8, 9, 10, 11, 15, 0, 1, 0, 1, 1, 1, 1, 0, 0, 1, 1, 1, 0, 1, 1, 0]
Fitness: 1319.016794 	[3, 12, 11, 0, 7, 8, 5, 13, 14, 10, 0, 15, 1, 9, 6, 2, 0, 4, 0, 1, 1, 0, 1, 0, 1, 0, 1, 1, 0, 1, 1, 1, 1, 0]
Fitness: 1319.016794 	[3, 12, 11, 0, 7, 8, 5, 13, 14, 10, 0, 15, 1, 9, 6, 2, 0, 4, 0, 1, 1, 0, 1, 0, 1, 0, 1, 1, 0, 1, 1, 1, 1, 0]
Fitness: 1293.401346 	[1, 8, 2, 9, 7, 3, 10, 0, 6, 12, 0, 4, 11, 0, 15, 13, 5, 14, 0, 1, 1, 0, 1, 0, 1, 1, 1, 1, 0, 1, 0, 1, 1, 0]
Fitness: 1272.100826 	[7, 8, 5, 13, 10, 0, 4, 0, 6, 1, 0, 14, 9, 3, 2, 11, 12, 15, 0, 0, 1, 0, 1, 1, 1, 0, 1, 1, 0, 1, 1, 1, 1, 0]
Fitness: 1268.331427 	[6, 12, 7, 9, 0, 4, 0, 2, 13, 0, 10, 1, 11, 3, 5, 15, 14, 8, 0, 0, 1, 1, 0, 1, 1, 1, 1, 0, 1, 0, 1, 1, 1, 0]
Fitness: 1264.436136 	[15, 1, 8, 2, 9, 7, 3, 10, 0, 12, 0, 6, 4, 11, 0, 13, 5, 14, 0, 1, 1, 0, 0, 1, 1, 1, 0, 1, 1, 1, 1, 0, 1, 0]
Fitness: 1262.192867 	[1, 8, 2, 9, 7, 3, 10, 0, 12, 0, 15, 13, 5, 14, 0, 6, 4, 11, 0, 1, 1, 0, 0, 1, 1, 1, 0, 1, 0, 1, 1, 1, 1, 0]
Fitness: 1261.081839 	[14, 4, 13, 7, 0, 6, 2, 12, 0, 11, 10, 0, 9, 5, 15, 3, 8, 1, 0, 1, 0, 1, 1, 0, 1, 1, 1, 0, 1, 1, 1, 0, 1, 0]
Fitness: 1260.267658 	[4, 0, 6, 12, 7, 0, 2, 13, 0, 9, 10, 1, 11, 3, 5, 15, 14, 8, 0, 0, 1, 1, 0, 1, 1, 1, 1, 0, 1, 1, 1, 1, 0, 0]
Fitness: 1260.267658 	[4, 0, 6, 12, 7, 0, 2, 13, 0, 9, 10, 1, 11, 3, 5, 15, 14, 8, 0, 0, 1, 1, 0, 1, 1, 1, 1, 0, 1, 1, 1, 1, 0, 0]
Fitness: 1247.477376 	[4, 0, 6, 12, 7, 9, 0, 10, 1, 11, 3, 5, 15, 14, 8, 0, 2, 13, 0, 0, 1, 1, 0, 1, 1, 1, 1, 0, 1, 0, 1, 1, 1, 0]
Fitness: 1231.121808 	[7, 15, 10, 4, 0, 6, 8, 5, 2, 0, 12, 0, 14, 11, 13, 3, 1, 9, 0, 1, 0, 1, 0, 1, 0, 1, 1, 1, 1, 1, 0, 1, 1, 0]
Fitness: 1226.593989 	[5, 14, 1, 7, 10, 15, 9, 8, 0, 13, 0, 2, 3, 12, 0, 6, 4, 11, 0, 1, 1, 0, 0, 1, 1, 1, 1, 1, 0, 1, 0, 1, 1, 0]
Fitness: 1225.680842 	[8, 2, 9, 7, 3, 10, 0, 6, 4, 11, 0, 12, 14, 5, 15, 0, 13, 1, 0, 1, 1, 0, 0, 1, 1, 1, 1, 1, 0, 1, 0, 1, 1, 0]
Fitness: 1198.735323 	[6, 0, 13, 14, 11, 8, 15, 1, 9, 5, 0, 7, 2, 12, 0, 3, 10, 4, 0, 0, 1, 1, 1, 0, 1, 1, 1, 0, 1, 1, 1, 0, 1, 0]
Fitness: 1198.735323 	[6, 0, 13, 14, 11, 8, 15, 1, 9, 5, 0, 7, 2, 12, 0, 3, 10, 4, 0, 0, 1, 1, 1, 0, 1, 1, 1, 0, 1, 1, 1, 0, 1, 0]
Fitness: 1194.854325 	[3, 10, 15, 0, 14, 4, 13, 7, 0, 6, 2, 12, 0, 11, 9, 1, 5, 8, 0, 1, 0, 1, 0, 1, 1, 1, 1, 0, 1, 1, 1, 0, 1, 0]
Fitness: 1184.779456 	[2, 5, 3, 0, 13, 0, 12, 14, 1, 7, 10, 6, 9, 8, 0, 4, 11, 15, 0, 1, 0, 0, 1, 1, 1, 1, 0, 1, 1, 0, 1, 1, 1, 0]
Fitness: 1184.012293 	[15, 10, 4, 0, 6, 8, 5, 2, 7, 0, 12, 0, 14, 11, 13, 3, 1, 9, 0, 1, 0, 1, 0, 1, 0, 1, 1, 1, 1, 0, 1, 1, 1, 0]
Fitness: 1184.012293 	[15, 10, 4, 0, 6, 8, 5, 2, 7, 0, 12, 0, 14, 11, 13, 3, 1, 9, 0, 1, 0, 1, 0, 1, 0, 1, 1, 1, 1, 0, 1, 1, 1, 0]
Fitness: 1182.223680 	[13, 14, 6, 9, 11, 3, 8, 15, 0, 7, 10, 4, 0, 1, 5, 12, 0, 2, 0, 0, 1, 0, 1, 0, 1, 1, 1, 0, 1, 1, 1, 1, 1, 0]
Fitness: 1181.363424 	[2, 8, 3, 5, 11, 6, 0, 4, 15, 9, 0, 12, 10, 7, 14, 1, 0, 13, 0, 1, 0, 1, 0, 1, 1, 0, 1, 1, 0, 1, 1, 1, 1, 0]
Fitness: 1177.081417 	[5, 14, 1, 7, 10, 15, 9, 8, 0, 13, 0, 6, 4, 11, 0, 2, 3, 12, 0, 1, 1, 0, 0, 1, 1, 1, 1, 1, 0, 1, 0, 1, 1, 0]
Fitness: 1176.559116 	[5, 1, 14, 15, 12, 0, 13, 0, 8, 2, 9, 7, 3, 10, 0, 6, 4, 11, 0, 1, 1, 0, 0, 1, 1, 1, 1, 1, 0, 1, 0, 1, 1, 0]
Fitness: 1175.326414 	[12, 14, 5, 15, 0, 6, 4, 11, 0, 8, 2, 9, 7, 3, 10, 0, 13, 1, 0, 1, 1, 0, 0, 1, 1, 1, 1, 1, 0, 1, 0, 1, 1, 0]
Fitness: 1169.660909 	[4, 10, 15, 8, 7, 12, 5, 13, 2, 9, 0, 11, 0, 1, 3, 14, 0, 6, 0, 1, 0, 1, 1, 0, 1, 1, 0, 1, 0, 1, 1, 1, 1, 0]
Fitness: 1166.557601 	[14, 1, 0, 8, 10, 3, 9, 11, 0, 6, 2, 12, 0, 4, 13, 7, 5, 15, 0, 1, 0, 1, 0, 1, 0, 1, 1, 1, 1, 1, 1, 0, 1, 0]
Fitness: 1159.609268 	[10, 4, 0, 6, 15, 8, 5, 2, 7, 0, 12, 0, 14, 11, 13, 3, 1, 9, 0, 1, 0, 1, 0, 1, 0, 1, 1, 1, 1, 1, 1, 0, 1, 0]
Fitness: 1158.622404 	[14, 4, 13, 7, 0, 6, 2, 12, 0, 9, 5, 15, 3, 8, 1, 0, 11, 10, 0, 1, 0, 1, 1, 0, 1, 1, 1, 0, 1, 1, 1, 0, 1, 0]
Fitness: 1153.187476 	[3, 13, 0, 15, 14, 2, 11, 0, 1, 8, 9, 12, 7, 5, 4, 10, 0, 6, 0, 1, 0, 1, 1, 1, 1, 0, 1, 0, 1, 0, 1, 1, 1, 0]
Fitness: 1142.548377 	[6, 0, 14, 2, 11, 0, 1, 8, 9, 12, 7, 5, 4, 10, 0, 3, 13, 15, 0, 0, 1, 1, 1, 1, 1, 0, 1, 0, 1, 0, 1, 1, 1, 0]
Fitness: 1141.429859 	[14, 6, 9, 11, 3, 8, 15, 0, 7, 10, 4, 0, 13, 2, 0, 1, 5, 12, 0, 0, 1, 0, 1, 1, 1, 1, 1, 0, 1, 1, 1, 0, 1, 0]
Fitness: 1136.086449 	[9, 15, 7, 4, 1, 0, 8, 13, 3, 11, 2, 0, 5, 6, 0, 14, 12, 10, 0, 1, 0, 1, 1, 0, 1, 0, 1, 1, 1, 1, 1, 0, 1, 0]
Fitness: 1136.086449 	[9, 15, 7, 4, 1, 0, 8, 13, 3, 11, 2, 0, 5, 6, 0, 14, 12, 10, 0, 1, 0, 1, 1, 0, 1, 0, 1, 1, 1, 1, 1, 0, 1, 0]
Fitness: 1135.060809 	[13, 15, 0, 1, 8, 9, 12, 7, 5, 4, 10, 0, 14, 2, 3, 11, 0, 6, 0, 0, 1, 0, 1, 1, 1, 0, 1, 1, 1, 0, 1, 1, 1, 0]
Fitness: 1135.060809 	[13, 15, 0, 1, 8, 9, 12, 7, 5, 4, 10, 0, 14, 2, 3, 11, 0, 6, 0, 0, 1, 0, 1, 1, 1, 0, 1, 1, 1, 0, 1, 1, 1, 0]
Fitness: 1135.060809 	[13, 15, 0, 14, 2, 3, 11, 0, 1, 8, 9, 12, 7, 5, 4, 10, 0, 6, 0, 0, 1, 0, 1, 1, 1, 0, 1, 1, 1, 0, 1, 1, 1, 0]
Fitness: 1133.652504 	[14, 6, 0, 4, 9, 5, 2, 0, 1, 13, 12, 0, 3, 7, 8, 10, 11, 15, 0, 1, 1, 0, 1, 0, 1, 0, 1, 1, 1, 1, 1, 0, 1, 0]
Fitness: 1123.135451 	[10, 15, 8, 7, 12, 5, 13, 2, 9, 0, 1, 3, 14, 0, 4, 0, 11, 6, 0, 1, 0, 1, 1, 1, 1, 0, 0, 1, 1, 1, 0, 1, 1, 0]
Fitness: 1123.135451 	[10, 15, 8, 7, 12, 5, 13, 2, 9, 0, 1, 3, 14, 0, 4, 0, 11, 6, 0, 1, 0, 1, 1, 1, 1, 0, 0, 1, 1, 1, 0, 1, 1, 0]
Fitness: 1119.976855 	[4, 10, 15, 8, 7, 12, 5, 13, 2, 9, 0, 1, 3, 14, 0, 11, 0, 6, 0, 1, 0, 1, 1, 0, 1, 1, 0, 1, 0, 1, 1, 1, 1, 0]
Fitness: 1119.493792 	[6, 12, 0, 1, 8, 2, 9, 7, 3, 10, 0, 4, 11, 0, 15, 13, 5, 14, 0, 1, 1, 1, 0, 1, 1, 1, 0, 1, 0, 1, 0, 1, 1, 0]
Fitness: 1117.716401 	[8, 2, 9, 7, 3, 10, 0, 12, 0, 6, 4, 11, 0, 15, 13, 1, 5, 14, 0, 1, 1, 0, 0, 1, 1, 1, 1, 1, 0, 1, 0, 1, 1, 0]
Fitness: 1117.716401 	[8, 2, 9, 7, 3, 10, 0, 12, 0, 6, 4, 11, 0, 15, 13, 1, 5, 14, 0, 1, 1, 0, 0, 1, 1, 1, 1, 1, 0, 1, 0, 1, 1, 0]
Fitness: 1116.461381 	[5, 0, 12, 15, 3, 13, 6, 8, 0, 2, 0, 9, 14, 1, 7, 4, 10, 11, 0, 1, 0, 1, 1, 0, 1, 1, 0, 1, 1, 1, 0, 1, 1, 0]
Fitness: 1116.461381 	[12, 15, 3, 13, 6, 8, 0, 5, 0, 2, 0, 9, 14, 1, 7, 4, 10, 11, 0, 1, 0, 1, 1, 0, 1, 1, 0, 1, 1, 1, 0, 1, 1, 0]
Fitness: 1116.461381 	[12, 15, 3, 13, 6, 8, 0, 5, 0, 2, 0, 9, 14, 1, 7, 4, 10, 11, 0, 1, 0, 1, 1, 0, 1, 1, 0, 1, 1, 1, 0, 1, 1, 0]
Fitness: 1104.289284 	[5, 1, 13, 8, 0, 14, 7, 6, 2, 15, 0, 4, 0, 3, 12, 11, 9, 10, 0, 0, 1, 1, 1, 0, 1, 0, 1, 1, 1, 1, 1, 1, 0, 0]
Fitness: 1096.763414 	[4, 0, 6, 12, 7, 9, 0, 13, 10, 1, 11, 3, 5, 15, 14, 8, 0, 2, 0, 0, 1, 1, 0, 1, 0, 1, 1, 1, 1, 0, 1, 1, 1, 0]
Fitness: 1096.049965 	[13, 12, 3, 2, 0, 5, 6, 10, 0, 1, 0, 15, 8, 7, 4, 11, 9, 14, 0, 0, 1, 1, 0, 1, 0, 1, 1, 1, 1, 0, 1, 1, 1, 0]
Fitness: 1095.199180 	[11, 0, 10, 12, 15, 14, 3, 1, 13, 7, 0, 6, 4, 0, 9, 5, 2, 8, 0, 0, 1, 1, 0, 1, 1, 1, 1, 0, 1, 1, 1, 0, 1, 0]
Fitness: 1095.199180 	[11, 0, 10, 12, 15, 14, 3, 1, 13, 7, 0, 6, 4, 0, 9, 5, 2, 8, 0, 0, 1, 1, 0, 1, 1, 1, 1, 0, 1, 1, 1, 0, 1, 0]
Fitness: 1086.310898 	[6, 9, 15, 0, 7, 5, 1, 3, 8, 10, 13, 11, 2, 0, 4, 0, 14, 12, 0, 0, 1, 0, 1, 0, 1, 1, 1, 1, 0, 1, 1, 1, 1, 0]
Fitness: 1083.589413 	[10, 1, 0, 2, 3, 9, 7, 0, 14, 6, 4, 13, 0, 8, 15, 11, 5, 12, 0, 1, 0, 1, 1, 1, 0, 1, 1, 0, 1, 1, 1, 0, 1, 0]
Fitness: 1083.305023 	[14, 6, 9, 11, 3, 8, 15, 0, 7, 10, 4, 0, 1, 5, 12, 0, 13, 2, 0, 0, 1, 0, 1, 1, 1, 1, 1, 0, 1, 1, 1, 0, 1, 0]
Fitness: 1083.305023 	[14, 6, 9, 11, 3, 8, 15, 0, 7, 10, 4, 0, 1, 5, 12, 0, 13, 2, 0, 0, 1, 0, 1, 1, 1, 1, 1, 0, 1, 1, 1, 0, 1, 0]
Fitness: 1083.305023 	[14, 6, 9, 11, 3, 8, 15, 0, 7, 10, 4, 0, 1, 5, 12, 0, 13, 2, 0, 0, 1, 0, 1, 1, 1, 1, 1, 0, 1, 1, 1, 0, 1, 0]
Fitness: 1074.002122 	[4, 0, 6, 12, 7, 9, 0, 2, 13, 0, 10, 1, 11, 3, 5, 15, 14, 8, 0, 0, 1, 1, 0, 1, 1, 1, 1, 0, 1, 0, 1, 1, 1, 0]
Fitness: 1074.002122 	[4, 0, 6, 12, 7, 9, 0, 2, 13, 0, 10, 1, 11, 3, 5, 15, 14, 8, 0, 0, 1, 1, 0, 1, 1, 1, 1, 0, 1, 0, 1, 1, 1, 0]
Fitness: 1074.002122 	[4, 0, 6, 12, 7, 9, 0, 2, 13, 0, 10, 1, 11, 3, 5, 15, 14, 8, 0, 0, 1, 1, 0, 1, 1, 1, 1, 0, 1, 0, 1, 1, 1, 0]
Fitness: 1063.886436 	[1, 8, 2, 9, 7, 3, 10, 0, 6, 4, 11, 0, 12, 0, 15, 13, 5, 14, 0, 1, 1, 0, 0, 1, 1, 1, 0, 1, 0, 1, 1, 1, 1, 0]
Fitness: 1062.251139 	[12, 14, 1, 7, 10, 6, 9, 8, 0, 4, 11, 2, 15, 0, 5, 3, 0, 13, 0, 1, 0, 0, 1, 1, 0, 1, 0, 1, 1, 1, 1, 1, 1, 0]
Fitness: 1060.730489 	[7, 12, 2, 9, 0, 4, 0, 13, 10, 1, 11, 3, 5, 15, 14, 8, 0, 6, 0, 0, 1, 1, 0, 1, 0, 1, 1, 1, 1, 0, 1, 1, 1, 0]
Fitness: 1058.929956 	[9, 2, 3, 12, 0, 5, 1, 15, 0, 7, 6, 8, 4, 0, 11, 10, 13, 14, 0, 0, 1, 1, 0, 1, 1, 0, 1, 1, 1, 1, 0, 1, 1, 0]
Fitness: 1052.672385 	[6, 12, 0, 5, 4, 11, 0, 1, 8, 2, 9, 7, 3, 10, 0, 15, 13, 14, 0, 1, 1, 1, 0, 1, 1, 1, 0, 1, 1, 1, 0, 1, 0, 0]
Fitness: 1050.940663 	[1, 8, 2, 9, 7, 3, 10, 0, 12, 0, 6, 4, 11, 0, 15, 13, 5, 14, 0, 1, 1, 0, 0, 1, 1, 1, 0, 1, 0, 1, 1, 1, 1, 0]
Fitness: 1050.940663 	[1, 8, 2, 9, 7, 3, 10, 0, 12, 0, 6, 4, 11, 0, 15, 13, 5, 14, 0, 1, 1, 0, 0, 1, 1, 1, 0, 1, 0, 1, 1, 1, 1, 0]
Fitness: 1050.940663 	[1, 8, 2, 9, 7, 3, 10, 0, 12, 0, 6, 4, 11, 0, 15, 13, 5, 14, 0, 1, 1, 0, 0, 1, 1, 1, 0, 1, 0, 1, 1, 1, 1, 0]
Fitness: 1046.714888 	[4, 0, 6, 12, 7, 9, 0, 13, 0, 2, 10, 1, 11, 3, 5, 15, 14, 8, 0, 0, 1, 1, 0, 0, 1, 1, 1, 1, 1, 0, 1, 1, 1, 0]
Fitness: 1046.579709 	[11, 13, 15, 0, 10, 14, 2, 3, 0, 1, 8, 9, 12, 7, 5, 4, 0, 6, 0, 1, 1, 0, 0, 1, 1, 0, 1, 1, 0, 1, 1, 1, 1, 0]
Fitness: 1039.738729 	[2, 13, 0, 6, 12, 7, 9, 0, 4, 0, 10, 1, 11, 3, 5, 15, 14, 8, 0, 0, 1, 1, 0, 1, 1, 1, 1, 0, 1, 0, 1, 1, 1, 0]
Fitness: 1037.694307 	[15, 10, 13, 3, 0, 7, 5, 9, 2, 14, 8, 11, 0, 4, 6, 0, 12, 1, 0, 1, 1, 0, 0, 0, 1, 1, 1, 0, 1, 1, 1, 1, 1, 0]
Fitness: 1037.694307 	[7, 5, 9, 2, 14, 8, 11, 0, 15, 10, 13, 3, 0, 4, 6, 0, 12, 1, 0, 1, 1, 0, 0, 0, 1, 1, 1, 0, 1, 1, 1, 1, 1, 0]
Fitness: 1034.924767 	[6, 7, 10, 0, 2, 0, 15, 5, 12, 13, 1, 3, 0, 9, 14, 8, 11, 4, 0, 1, 0, 1, 1, 1, 0, 1, 0, 1, 1, 1, 0, 1, 1, 0]
Fitness: 1032.551357 	[6, 0, 10, 14, 2, 3, 11, 0, 1, 4, 7, 0, 15, 13, 5, 8, 9, 12, 0, 0, 1, 1, 1, 1, 1, 0, 1, 1, 1, 0, 0, 1, 1, 0]
Fitness: 1030.702478 	[7, 5, 9, 2, 14, 8, 11, 0, 15, 10, 13, 4, 3, 0, 6, 0, 12, 1, 0, 1, 1, 0, 0, 0, 1, 1, 1, 1, 1, 0, 1, 1, 1, 0]
Fitness: 1030.218510 	[10, 1, 3, 13, 0, 5, 2, 14, 9, 15, 11, 8, 0, 4, 0, 6, 12, 7, 0, 0, 1, 1, 0, 1, 1, 1, 1, 0, 1, 1, 1, 1, 0, 0]
Fitness: 1027.605444 	[12, 14, 15, 0, 6, 4, 11, 0, 8, 2, 9, 7, 3, 10, 0, 5, 13, 1, 0, 1, 1, 1, 0, 0, 1, 1, 1, 1, 0, 1, 0, 1, 1, 0]
Fitness: 1026.428372 	[9, 15, 7, 4, 1, 0, 13, 3, 11, 2, 0, 5, 6, 8, 0, 14, 12, 10, 0, 1, 0, 1, 0, 1, 1, 0, 1, 1, 0, 1, 1, 1, 1, 0]
Fitness: 1026.428372 	[9, 15, 7, 4, 1, 0, 13, 3, 11, 2, 0, 5, 6, 8, 0, 14, 12, 10, 0, 1, 0, 1, 0, 1, 1, 0, 1, 1, 0, 1, 1, 1, 1, 0]
Fitness: 1022.877561 	[7, 8, 5, 13, 14, 10, 0, 4, 0, 6, 1, 0, 9, 3, 2, 11, 12, 15, 0, 1, 1, 0, 1, 0, 1, 0, 1, 1, 0, 1, 1, 1, 1, 0]
Fitness: 1022.584072 	[14, 4, 9, 5, 2, 0, 6, 0, 1, 13, 12, 0, 3, 7, 8, 10, 11, 15, 0, 0, 1, 0, 1, 0, 1, 1, 1, 1, 1, 1, 1, 0, 1, 0]
Fitness: 1022.584072 	[6, 0, 14, 4, 9, 5, 2, 0, 1, 13, 12, 0, 3, 7, 8, 10, 11, 15, 0, 0, 1, 0, 1, 0, 1, 1, 1, 1, 1, 1, 1, 0, 1, 0]
Fitness: 1022.584072 	[14, 4, 9, 5, 2, 0, 6, 0, 1, 13, 12, 0, 3, 7, 8, 10, 11, 15, 0, 0, 1, 0, 1, 0, 1, 1, 1, 1, 1, 1, 1, 0, 1, 0]
Fitness: 1022.584072 	[14, 4, 9, 5, 2, 0, 3, 7, 8, 10, 11, 15, 0, 1, 13, 12, 0, 6, 0, 0, 1, 0, 1, 0, 1, 1, 1, 1, 1, 1, 1, 0, 1, 0]
Fitness: 1016.727181 	[15, 13, 9, 14, 2, 3, 0, 7, 10, 4, 0, 1, 5, 12, 0, 6, 8, 11, 0, 0, 1, 0, 1, 1, 1, 1, 1, 0, 1, 1, 1, 0, 1, 0]
Fitness: 1016.727181 	[6, 8, 11, 0, 7, 10, 4, 0, 1, 5, 12, 0, 15, 13, 9, 14, 2, 3, 0, 0, 1, 0, 1, 1, 1, 1, 1, 0, 1, 1, 1, 0, 1, 0]
Fitness: 1016.183552 	[13, 4, 11, 2, 15, 0, 3, 10, 9, 1, 0, 14, 6, 0, 7, 8, 12, 5, 0, 1, 1, 0, 1, 1, 0, 1, 0, 1, 1, 1, 1, 0, 1, 0]
Fitness: 1016.079661 	[4, 0, 7, 8, 5, 13, 14, 10, 0, 15, 1, 9, 6, 2, 0, 3, 12, 11, 0, 1, 1, 0, 1, 0, 1, 0, 1, 1, 0, 1, 1, 1, 1, 0]
Fitness: 1016.079661 	[4, 0, 7, 8, 5, 13, 14, 10, 0, 15, 1, 9, 6, 2, 0, 3, 12, 11, 0, 1, 1, 0, 1, 0, 1, 0, 1, 1, 0, 1, 1, 1, 1, 0]
Fitness: 1015.794061 	[13, 12, 3, 2, 0, 1, 0, 5, 6, 10, 0, 15, 8, 7, 4, 11, 9, 14, 0, 0, 1, 1, 0, 1, 0, 1, 1, 1, 1, 0, 1, 1, 1, 0]
Fitness: 1013.127906 	[4, 15, 9, 0, 5, 6, 8, 0, 13, 1, 3, 2, 10, 7, 0, 14, 11, 12, 0, 1, 0, 1, 0, 1, 1, 0, 1, 1, 0, 1, 1, 1, 1, 0]
Fitness: 1013.127906 	[4, 15, 9, 0, 13, 1, 3, 2, 10, 7, 0, 5, 6, 8, 0, 14, 11, 12, 0, 1, 0, 1, 0, 1, 1, 0, 1, 1, 0, 1, 1, 1, 1, 0]
Fitness: 1010.012677 	[6, 3, 13, 15, 0, 9, 14, 1, 7, 4, 10, 11, 0, 5, 0, 8, 2, 12, 0, 1, 0, 1, 1, 0, 1, 1, 0, 1, 1, 1, 0, 1, 1, 0]
Fitness: 1010.012677 	[6, 3, 13, 15, 0, 8, 2, 12, 0, 5, 0, 9, 14, 1, 7, 4, 10, 11, 0, 1, 0, 1, 1, 0, 1, 1, 0, 1, 1, 1, 0, 1, 1, 0]
Fitness: 1009.222299 	[13, 1, 0, 11, 12, 3, 2, 0, 5, 14, 4, 9, 15, 8, 10, 7, 0, 6, 0, 1, 0, 1, 0, 1, 1, 1, 1, 1, 1, 0, 0, 1, 1, 0]
Fitness: 1007.351618 	[1, 12, 4, 0, 7, 8, 5, 6, 9, 10, 0, 14, 2, 3, 11, 0, 13, 15, 0, 0, 1, 0, 1, 1, 1, 0, 1, 1, 1, 0, 1, 1, 1, 0]
Fitness: 1007.288373 	[10, 15, 8, 7, 12, 5, 13, 2, 9, 0, 1, 3, 14, 0, 4, 11, 0, 6, 0, 1, 0, 1, 0, 1, 1, 0, 0, 1, 1, 1, 1, 1, 1, 0]
Fitness: 1231.121808 	[7, 10, 4, 15, 0, 6, 8, 5, 2, 0, 14, 11, 13, 3, 1, 9, 0, 12, 0, 1, 0, 1, 0, 1, 0, 1, 1, 1, 1, 1, 0, 1, 1, 0]
Fitness: 1050.940663 	[1, 8, 2, 9, 7, 3, 10, 0, 12, 0, 6, 4, 11, 0, 15, 13, 5, 14, 0, 1, 1, 0, 0, 1, 1, 1, 1, 1, 0, 1, 0, 1, 1, 0]
Fitness: 1177.081417 	[5, 14, 1, 7, 10, 15, 9, 8, 0, 13, 0, 6, 4, 11, 0, 2, 3, 12, 0, 1, 1, 0, 0, 1, 1, 1, 1, 1, 0, 1, 0, 1, 1, 0]
Fitness: 1050.940663 	[5, 14, 1, 7, 10, 15, 9, 8, 0, 13, 0, 12, 0, 6, 4, 11, 2, 3, 0, 1, 1, 0, 0, 1, 1, 1, 0, 1, 0, 1, 1, 1, 1, 0]
Fitness: 1013.127906 	[4, 15, 9, 0, 13, 1, 3, 2, 10, 7, 0, 5, 6, 8, 0, 14, 11, 12, 0, 1, 0, 1, 1, 0, 1, 0, 1, 1, 0, 1, 1, 1, 1, 0]
Fitness: 1022.584072 	[14, 4, 9, 5, 2, 0, 3, 7, 8, 10, 11, 15, 0, 1, 13, 12, 0, 6, 0, 0, 1, 0, 1, 0, 1, 1, 1, 1, 1, 1, 1, 0, 1, 0]
Fitness: 1013.127906 	[14, 12, 6, 5, 0, 8, 11, 0, 4, 15, 9, 0, 13, 1, 3, 2, 10, 7, 0, 1, 0, 1, 0, 1, 1, 0, 1, 1, 0, 1, 1, 1, 1, 0]
Fitness: 1009.222299 	[13, 1, 0, 11, 12, 3, 2, 0, 5, 14, 4, 9, 15, 8, 10, 7, 0, 6, 0, 1, 0, 1, 0, 1, 1, 1, 1, 1, 1, 0, 0, 1, 1, 0]
Fitness: 1136.086449 	[9, 15, 7, 4, 1, 0, 8, 13, 3, 11, 2, 0, 5, 6, 0, 14, 12, 10, 0, 1, 0, 1, 1, 0, 1, 0, 1, 1, 1, 1, 1, 0, 1, 0]
Fitness: 1009.222299 	[11, 12, 3, 2, 0, 5, 14, 4, 9, 15, 8, 10, 7, 0, 1, 6, 0, 13, 0, 1, 0, 1, 0, 1, 1, 1, 1, 1, 1, 0, 0, 1, 1, 0]
Fitness: 1016.183552 	[13, 4, 11, 2, 15, 0, 3, 10, 9, 1, 0, 14, 6, 0, 7, 8, 12, 5, 0, 1, 1, 0, 1, 1, 0, 1, 0, 1, 1, 1, 1, 0, 1, 0]
Fitness: 1022.584072 	[6, 0, 14, 4, 9, 5, 2, 0, 1, 13, 12, 0, 3, 7, 8, 10, 11, 15, 0, 0, 1, 0, 1, 0, 1, 1, 1, 1, 1, 1, 1, 0, 1, 0]
Fitness: 1016.183552 	[6, 0, 14, 1, 9, 10, 3, 0, 7, 8, 12, 5, 0, 13, 4, 11, 2, 15, 0, 1, 1, 0, 1, 1, 0, 1, 0, 1, 1, 1, 1, 0, 1, 0]
Fitness: 1119.976855 	[4, 10, 15, 8, 7, 12, 5, 13, 2, 9, 0, 1, 3, 14, 0, 11, 0, 6, 0, 1, 0, 0, 1, 1, 1, 1, 0, 1, 0, 1, 1, 1, 1, 0]
Fitness: 1135.060809 	[13, 15, 0, 14, 2, 3, 11, 0, 1, 8, 9, 12, 7, 5, 4, 10, 0, 6, 0, 0, 1, 0, 1, 1, 1, 0, 1, 1, 1, 0, 1, 1, 1, 0]
Fitness: 1119.976855 	[1, 3, 14, 0, 6, 0, 2, 8, 9, 12, 7, 5, 4, 10, 0, 11, 13, 15, 0, 1, 0, 1, 1, 0, 1, 1, 0, 1, 0, 1, 1, 1, 1, 0]
Fitness: 1058.929956 	[9, 2, 3, 12, 0, 5, 1, 15, 0, 7, 6, 8, 4, 0, 11, 10, 13, 14, 0, 0, 1, 1, 0, 1, 1, 0, 1, 1, 1, 1, 0, 1, 1, 0]
Fitness: 1050.940663 	[1, 8, 2, 9, 7, 3, 10, 0, 12, 0, 6, 4, 11, 0, 15, 13, 5, 14, 0, 1, 1, 0, 0, 1, 1, 1, 0, 1, 0, 1, 1, 1, 1, 0]
Fitness: 1058.929956 	[11, 10, 13, 14, 0, 7, 6, 8, 4, 0, 1, 2, 3, 0, 15, 9, 5, 12, 0, 0, 1, 1, 0, 1, 1, 0, 1, 1, 1, 1, 0, 1, 1, 0]
Fitness: 1116.461381 	[12, 15, 3, 13, 6, 8, 0, 5, 0, 2, 0, 9, 14, 1, 7, 4, 10, 11, 0, 1, 0, 0, 1, 1, 1, 1, 1, 0, 1, 1, 0, 1, 1, 0]
Fitness: 1016.727181 	[15, 13, 9, 14, 2, 3, 0, 7, 10, 4, 0, 1, 5, 12, 0, 6, 8, 11, 0, 0, 1, 0, 1, 1, 1, 1, 1, 0, 1, 1, 1, 0, 1, 0]
Fitness: 1116.461381 	[12, 15, 3, 13, 6, 8, 0, 2, 0, 1, 5, 4, 0, 7, 9, 11, 10, 14, 0, 1, 0, 1, 1, 0, 1, 1, 0, 1, 1, 1, 0, 1, 1, 0]
Fitness: 1330.445406 	[4, 0, 1, 3, 14, 0, 6, 5, 12, 0, 13, 2, 7, 8, 9, 10, 11, 15, 0, 1, 0, 1, 1, 1, 1, 0, 0, 1, 1, 1, 0, 1, 1, 0]
Fitness: 1135.060809 	[13, 15, 0, 1, 8, 9, 12, 7, 5, 4, 10, 0, 14, 2, 3, 11, 0, 6, 0, 0, 1, 0, 1, 1, 1, 0, 1, 1, 1, 0, 1, 1, 1, 0]
Fitness: 1330.445406 	[1, 3, 0, 13, 2, 7, 8, 9, 10, 11, 15, 0, 4, 0, 6, 5, 12, 14, 0, 1, 0, 1, 1, 1, 1, 0, 0, 1, 1, 1, 0, 1, 1, 0]
Fitness: 1116.461381 	[5, 0, 12, 15, 3, 13, 6, 8, 0, 2, 0, 9, 14, 1, 7, 4, 10, 11, 0, 1, 0, 1, 1, 0, 1, 1, 0, 1, 1, 0, 1, 1, 1, 0]
Fitness: 1030.702478 	[7, 5, 9, 2, 14, 8, 11, 0, 15, 10, 13, 4, 3, 0, 6, 0, 12, 1, 0, 1, 1, 0, 0, 0, 1, 1, 1, 1, 1, 0, 1, 1, 1, 0]
Fitness: 1116.461381 	[7, 1, 9, 2, 14, 11, 0, 10, 4, 0, 12, 15, 3, 13, 6, 8, 0, 5, 0, 1, 0, 1, 1, 0, 1, 1, 0, 1, 1, 1, 0, 1, 1, 0]
Fitness: 1119.493792 	[6, 12, 0, 1, 8, 2, 9, 7, 3, 10, 0, 4, 11, 0, 15, 13, 5, 14, 0, 1, 1, 1, 0, 1, 1, 1, 0, 1, 0, 1, 0, 1, 1, 0]
Fitness: 1010.012677 	[6, 3, 13, 15, 0, 8, 2, 12, 0, 5, 0, 9, 14, 1, 7, 4, 10, 11, 0, 1, 0, 1, 1, 0, 1, 1, 0, 1, 1, 1, 0, 1, 1, 0]
Fitness: 1119.493792 	[6, 11, 4, 0, 12, 0, 15, 13, 5, 14, 0, 1, 8, 2, 9, 7, 3, 10, 0, 1, 1, 1, 0, 1, 1, 1, 0, 1, 0, 1, 0, 1, 1, 0]
Fitness: 1272.100826 	[7, 8, 5, 13, 10, 0, 4, 0, 6, 1, 0, 14, 9, 3, 2, 11, 12, 15, 0, 0, 1, 0, 0, 1, 1, 1, 1, 0, 1, 1, 1, 1, 1, 0]
Fitness: 1074.002122 	[4, 0, 6, 12, 7, 9, 0, 2, 13, 0, 10, 1, 11, 3, 5, 15, 14, 8, 0, 0, 1, 1, 0, 1, 1, 1, 1, 0, 1, 0, 1, 1, 1, 0]
Fitness: 1272.100826 	[14, 9, 3, 2, 11, 12, 15, 0, 4, 0, 6, 13, 0, 10, 1, 7, 5, 8, 0, 0, 1, 0, 1, 1, 1, 0, 1, 1, 0, 1, 1, 1, 1, 0]
Fitness: 1016.079661 	[4, 0, 7, 8, 5, 13, 14, 10, 0, 15, 1, 9, 6, 2, 0, 3, 12, 11, 0, 1, 1, 0, 1, 1, 0, 0, 1, 1, 0, 1, 1, 1, 1, 0]
Fitness: 1060.730489 	[7, 12, 2, 9, 0, 4, 0, 13, 10, 1, 11, 3, 5, 15, 14, 8, 0, 6, 0, 0, 1, 1, 0, 1, 0, 1, 1, 1, 1, 0, 1, 1, 1, 0]
Fitness: 1016.079661 	[3, 12, 11, 0, 7, 8, 5, 13, 14, 10, 0, 9, 2, 1, 4, 15, 0, 6, 0, 1, 1, 0, 1, 0, 1, 0, 1, 1, 0, 1, 1, 1, 1, 0]
Fitness: 1007.351618 	[1, 12, 4, 0, 7, 8, 5, 6, 9, 10, 0, 14, 2, 3, 11, 0, 13, 15, 0, 0, 1, 1, 1, 0, 1, 0, 1, 1, 1, 0, 1, 1, 1, 0]
Fitness: 1116.461381 	[12, 15, 3, 13, 6, 8, 0, 5, 0, 2, 0, 9, 14, 1, 7, 4, 10, 11, 0, 1, 0, 1, 1, 0, 1, 1, 0, 1, 1, 1, 0, 1, 1, 0]
Fitness: 1007.351618 	[12, 5, 6, 8, 0, 14, 2, 3, 11, 0, 13, 15, 0, 9, 1, 7, 4, 10, 0, 0, 1, 0, 1, 1, 1, 0, 1, 1, 1, 0, 1, 1, 1, 0]
Fitness: 1158.622404 	[14, 4, 13, 7, 0, 6, 2, 12, 0, 9, 5, 15, 3, 8, 1, 0, 11, 10, 0, 1, 0, 1, 1, 1, 1, 1, 0, 0, 1, 1, 1, 0, 1, 0]
Fitness: 1050.940663 	[1, 8, 2, 9, 7, 3, 10, 0, 12, 0, 6, 4, 11, 0, 15, 13, 5, 14, 0, 1, 1, 0, 0, 1, 1, 1, 0, 1, 0, 1, 1, 1, 1, 0]
Fitness: 1158.622404 	[11, 12, 2, 6, 10, 0, 9, 5, 15, 0, 14, 4, 13, 7, 0, 3, 8, 1, 0, 1, 0, 1, 1, 0, 1, 1, 1, 0, 1, 1, 1, 0, 1, 0]
Fitness: 1032.551357 	[6, 0, 10, 14, 2, 3, 11, 0, 1, 4, 7, 0, 15, 13, 5, 8, 9, 12, 0, 0, 1, 1, 1, 1, 1, 1, 1, 1, 0, 0, 0, 1, 1, 0]
Fitness: 1226.593989 	[5, 14, 1, 7, 10, 15, 9, 8, 0, 13, 0, 2, 3, 12, 0, 6, 4, 11, 0, 1, 1, 0, 0, 1, 1, 1, 1, 1, 0, 1, 0, 1, 1, 0]
Fitness: 1032.551357 	[5, 12, 6, 15, 9, 8, 0, 13, 0, 10, 14, 2, 3, 11, 0, 1, 4, 7, 0, 0, 1, 1, 1, 1, 1, 0, 1, 1, 1, 0, 0, 1, 1, 0]
Fitness: 1095.199180 	[11, 0, 10, 12, 15, 14, 3, 1, 13, 7, 0, 6, 4, 0, 9, 5, 2, 8, 0, 0, 1, 0, 1, 1, 1, 1, 1, 0, 1, 1, 1, 0, 1, 0]
Fitness: 1337.326123 	[15, 2, 12, 0, 7, 8, 5, 13, 14, 10, 0, 4, 0, 6, 11, 3, 1, 9, 0, 1, 1, 0, 1, 0, 1, 0, 1, 1, 1, 1, 1, 0, 1, 0]
Fitness: 1095.199180 	[15, 10, 12, 0, 9, 5, 2, 8, 0, 6, 4, 0, 13, 11, 3, 1, 14, 7, 0, 0, 1, 1, 0, 1, 1, 1, 1, 0, 1, 1, 1, 0, 1, 0]
Fitness: 1260.267658 	[4, 0, 6, 12, 7, 0, 2, 13, 0, 9, 10, 1, 11, 3, 5, 15, 14, 8, 0, 0, 1, 1, 0, 1, 1, 1, 1, 0, 1, 1, 1, 1, 0, 0]
Fitness: 1086.310898 	[6, 9, 15, 0, 7, 5, 1, 3, 8, 10, 13, 11, 2, 0, 4, 0, 14, 12, 0, 0, 1, 0, 1, 0, 1, 1, 1, 1, 0, 1, 1, 1, 1, 0]
Fitness: 1260.267658 	[9, 10, 1, 11, 3, 5, 15, 14, 8, 0, 6, 12, 7, 0, 4, 0, 2, 13, 0, 0, 1, 1, 0, 1, 1, 1, 1, 0, 1, 1, 1, 1, 0, 0]
Fitness: 1104.289284 	[5, 1, 13, 8, 0, 14, 7, 6, 2, 15, 0, 4, 0, 3, 12, 11, 9, 10, 0, 0, 1, 1, 1, 0, 1, 1, 1, 0, 1, 1, 1, 1, 0, 0]
Fitness: 1198.735323 	[6, 0, 13, 14, 11, 8, 15, 1, 9, 5, 0, 7, 2, 12, 0, 3, 10, 4, 0, 0, 1, 1, 1, 0, 1, 1, 1, 0, 1, 1, 1, 0, 1, 0]
Fitness: 1104.289284 	[5, 1, 13, 8, 0, 14, 7, 6, 2, 15, 0, 9, 11, 12, 0, 3, 10, 4, 0, 0, 1, 1, 1, 0, 1, 0, 1, 1, 1, 1, 1, 1, 0, 0]
Fitness: 1293.401346 	[1, 8, 2, 9, 7, 3, 10, 0, 6, 12, 0, 4, 11, 0, 15, 13, 5, 14, 0, 1, 1, 1, 0, 1, 1, 1, 1, 0, 0, 1, 0, 1, 1, 0]
Fitness: 1039.738729 	[2, 13, 0, 6, 12, 7, 9, 0, 4, 0, 10, 1, 11, 3, 5, 15, 14, 8, 0, 0, 1, 1, 0, 1, 1, 1, 1, 0, 1, 0, 1, 1, 1, 0]
Fitness: 1293.401346 	[1, 8, 2, 9, 7, 3, 10, 0, 15, 13, 5, 14, 0, 4, 0, 12, 6, 11, 0, 1, 1, 0, 1, 0, 1, 1, 1, 1, 0, 1, 0, 1, 1, 0]
Fitness: 1022.584072 	[6, 0, 1, 13, 12, 0, 14, 4, 9, 5, 2, 0, 3, 8, 15, 10, 11, 7, 0, 0, 1, 0, 1, 0, 1, 1, 1, 1, 1, 1, 1, 0, 1, 0]
Fitness: 1135.060809 	[13, 15, 6, 0, 1, 8, 9, 12, 0, 14, 2, 3, 11, 0, 7, 5, 4, 10, 0, 0, 1, 0, 1, 1, 1, 0, 1, 1, 1, 0, 1, 1, 1, 0]
Fitness: 1037.694307 	[15, 10, 13, 3, 0, 7, 5, 9, 2, 14, 8, 11, 0, 4, 6, 0, 12, 1, 0, 1, 1, 0, 0, 0, 1, 1, 1, 1, 0, 1, 1, 1, 1, 0]
Fitness: 1319.016794 	[3, 12, 11, 0, 7, 8, 5, 13, 14, 10, 0, 15, 1, 9, 6, 2, 0, 4, 0, 1, 1, 0, 1, 0, 1, 0, 1, 1, 0, 1, 1, 1, 1, 0]
Fitness: 1037.694307 	[7, 5, 9, 2, 14, 8, 11, 0, 15, 10, 13, 3, 0, 12, 1, 6, 0, 4, 0, 1, 1, 0, 0, 0, 1, 1, 1, 0, 1, 1, 1, 1, 1, 0]
Fitness: 1136.086449 	[9, 15, 7, 4, 1, 0, 8, 13, 3, 11, 2, 0, 5, 6, 0, 14, 12, 10, 0, 1, 0, 1, 1, 0, 1, 0, 1, 1, 1, 1, 1, 0, 1, 0]
Fitness: 1319.016794 	[3, 12, 11, 0, 7, 8, 5, 13, 14, 10, 0, 15, 1, 9, 6, 2, 0, 4, 0, 1, 1, 0, 1, 0, 1, 0, 1, 1, 0, 1, 1, 1, 1, 0]
Fitness: 1136.086449 	[9, 15, 7, 4, 1, 0, 14, 12, 10, 0, 3, 5, 8, 6, 2, 0, 11, 13, 0, 1, 0, 1, 1, 0, 1, 0, 1, 1, 1, 1, 1, 0, 1, 0]
Fitness: 1010.012677 	[6, 3, 13, 15, 0, 9, 14, 1, 7, 4, 10, 11, 0, 5, 0, 8, 2, 12, 0, 1, 0, 1, 0, 1, 1, 0, 1, 1, 1, 1, 0, 1, 1, 0]
Fitness: 1181.363424 	[2, 8, 3, 5, 11, 6, 0, 4, 15, 9, 0, 12, 10, 7, 14, 1, 0, 13, 0, 1, 0, 1, 0, 1, 1, 0, 1, 1, 0, 1, 1, 1, 1, 0]
Fitness: 1010.012677 	[8, 2, 12, 0, 6, 3, 13, 15, 0, 9, 10, 7, 14, 1, 0, 11, 4, 5, 0, 1, 0, 1, 1, 0, 1, 1, 0, 1, 1, 1, 0, 1, 1, 0]
Fitness: 1319.016794 	[3, 11, 0, 7, 8, 5, 13, 14, 10, 0, 12, 15, 1, 9, 6, 2, 0, 4, 0, 1, 1, 1, 1, 0, 1, 0, 1, 1, 0, 0, 1, 1, 1, 0]
Fitness: 1293.401346 	[4, 1, 8, 2, 9, 7, 3, 10, 0, 6, 12, 0, 11, 0, 15, 13, 5, 14, 0, 0, 1, 1, 1, 0, 1, 1, 1, 1, 0, 1, 0, 1, 1, 0]
Fitness: 1142.548377 	[6, 0, 14, 2, 11, 0, 13, 1, 8, 9, 12, 7, 5, 4, 10, 0, 3, 15, 0, 1, 0, 1, 1, 1, 1, 0, 1, 0, 1, 0, 1, 1, 1, 0]
Fitness: 1133.652504 	[14, 6, 0, 9, 5, 2, 0, 1, 13, 12, 0, 4, 3, 7, 8, 10, 11, 15, 0, 0, 1, 0, 1, 0, 1, 1, 1, 1, 1, 1, 1, 0, 1, 0]
Fitness: 1136.086449 	[9, 15, 7, 4, 1, 0, 8, 13, 3, 11, 2, 0, 6, 0, 5, 14, 12, 10, 0, 1, 0, 1, 1, 0, 1, 1, 0, 1, 1, 1, 1, 0, 1, 0]
Fitness: 1083.305023 	[14, 6, 9, 11, 8, 15, 0, 3, 7, 10, 4, 0, 1, 5, 12, 0, 13, 2, 0, 1, 1, 0, 1, 0, 1, 1, 1, 0, 1, 1, 1, 0, 1, 0]
Fitness: 1058.929956 	[9, 3, 12, 0, 2, 5, 1, 15, 0, 7, 6, 8, 4, 0, 11, 10, 13, 14, 0, 0, 1, 1, 1, 1, 1, 0, 1, 1, 1, 0, 0, 1, 1, 0]
Fitness: 1032.551357 	[5, 12, 6, 15, 9, 0, 8, 13, 0, 10, 14, 2, 3, 11, 0, 1, 4, 7, 0, 0, 1, 0, 1, 1, 1, 1, 1, 1, 1, 0, 0, 1, 1, 0]
Fitness: 1136.086449 	[9, 15, 7, 4, 1, 0, 14, 8, 13, 3, 11, 2, 0, 5, 6, 0, 12, 10, 0, 1, 0, 1, 1, 0, 1, 0, 0, 1, 1, 1, 1, 1, 1, 0]
Fitness: 1016.183552 	[13, 4, 11, 2, 15, 0, 12, 3, 10, 9, 1, 0, 14, 6, 0, 7, 8, 5, 0, 1, 1, 0, 1, 1, 0, 1, 0, 1, 1, 1, 1, 1, 0, 0]
Fitness: 1096.049965 	[12, 3, 2, 0, 5, 6, 10, 0, 1, 0, 13, 15, 8, 7, 4, 11, 9, 14, 0, 0, 1, 1, 0, 1, 1, 1, 1, 1, 0, 0, 1, 1, 1, 0]
Fitness: 1016.727181 	[15, 13, 9, 14, 2, 0, 3, 7, 10, 4, 0, 1, 5, 12, 0, 6, 8, 11, 0, 0, 1, 1, 1, 1, 1, 1, 0, 0, 1, 1, 1, 0, 1, 0]
Fitness: 1095.199180 	[13, 11, 0, 10, 12, 15, 14, 3, 1, 7, 0, 6, 4, 0, 9, 5, 2, 8, 0, 0, 1, 0, 1, 1, 1, 1, 1, 1, 1, 1, 0, 0, 1, 0]
Fitness: 1135.060809 	[13, 0, 1, 8, 9, 12, 7, 5, 4, 10, 0, 14, 2, 3, 11, 0, 15, 6, 0, 0, 1, 0, 1, 1, 1, 1, 1, 1, 1, 0, 0, 1, 1, 0]
Fitness: 1262.192867 	[5, 1, 8, 2, 9, 7, 3, 10, 0, 12, 0, 15, 13, 14, 0, 6, 4, 11, 0, 1, 0, 0, 0, 1, 1, 1, 1, 1, 0, 1, 1, 1, 1, 0]
Fitness: 1007.351618 	[1, 12, 4, 0, 15, 7, 8, 5, 6, 9, 10, 0, 14, 2, 3, 11, 0, 13, 0, 1, 1, 0, 1, 1, 1, 0, 1, 0, 1, 0, 1, 1, 1, 0]
Fitness: 1136.086449 	[9, 7, 4, 1, 0, 14, 12, 10, 0, 3, 5, 8, 6, 2, 0, 15, 11, 13, 0, 1, 0, 1, 1, 1, 1, 0, 1, 0, 1, 1, 1, 0, 1, 0]
Fitness: 1260.267658 	[4, 9, 10, 1, 11, 0, 6, 12, 7, 0, 2, 13, 0, 3, 5, 15, 14, 8, 0, 0, 1, 1, 1, 1, 1, 1, 1, 0, 0, 1, 1, 1, 0, 0]
Fitness: 1052.672385 	[6, 12, 0, 5, 4, 0, 1, 8, 2, 9, 7, 3, 10, 0, 11, 15, 13, 14, 0, 1, 1, 1, 0, 0, 1, 1, 1, 1, 1, 1, 0, 1, 0, 0]
Fitness: 1016.183552 	[6, 0, 5, 14, 1, 9, 10, 3, 0, 7, 8, 12, 0, 13, 4, 11, 2, 15, 0, 1, 1, 0, 1, 1, 1, 1, 0, 0, 1, 1, 1, 0, 1, 0]
Fitness: 1058.929956 	[11, 9, 2, 3, 12, 0, 5, 1, 15, 0, 7, 6, 8, 4, 0, 10, 13, 14, 0, 0, 1, 1, 1, 1, 1, 0, 1, 0, 1, 1, 0, 1, 1, 0]
Fitness: 1175.326414 	[12, 14, 5, 15, 0, 1, 6, 4, 11, 0, 8, 2, 9, 7, 3, 10, 0, 13, 0, 1, 1, 0, 0, 1, 1, 0, 1, 1, 1, 1, 0, 1, 1, 0]
Fitness: 1096.763414 	[4, 0, 12, 7, 9, 0, 13, 10, 1, 11, 3, 5, 15, 14, 8, 0, 6, 2, 0, 0, 1, 1, 1, 1, 0, 1, 0, 1, 1, 0, 1, 1, 1, 0]
Fitness: 1037.694307 	[2, 14, 8, 11, 0, 4, 15, 10, 13, 3, 0, 12, 1, 6, 0, 7, 5, 9, 0, 1, 1, 0, 0, 0, 1, 1, 1, 1, 0, 1, 1, 1, 1, 0]
Fitness: 1319.016794 	[3, 12, 0, 11, 7, 8, 5, 13, 14, 10, 0, 15, 1, 9, 6, 2, 0, 4, 0, 1, 1, 0, 1, 1, 1, 0, 1, 1, 0, 0, 1, 1, 1, 0]
Fitness: 1074.002122 	[4, 0, 15, 6, 12, 7, 9, 0, 2, 13, 0, 10, 1, 11, 3, 5, 14, 8, 0, 0, 1, 1, 0, 0, 1, 1, 1, 1, 1, 0, 1, 1, 1, 0]
Fitness: 1198.735323 	[6, 0, 13, 14, 11, 8, 15, 1, 9, 5, 0, 3, 7, 2, 12, 0, 10, 4, 0, 0, 1, 1, 1, 0, 1, 1, 1, 1, 1, 1, 0, 0, 1, 0]
Fitness: 1083.305023 	[4, 14, 6, 9, 11, 3, 8, 15, 0, 7, 10, 0, 1, 5, 12, 0, 13, 2, 0, 0, 0, 0, 1, 1, 1, 1, 1, 1, 1, 1, 1, 0, 1, 0]
Fitness: 1074.002122 	[4, 0, 6, 12, 7, 9, 0, 14, 2, 13, 0, 10, 1, 11, 3, 5, 15, 8, 0, 0, 1, 1, 0, 1, 1, 1, 1, 1, 1, 0, 1, 0, 1, 0]
Fitness: 1158.622404 	[2, 14, 4, 13, 7, 0, 6, 12, 0, 9, 5, 15, 3, 8, 1, 0, 11, 10, 0, 1, 1, 1, 1, 0, 1, 1, 0, 0, 1, 1, 1, 0, 1, 0]
Fitness: 1260.267658 	[9, 10, 1, 11, 3, 5, 15, 14, 8, 0, 2, 6, 12, 7, 0, 4, 0, 13, 0, 1, 1, 1, 0, 1, 1, 1, 1, 0, 0, 1, 1, 1, 0, 0]
Fitness: 1136.086449 	[9, 15, 7, 4, 1, 0, 8, 13, 3, 11, 0, 2, 5, 6, 0, 14, 12, 10, 0, 1, 0, 1, 1, 0, 1, 0, 1, 1, 0, 1, 1, 1, 1, 0]
Fitness: 1272.100826 	[7, 8, 5, 10, 0, 4, 0, 13, 6, 1, 0, 14, 9, 3, 2, 11, 12, 15, 0, 0, 1, 0, 1, 1, 1, 1, 0, 0, 1, 1, 1, 1, 1, 0]
Fitness: 1198.735323 	[13, 14, 11, 8, 0, 15, 1, 9, 5, 0, 7, 2, 12, 0, 6, 3, 10, 4, 0, 0, 1, 1, 1, 0, 1, 1, 0, 0, 1, 1, 1, 1, 1, 0]
Fitness: 1135.060809 	[6, 13, 15, 0, 14, 2, 3, 11, 0, 7, 5, 4, 10, 0, 1, 8, 9, 12, 0, 1, 0, 0, 1, 1, 1, 0, 1, 1, 1, 0, 1, 1, 1, 0]
Fitness: 1010.012677 	[6, 3, 13, 15, 0, 5, 8, 2, 12, 0, 9, 14, 1, 0, 7, 4, 10, 11, 0, 1, 0, 1, 1, 1, 1, 1, 0, 0, 1, 1, 0, 1, 1, 0]
Fitness: 1046.714888 	[4, 0, 13, 6, 12, 7, 9, 0, 2, 10, 1, 11, 0, 3, 5, 15, 14, 8, 0, 0, 0, 1, 1, 0, 1, 1, 1, 1, 1, 0, 1, 1, 1, 0]
Fitness: 1158.622404 	[11, 12, 2, 6, 10, 0, 5, 15, 0, 14, 4, 13, 7, 0, 9, 3, 8, 1, 0, 0, 0, 1, 1, 0, 1, 1, 1, 0, 1, 1, 1, 1, 1, 0]
Fitness: 1260.267658 	[4, 0, 6, 12, 7, 0, 13, 0, 2, 9, 10, 1, 11, 3, 5, 15, 14, 8, 0, 1, 1, 0, 0, 1, 1, 1, 1, 0, 1, 1, 1, 1, 0, 0]
Fitness: 1095.199180 	[6, 11, 0, 10, 12, 15, 14, 3, 1, 13, 7, 0, 4, 0, 9, 5, 2, 8, 0, 0, 1, 1, 1, 1, 1, 1, 1, 0, 1, 1, 0, 0, 1, 0]
Fitness: 1050.940663 	[1, 8, 2, 9, 7, 10, 0, 12, 0, 3, 6, 4, 11, 0, 15, 13, 5, 14, 0, 1, 1, 0, 0, 1, 1, 0, 1, 1, 0, 1, 1, 1, 1, 0]
Fitness: 1095.199180 	[6, 15, 10, 12, 0, 9, 5, 2, 8, 0, 4, 0, 13, 11, 3, 1, 14, 7, 0, 0, 1, 1, 1, 0, 1, 1, 1, 0, 1, 1, 1, 0, 1, 0]
Fitness: 1135.060809 	[13, 15, 0, 2, 3, 11, 0, 1, 8, 9, 12, 7, 5, 4, 10, 0, 14, 6, 0, 0, 0, 0, 1, 1, 1, 1, 1, 1, 1, 0, 1, 1, 1, 0]
Fitness: 1117.716401 	[8, 2, 9, 7, 3, 10, 0, 12, 0, 13, 6, 4, 11, 0, 15, 1, 5, 14, 0, 0, 1, 1, 0, 1, 1, 1, 1, 1, 0, 1, 0, 1, 1, 0]
Fitness: 1046.579709 	[13, 15, 0, 10, 14, 2, 3, 0, 11, 1, 8, 9, 12, 7, 5, 4, 0, 6, 0, 1, 1, 0, 0, 1, 1, 0, 1, 0, 1, 1, 1, 1, 1, 0]
Fitness: 1182.223680 	[13, 14, 6, 9, 11, 3, 8, 15, 0, 7, 4, 0, 10, 1, 5, 12, 0, 2, 0, 1, 1, 0, 1, 0, 1, 1, 1, 0, 1, 0, 1, 1, 1, 0]
Fitness: 1158.622404 	[14, 4, 13, 7, 0, 10, 6, 2, 12, 0, 9, 5, 15, 3, 8, 1, 0, 11, 0, 1, 0, 1, 1, 0, 1, 1, 1, 1, 1, 1, 1, 0, 0, 0]
Fitness: 1074.002122 	[4, 0, 6, 12, 7, 0, 9, 2, 13, 0, 10, 1, 11, 3, 5, 15, 14, 8, 0, 0, 0, 1, 0, 1, 1, 1, 1, 0, 1, 1, 1, 1, 1, 0]
Fitness: 1123.135451 	[1, 10, 15, 8, 7, 12, 5, 13, 2, 9, 0, 3, 14, 0, 4, 0, 11, 6, 0, 1, 0, 1, 1, 1, 1, 0, 1, 0, 1, 1, 0, 1, 1, 0]
Fitness: 1016.727181 	[15, 13, 9, 14, 2, 0, 7, 10, 4, 0, 1, 5, 12, 0, 3, 6, 8, 11, 0, 0, 1, 0, 1, 1, 1, 1, 1, 0, 1, 0, 1, 1, 1, 0]
Fitness: 1116.461381 	[5, 0, 10, 4, 0, 12, 15, 3, 13, 6, 8, 0, 7, 1, 9, 2, 14, 11, 0, 1, 0, 1, 1, 0, 1, 1, 0, 1, 1, 1, 0, 1, 1, 0]
Fitness: 1330.445406 	[4, 0, 1, 3, 14, 0, 13, 2, 7, 8, 9, 10, 11, 15, 0, 6, 5, 12, 0, 1, 0, 1, 1, 1, 1, 0, 0, 1, 1, 1, 0, 1, 1, 0]
Fitness: 1027.605444 	[12, 14, 15, 0, 5, 13, 1, 0, 8, 2, 9, 7, 3, 10, 0, 6, 4, 11, 0, 1, 1, 1, 0, 0, 1, 1, 1, 1, 0, 1, 0, 1, 1, 0]
Fitness: 1133.652504 	[1, 13, 12, 0, 9, 5, 2, 0, 14, 6, 0, 4, 3, 7, 8, 10, 11, 15, 0, 0, 1, 0, 1, 0, 1, 1, 1, 1, 1, 1, 1, 0, 1, 0]
Fitness: 1260.267658 	[2, 9, 10, 1, 11, 3, 5, 15, 14, 8, 0, 6, 12, 7, 0, 13, 0, 4, 0, 1, 1, 0, 0, 1, 1, 1, 1, 0, 1, 1, 1, 1, 0, 0]
Fitness: 1135.060809 	[13, 0, 1, 8, 9, 12, 7, 5, 4, 10, 0, 15, 6, 0, 14, 2, 3, 11, 0, 0, 1, 0, 1, 1, 1, 1, 1, 1, 1, 0, 0, 1, 1, 0]
Fitness: 1074.002122 	[10, 1, 11, 3, 5, 15, 8, 0, 6, 12, 7, 9, 0, 14, 2, 13, 0, 4, 0, 0, 1, 1, 0, 1, 1, 1, 1, 1, 1, 0, 1, 0, 1, 0]
Fitness: 1009.222299 	[11, 12, 3, 2, 0, 1, 6, 0, 5, 14, 4, 9, 15, 8, 10, 7, 0, 13, 0, 1, 0, 1, 0, 1, 1, 1, 1, 1, 1, 0, 0, 1, 1, 0]
Fitness: 1022.584072 	[14, 4, 9, 5, 2, 0, 3, 7, 8, 10, 11, 15, 0, 6, 0, 1, 13, 12, 0, 0, 1, 0, 1, 0, 1, 1, 1, 1, 1, 1, 1, 0, 1, 0]
Fitness: 1141.429859 	[14, 6, 9, 11, 3, 8, 15, 0, 13, 2, 0, 7, 10, 4, 0, 1, 5, 12, 0, 0, 1, 0, 1, 1, 1, 1, 1, 0, 1, 1, 1, 0, 1, 0]
Fitness: 1136.086449 	[9, 15, 7, 4, 1, 0, 3, 5, 8, 6, 2, 0, 14, 12, 10, 0, 11, 13, 0, 1, 0, 1, 1, 0, 1, 0, 1, 1, 1, 1, 1, 0, 1, 0]
Fitness: 1135.060809 	[13, 15, 0, 14, 6, 0, 1, 8, 9, 12, 7, 5, 4, 10, 0, 2, 3, 11, 0, 0, 0, 0, 1, 1, 1, 1, 1, 1, 1, 0, 1, 1, 1, 0]
Fitness: 1096.763414 	[6, 12, 7, 9, 0, 4, 0, 13, 10, 1, 11, 3, 5, 15, 14, 8, 0, 2, 0, 0, 1, 1, 0, 1, 0, 1, 1, 1, 1, 0, 1, 1, 1, 0]
Fitness: 1264.436136 	[15, 1, 8, 2, 9, 7, 3, 10, 0, 13, 5, 14, 0, 6, 4, 11, 0, 12, 0, 1, 1, 0, 0, 1, 1, 1, 0, 1, 1, 1, 1, 0, 1, 0]
Fitness: 1319.016794 	[3, 12, 0, 4, 0, 15, 1, 9, 6, 2, 0, 11, 7, 8, 5, 13, 14, 10, 0, 1, 1, 0, 1, 1, 1, 0, 1, 1, 0, 0, 1, 1, 1, 0]
Fitness: 1135.060809 	[13, 15, 0, 1, 8, 9, 12, 7, 5, 4, 10, 0, 6, 0, 14, 2, 3, 11, 0, 0, 1, 0, 1, 1, 1, 0, 1, 1, 1, 0, 1, 1, 1, 0]
Fitness: 1050.940663 	[1, 8, 2, 9, 7, 3, 10, 0, 12, 0, 15, 13, 5, 14, 0, 6, 4, 11, 0, 1, 1, 0, 0, 1, 1, 1, 1, 1, 0, 1, 0, 1, 1, 0]
Fitness: 1013.127906 	[14, 12, 6, 5, 0, 13, 1, 3, 2, 10, 7, 0, 4, 15, 9, 0, 8, 11, 0, 1, 0, 1, 0, 1, 1, 0, 1, 1, 0, 1, 1, 1, 1, 0]
Fitness: 1119.493792 	[15, 13, 5, 14, 0, 1, 8, 2, 9, 7, 3, 10, 0, 4, 11, 0, 6, 12, 0, 1, 1, 1, 0, 1, 1, 1, 0, 1, 0, 1, 0, 1, 1, 0]
Fitness: 1184.779456 	[4, 11, 15, 0, 13, 0, 12, 14, 1, 7, 10, 6, 9, 8, 0, 2, 5, 3, 0, 1, 0, 0, 1, 1, 1, 1, 0, 1, 1, 0, 1, 1, 1, 0]
Fitness: 1050.940663 	[5, 14, 1, 7, 10, 15, 9, 8, 0, 12, 0, 13, 0, 6, 4, 11, 2, 3, 0, 1, 1, 0, 0, 1, 1, 1, 0, 1, 0, 1, 1, 1, 1, 0]
Fitness: 1198.735323 	[6, 0, 3, 10, 4, 0, 7, 2, 12, 0, 13, 14, 11, 8, 15, 1, 9, 5, 0, 0, 1, 1, 1, 0, 1, 1, 1, 0, 1, 1, 1, 0, 1, 0]
Fitness: 1262.192867 	[1, 8, 2, 9, 7, 3, 10, 0, 12, 0, 6, 4, 11, 0, 15, 13, 5, 14, 0, 1, 1, 0, 0, 1, 1, 1, 0, 1, 0, 1, 1, 1, 1, 0]
Fitness: 1158.622404 	[14, 4, 13, 7, 0, 9, 5, 15, 3, 8, 1, 0, 6, 2, 12, 0, 11, 10, 0, 1, 0, 1, 1, 0, 1, 1, 1, 0, 1, 1, 1, 0, 1, 0]
Fitness: 1007.351618 	[14, 2, 3, 11, 0, 7, 8, 5, 6, 9, 10, 0, 1, 12, 4, 0, 13, 15, 0, 0, 1, 1, 1, 0, 1, 0, 1, 1, 1, 0, 1, 1, 1, 0]
Fitness: 1030.702478 	[12, 1, 0, 15, 10, 13, 4, 3, 0, 6, 0, 7, 5, 9, 2, 14, 8, 11, 0, 1, 1, 0, 0, 0, 1, 1, 1, 1, 1, 0, 1, 1, 1, 0]
Fitness: 1319.016794 	[12, 15, 1, 9, 6, 2, 0, 7, 8, 5, 13, 14, 10, 0, 3, 11, 0, 4, 0, 1, 1, 1, 1, 0, 1, 0, 1, 1, 0, 0, 1, 1, 1, 0]
Fitness: 1262.192867 	[15, 13, 14, 0, 12, 0, 5, 1, 8, 2, 9, 7, 3, 10, 0, 6, 4, 11, 0, 1, 0, 0, 0, 1, 1, 1, 1, 1, 0, 1, 1, 1, 1, 0]
Fitness: 1117.716401 	[13, 6, 4, 11, 0, 12, 0, 8, 2, 9, 7, 3, 10, 0, 15, 1, 5, 14, 0, 0, 1, 1, 0, 1, 1, 1, 1, 1, 0, 1, 0, 1, 1, 0]
Fitness: 1260.267658 	[2, 13, 0, 6, 12, 7, 0, 4, 9, 10, 1, 11, 0, 3, 5, 15, 14, 8, 0, 0, 1, 1, 1, 1, 1, 1, 1, 0, 0, 1, 1, 1, 0, 0]
Fitness: 1158.622404 	[2, 14, 4, 13, 7, 0, 6, 12, 0, 11, 10, 0, 9, 5, 15, 3, 8, 1, 0, 1, 1, 1, 1, 0, 1, 1, 0, 0, 1, 1, 1, 0, 1, 0]
Fitness: 1010.012677 	[5, 0, 8, 2, 12, 0, 6, 3, 13, 15, 0, 9, 14, 1, 7, 4, 10, 11, 0, 1, 0, 1, 1, 0, 1, 1, 0, 1, 1, 1, 0, 1, 1, 0]
Fitness: 1096.763414 	[6, 2, 0, 12, 7, 9, 0, 13, 10, 1, 11, 3, 5, 15, 14, 8, 0, 4, 0, 0, 1, 1, 1, 1, 0, 1, 0, 1, 1, 0, 1, 1, 1, 0]
Fitness: 1119.493792 	[6, 11, 4, 0, 15, 13, 5, 14, 0, 12, 0, 1, 8, 2, 9, 7, 3, 10, 0, 1, 1, 1, 0, 1, 1, 1, 0, 1, 0, 1, 0, 1, 1, 0]
Fitness: 1133.652504 	[1, 13, 12, 0, 4, 9, 5, 2, 0, 14, 6, 0, 3, 7, 8, 10, 11, 15, 0, 1, 1, 0, 1, 0, 1, 0, 1, 1, 1, 1, 1, 0, 1, 0]
Fitness: 1198.735323 	[6, 0, 10, 4, 0, 3, 7, 2, 12, 0, 13, 14, 11, 8, 15, 1, 9, 5, 0, 0, 1, 1, 1, 0, 1, 1, 1, 1, 1, 1, 0, 0, 1, 0]
Fitness: 1175.326414 	[13, 0, 1, 6, 4, 11, 0, 8, 2, 9, 7, 3, 10, 0, 12, 14, 5, 15, 0, 1, 1, 0, 0, 1, 1, 0, 1, 1, 1, 1, 0, 1, 1, 0]
Fitness: 1117.716401 	[8, 2, 9, 7, 3, 10, 0, 15, 13, 1, 5, 14, 0, 6, 4, 11, 0, 12, 0, 1, 1, 0, 0, 1, 1, 1, 1, 1, 0, 1, 0, 1, 1, 0]
Fitness: 1119.493792 	[6, 12, 0, 15, 13, 5, 14, 0, 4, 11, 0, 1, 8, 2, 9, 7, 3, 10, 0, 1, 1, 1, 0, 1, 1, 1, 0, 1, 0, 1, 0, 1, 1, 0]
Fitness: 1037.694307 	[15, 10, 13, 3, 0, 12, 1, 0, 4, 6, 0, 7, 5, 9, 2, 14, 8, 11, 0, 1, 1, 0, 0, 0, 1, 1, 1, 1, 0, 1, 1, 1, 1, 0]
Fitness: 1022.584072 	[14, 4, 9, 5, 2, 0, 6, 0, 1, 13, 12, 0, 3, 7, 8, 10, 11, 15, 0, 0, 1, 0, 1, 0, 1, 1, 1, 1, 1, 1, 1, 0, 1, 0]
Fitness: 1083.305023 	[1, 5, 12, 0, 3, 7, 10, 4, 0, 14, 6, 9, 11, 8, 15, 0, 13, 2, 0, 1, 1, 0, 1, 0, 1, 1, 1, 0, 1, 1, 1, 0, 1, 0]
Fitness: 1013.127906 	[13, 1, 3, 2, 10, 7, 0, 4, 15, 9, 0, 5, 6, 8, 0, 14, 11, 12, 0, 1, 0, 1, 1, 0, 1, 0, 1, 1, 0, 1, 1, 1, 1, 0]
Fitness: 1095.199180 	[9, 5, 2, 8, 0, 15, 10, 12, 0, 6, 4, 0, 13, 11, 3, 1, 14, 7, 0, 0, 1, 1, 0, 1, 1, 1, 1, 0, 1, 1, 1, 0, 1, 0]
Fitness: 1136.086449 	[5, 6, 0, 8, 13, 3, 11, 2, 0, 9, 15, 7, 4, 1, 0, 14, 12, 10, 0, 1, 0, 1, 1, 0, 1, 0, 1, 1, 1, 1, 1, 0, 1, 0]
Fitness: 1095.199180 	[13, 11, 0, 6, 4, 0, 10, 12, 15, 14, 3, 1, 7, 0, 9, 5, 2, 8, 0, 0, 1, 0, 1, 1, 1, 1, 1, 1, 1, 1, 0, 0, 1, 0]
Fitness: 1063.886436 	[1, 8, 2, 9, 7, 3, 10, 0, 6, 4, 11, 0, 15, 13, 5, 14, 0, 12, 0, 1, 1, 0, 0, 1, 1, 1, 0, 1, 0, 1, 1, 1, 1, 0]
Fitness: 1194.854325 	[3, 10, 15, 0, 11, 9, 1, 5, 8, 0, 6, 2, 12, 0, 14, 4, 13, 7, 0, 1, 0, 1, 0, 1, 1, 1, 1, 0, 1, 1, 1, 0, 1, 0]
Fitness: 1166.557601 	[4, 13, 7, 5, 15, 0, 8, 10, 3, 9, 11, 0, 6, 2, 12, 0, 14, 1, 0, 1, 0, 1, 0, 1, 0, 1, 1, 1, 1, 1, 1, 0, 1, 0]
Fitness: 1272.100826 	[7, 8, 5, 10, 0, 14, 9, 3, 2, 11, 12, 15, 0, 13, 6, 1, 0, 4, 0, 0, 1, 0, 1, 1, 1, 1, 0, 0, 1, 1, 1, 1, 1, 0]
Time: 0.47342