Fitness: 1377.538070 	[1, 12, 4, 0, 15, 7, 8, 5, 6, 9, 10, 0, 14, 2, 3, 11, 0, 13, 0, 1, 1, 0, 1, 1, 1, 0, 1, 0, 1, 0, 1, 1, 1, 0]
Fitness: 1337.326123 	[15, 2, 12, 0, 7, 8, 5, 13, 14, 10, 0, 4, 0, 6, 11, 3, 1, 9, 0, 1, 1, 0, 1, 0, 1, 0, 1, 1, 1, 1, 1, 0, 1, 0]
Fitness: 1337.326123 	[15, 2, 12, 0, 7, 8, 5, 13, 14, 10, 0, 4, 0, 6, 11, 3, 1, 9, 0, 1, 1, 0, 1, 0, 1, 0, 1, 1, 1, 1, 1, 0, 1, 0]
Fitness: 1330.445406 	[4, 0, 1, 3, 14, 0, 6, 5, 12, 0, 13, 2, 7, 8, 9, 10, 11, 15, 0, 1, 0, 1, 1, 1, 1, 0, 0, 1, 1, 1, 0, 1, 1, 0]
Fitness: 1330.445406 	[4, 0, 1, 3, 14, 0, 6, 5, 12, 0, 13, 2, 7, 8, 9, 10, 11, 15, 0, 1, 0, 1, 1, 1, 1, 0, 0, 1, 1, 1, 0, 1, 1, 0]
Fitness: 1323.721421 	[9, 15, 7, 4, 1, 0, 8, 13, 3, 11, 2, 0, 6, 0, 5, 14, 12, 10, 0, 1, 0, 1, 1, 0, 1, 1, 0, 1, 1, 1, 1, 0, 1, 0]
Fitness: 1319.016794 	[3, 12, 11, 0, 7, 8, 5, 13, 14, 10, 0, 15, 1, 9, 6, 2, 0, 4, 0, 1, 1, 0, 1, 0, 1, 0, 1, 1, 0, 1, 1, 1, 1, 0]
Fitness: 1319.016794 	[3, 12, 11, 0, 7, 8, 5, 13, 14, 10, 0, 15, 1, 9, 6, 2, 0, 4, 0, 1, 1, 0, 1, 0, 1, 0, 1, 1, 0, 1, 1, 1, 1, 0]
Fitness: 1319.016794 	[3, 12, 11, 0, 7, 8, 5, 13, 14, 10, 0, 15, 1, 9, 6, 2, 0, 4, 0, 1, 1, 0, 1, 0, 1, 0, 1, 1, 0, 1, 1, 1, 1, 0]
Fitness: 1319.016794 	[3, 12, 11, 0, 7, 8, 5, 13, 14, 10, 0, 15, 1, 9, 6, 2, 0, 4, 0, 1, 1, 0, 1, 0, 1, 0, 1, 1, 0, 1, 1, 1, 1, 0]
Fitness: 1294.274475 	[4, 0, 12, 7, 9, 0, 13, 10, 1, 11, 3, 5, 15, 14, 8, 0, 6, 2, 0, 0, 1, 1, 1, 1, 0, 1, 0, 1, 1, 0, 1, 1, 1, 0]
Fitness: 1293.401346 	[1, 8, 2, 9, 7, 3, 10, 0, 6, 12, 0, 4, 11, 0, 15, 13, 5, 14, 0, 1, 1, 0, 1, 0, 1, 1, 1, 1, 0, 1, 0, 1, 1, 0]
Fitness: 1288.043803 	[13, 6, 4, 11, 0, 12, 0, 8, 2, 9, 7, 3, 10, 0, 15, 1, 5, 14, 0, 0, 1, 1, 0, 1, 1, 1, 1, 1, 0, 1, 0, 1, 1, 0]
Fitness: 1272.100826 	[7, 8, 5, 13, 10, 0, 4, 0, 6, 1, 0, 14, 9, 3, 2, 11, 12, 15, 0, 0, 1, 0, 1, 1, 1, 0, 1, 1, 0, 1, 1, 1, 1, 0]
Fitness: 1268.331427 	[6, 12, 7, 9, 0, 4, 0, 2, 13, 0, 10, 1, 11, 3, 5, 15, 14, 8, 0, 0, 1, 1, 0, 1, 1, 1, 1, 0, 1, 0, 1, 1, 1, 0]
Fitness: 1265.860227 	[14, 9, 3, 2, 11, 12, 15, 0, 4, 0, 6, 13, 0, 10, 1, 7, 5, 8, 0, 0, 1, 0, 1, 1, 1, 0, 1, 1, 0, 1, 1, 1, 1, 0]
Fitness: 1264.436136 	[15, 1, 8, 2, 9, 7, 3, 10, 0, 12, 0, 6, 4, 11, 0, 13, 5, 14, 0, 1, 1, 0, 0, 1, 1, 1, 0, 1, 1, 1, 1, 0, 1, 0]
Fitness: 1262.935125 	[6, 2, 0, 12, 7, 9, 0, 13, 10, 1, 11, 3, 5, 15, 14, 8, 0, 4, 0, 0, 1, 1, 1, 1, 0, 1, 0, 1, 1, 0, 1, 1, 1, 0]
Fitness: 1262.192867 	[1, 8, 2, 9, 7, 3, 10, 0, 12, 0, 15, 13, 5, 14, 0, 6, 4, 11, 0, 1, 1, 0, 0, 1, 1, 1, 0, 1, 0, 1, 1, 1, 1, 0]
Fitness: 1261.081839 	[14, 4, 13, 7, 0, 6, 2, 12, 0, 11, 10, 0, 9, 5, 15, 3, 8, 1, 0, 1, 0, 1, 1, 0, 1, 1, 1, 0, 1, 1, 1, 0, 1, 0]
Fitness: 1260.426687 	[4, 0, 1, 3, 14, 0, 13, 2, 7, 8, 9, 10, 11, 15, 0, 6, 5, 12, 0, 1, 0, 1, 1, 1, 1, 0, 0, 1, 1, 1, 0, 1, 1, 0]
Fitness: 1260.267658 	[4, 0, 6, 12, 7, 0, 2, 13, 0, 9, 10, 1, 11, 3, 5, 15, 14, 8, 0, 0, 1, 1, 0, 1, 1, 1, 1, 0, 1, 1, 1, 1, 0, 0]
Fitness: 1260.267658 	[4, 0, 6, 12, 7, 0, 2, 13, 0, 9, 10, 1, 11, 3, 5, 15, 14, 8, 0, 0, 1, 1, 0, 1, 1, 1, 1, 0, 1, 1, 1, 1, 0, 0]
Fitness: 1260.267658 	[4, 0, 6, 12, 7, 0, 2, 13, 0, 9, 10, 1, 11, 3, 5, 15, 14, 8, 0, 0, 1, 1, 0, 1, 1, 1, 1, 0, 1, 1, 1, 1, 0, 0]
Fitness: 1255.719980 	[1, 8, 2, 9, 7, 3, 10, 0, 6, 4, 11, 0, 15, 13, 5, 14, 0, 12, 0, 1, 1, 0, 0, 1, 1, 1, 0, 1, 0, 1, 1, 1, 1, 0]
Fitness: 1252.101056 	[12, 15, 3, 13, 6, 8, 0, 2, 0, 1, 5, 4, 0, 7, 9, 11, 10, 14, 0, 1, 0, 1, 1, 0, 1, 1, 0, 1, 1, 1, 0, 1, 1, 0]
Fitness: 1247.477376 	[4, 0, 6, 12, 7, 9, 0, 10, 1, 11, 3, 5, 15, 14, 8, 0, 2, 13, 0, 0, 1, 1, 0, 1, 1, 1, 1, 0, 1, 0, 1, 1, 1, 0]
Fitness: 1247.169469 	[14, 6, 9, 11, 3, 8, 15, 0, 13, 2, 0, 7, 10, 4, 0, 1, 5, 12, 0, 0, 1, 0, 1, 1, 1, 1, 1, 0, 1, 1, 1, 0, 1, 0]
Fitness: 1231.121808 	[7, 15, 10, 4, 0, 6, 8, 5, 2, 0, 12, 0, 14, 11, 13, 3, 1, 9, 0, 1, 0, 1, 0, 1, 0, 1, 1, 1, 1, 1, 0, 1, 1, 0]
Fitness: 1227.755849 	[1, 12, 4, 0, 7, 8, 5, 6, 9, 10, 0, 14, 2, 3, 11, 0, 13, 15, 0, 0, 1, 1, 1, 0, 1, 0, 1, 1, 1, 0, 1, 1, 1, 0]
Fitness: 1227.755849 	[14, 2, 3, 11, 0, 7, 8, 5, 6, 9, 10, 0, 1, 12, 4, 0, 13, 15, 0, 0, 1, 1, 1, 0, 1, 0, 1, 1, 1, 0, 1, 1, 1, 0]
Fitness: 1226.593989 	[5, 14, 1, 7, 10, 15, 9, 8, 0, 13, 0, 2, 3, 12, 0, 6, 4, 11, 0, 1, 1, 0, 0, 1, 1, 1, 1, 1, 0, 1, 0, 1, 1, 0]
Fitness: 1226.593989 	[5, 14, 1, 7, 10, 15, 9, 8, 0, 13, 0, 2, 3, 12, 0, 6, 4, 11, 0, 1, 1, 0, 0, 1, 1, 1, 1, 1, 0, 1, 0, 1, 1, 0]
Fitness: 1226.394486 	[6, 0, 3, 10, 4, 0, 7, 2, 12, 0, 13, 14, 11, 8, 15, 1, 9, 5, 0, 0, 1, 1, 1, 0, 1, 1, 1, 0, 1, 1, 1, 0, 1, 0]
Fitness: 1225.680842 	[8, 2, 9, 7, 3, 10, 0, 6, 4, 11, 0, 12, 14, 5, 15, 0, 13, 1, 0, 1, 1, 0, 0, 1, 1, 1, 1, 1, 0, 1, 0, 1, 1, 0]
Fitness: 1218.890370 	[3, 12, 11, 0, 7, 8, 5, 13, 14, 10, 0, 9, 2, 1, 4, 15, 0, 6, 0, 1, 1, 0, 1, 0, 1, 0, 1, 1, 0, 1, 1, 1, 1, 0]
Fitness: 1198.735323 	[6, 0, 13, 14, 11, 8, 15, 1, 9, 5, 0, 7, 2, 12, 0, 3, 10, 4, 0, 0, 1, 1, 1, 0, 1, 1, 1, 0, 1, 1, 1, 0, 1, 0]
Fitness: 1198.735323 	[6, 0, 13, 14, 11, 8, 15, 1, 9, 5, 0, 7, 2, 12, 0, 3, 10, 4, 0, 0, 1, 1, 1, 0, 1, 1, 1, 0, 1, 1, 1, 0, 1, 0]
Fitness: 1198.735323 	[6, 0, 13, 14, 11, 8, 15, 1, 9, 5, 0, 7, 2, 12, 0, 3, 10, 4, 0, 0, 1, 1, 1, 0, 1, 1, 1, 0, 1, 1, 1, 0, 1, 0]
Fitness: 1194.854325 	[3, 10, 15, 0, 14, 4, 13, 7, 0, 6, 2, 12, 0, 11, 9, 1, 5, 8, 0, 1, 0, 1, 0, 1, 1, 1, 1, 0, 1, 1, 1, 0, 1, 0]
Fitness: 1193.689685 	[13, 14, 6, 9, 11, 3, 8, 15, 0, 7, 4, 0, 10, 1, 5, 12, 0, 2, 0, 1, 1, 0, 1, 0, 1, 1, 1, 0, 1, 0, 1, 1, 1, 0]
Fitness: 1192.044710 	[4, 1, 8, 2, 9, 7, 3, 10, 0, 6, 12, 0, 11, 0, 15, 13, 5, 14, 0, 0, 1, 1, 1, 0, 1, 1, 1, 1, 0, 1, 0, 1, 1, 0]
Fitness: 1191.416997 	[1, 8, 2, 9, 7, 3, 10, 0, 12, 0, 15, 13, 5, 14, 0, 6, 4, 11, 0, 1, 1, 0, 0, 1, 1, 1, 1, 1, 0, 1, 0, 1, 1, 0]
Fitness: 1184.779456 	[2, 5, 3, 0, 13, 0, 12, 14, 1, 7, 10, 6, 9, 8, 0, 4, 11, 15, 0, 1, 0, 0, 1, 1, 1, 1, 0, 1, 1, 0, 1, 1, 1, 0]
Fitness: 1184.012293 	[15, 10, 4, 0, 6, 8, 5, 2, 7, 0, 12, 0, 14, 11, 13, 3, 1, 9, 0, 1, 0, 1, 0, 1, 0, 1, 1, 1, 1, 0, 1, 1, 1, 0]
Fitness: 1184.012293 	[15, 10, 4, 0, 6, 8, 5, 2, 7, 0, 12, 0, 14, 11, 13, 3, 1, 9, 0, 1, 0, 1, 0, 1, 0, 1, 1, 1, 1, 0, 1, 1, 1, 0]
Fitness: 1182.223680 	[13, 14, 6, 9, 11, 3, 8, 15, 0, 7, 10, 4, 0, 1, 5, 12, 0, 2, 0, 0, 1, 0, 1, 0, 1, 1, 1, 0, 1, 1, 1, 1, 1, 0]
Fitness: 1181.363424 	[2, 8, 3, 5, 11, 6, 0, 4, 15, 9, 0, 12, 10, 7, 14, 1, 0, 13, 0, 1, 0, 1, 0, 1, 1, 0, 1, 1, 0, 1, 1, 1, 1, 0]
Fitness: 1181.363424 	[2, 8, 3, 5, 11, 6, 0, 4, 15, 9, 0, 12, 10, 7, 14, 1, 0, 13, 0, 1, 0, 1, 0, 1, 1, 0, 1, 1, 0, 1, 1, 1, 1, 0]
Fitness: 1180.276330 	[5, 1, 13, 8, 0, 14, 7, 6, 2, 15, 0, 4, 0, 3, 12, 11, 9, 10, 0, 0, 1, 1, 1, 0, 1, 1, 1, 0, 1, 1, 1, 1, 0, 0]
Fitness: 1177.081417 	[5, 14, 1, 7, 10, 15, 9, 8, 0, 13, 0, 6, 4, 11, 0, 2, 3, 12, 0, 1, 1, 0, 0, 1, 1, 1, 1, 1, 0, 1, 0, 1, 1, 0]
Fitness: 1177.081417 	[5, 14, 1, 7, 10, 15, 9, 8, 0, 13, 0, 6, 4, 11, 0, 2, 3, 12, 0, 1, 1, 0, 0, 1, 1, 1, 1, 1, 0, 1, 0, 1, 1, 0]
Fitness: 1176.559116 	[5, 1, 14, 15, 12, 0, 13, 0, 8, 2, 9, 7, 3, 10, 0, 6, 4, 11, 0, 1, 1, 0, 0, 1, 1, 1, 1, 1, 0, 1, 0, 1, 1, 0]
Fitness: 1175.326414 	[12, 14, 5, 15, 0, 6, 4, 11, 0, 8, 2, 9, 7, 3, 10, 0, 13, 1, 0, 1, 1, 0, 0, 1, 1, 1, 1, 1, 0, 1, 0, 1, 1, 0]
Fitness: 1174.312699 	[15, 1, 8, 2, 9, 7, 3, 10, 0, 13, 5, 14, 0, 6, 4, 11, 0, 12, 0, 1, 1, 0, 0, 1, 1, 1, 0, 1, 1, 1, 1, 0, 1, 0]
Fitness: 1169.819260 	[8, 2, 9, 7, 3, 10, 0, 12, 0, 13, 6, 4, 11, 0, 15, 1, 5, 14, 0, 0, 1, 1, 0, 1, 1, 1, 1, 1, 0, 1, 0, 1, 1, 0]
Fitness: 1169.660909 	[4, 10, 15, 8, 7, 12, 5, 13, 2, 9, 0, 11, 0, 1, 3, 14, 0, 6, 0, 1, 0, 1, 1, 0, 1, 1, 0, 1, 0, 1, 1, 1, 1, 0]
Fitness: 1166.557601 	[4, 13, 7, 5, 15, 0, 8, 10, 3, 9, 11, 0, 6, 2, 12, 0, 14, 1, 0, 1, 0, 1, 0, 1, 0, 1, 1, 1, 1, 1, 1, 0, 1, 0]
Fitness: 1166.557601 	[14, 1, 0, 8, 10, 3, 9, 11, 0, 6, 2, 12, 0, 4, 13, 7, 5, 15, 0, 1, 0, 1, 0, 1, 0, 1, 1, 1, 1, 1, 1, 0, 1, 0]
Fitness: 1166.262693 	[1, 3, 14, 0, 6, 0, 2, 8, 9, 12, 7, 5, 4, 10, 0, 11, 13, 15, 0, 1, 0, 1, 1, 0, 1, 1, 0, 1, 0, 1, 1, 1, 1, 0]
Fitness: 1159.609268 	[10, 4, 0, 6, 15, 8, 5, 2, 7, 0, 12, 0, 14, 11, 13, 3, 1, 9, 0, 1, 0, 1, 0, 1, 0, 1, 1, 1, 1, 1, 1, 0, 1, 0]
Fitness: 1158.622404 	[14, 4, 13, 7, 0, 9, 5, 15, 3, 8, 1, 0, 6, 2, 12, 0, 11, 10, 0, 1, 0, 1, 1, 0, 1, 1, 1, 0, 1, 1, 1, 0, 1, 0]
Fitness: 1158.622404 	[14, 4, 13, 7, 0, 6, 2, 12, 0, 9, 5, 15, 3, 8, 1, 0, 11, 10, 0, 1, 0, 1, 1, 0, 1, 1, 1, 0, 1, 1, 1, 0, 1, 0]
Fitness: 1153.784486 	[9, 10, 1, 11, 3, 5, 15, 14, 8, 0, 6, 12, 7, 0, 4, 0, 2, 13, 0, 0, 1, 1, 0, 1, 1, 1, 1, 0, 1, 1, 1, 1, 0, 0]
Fitness: 1153.187476 	[3, 13, 0, 15, 14, 2, 11, 0, 1, 8, 9, 12, 7, 5, 4, 10, 0, 6, 0, 1, 0, 1, 1, 1, 1, 0, 1, 0, 1, 0, 1, 1, 1, 0]
Fitness: 1149.524173 	[11, 12, 3, 2, 0, 1, 6, 0, 5, 14, 4, 9, 15, 8, 10, 7, 0, 13, 0, 1, 0, 1, 0, 1, 1, 1, 1, 1, 1, 0, 0, 1, 1, 0]
Fitness: 1142.548377 	[6, 0, 14, 2, 11, 0, 1, 8, 9, 12, 7, 5, 4, 10, 0, 3, 13, 15, 0, 0, 1, 1, 1, 1, 1, 0, 1, 0, 1, 0, 1, 1, 1, 0]
Fitness: 1141.429859 	[14, 6, 9, 11, 3, 8, 15, 0, 7, 10, 4, 0, 13, 2, 0, 1, 5, 12, 0, 0, 1, 0, 1, 1, 1, 1, 1, 0, 1, 1, 1, 0, 1, 0]
Fitness: 1138.947256 	[7, 5, 9, 2, 14, 8, 11, 0, 15, 10, 13, 3, 0, 12, 1, 6, 0, 4, 0, 1, 1, 0, 0, 0, 1, 1, 1, 0, 1, 1, 1, 1, 1, 0]
Fitness: 1136.086449 	[9, 15, 7, 4, 1, 0, 8, 13, 3, 11, 2, 0, 5, 6, 0, 14, 12, 10, 0, 1, 0, 1, 1, 0, 1, 0, 1, 1, 1, 1, 1, 0, 1, 0]
Fitness: 1136.086449 	[9, 15, 7, 4, 1, 0, 8, 13, 3, 11, 2, 0, 5, 6, 0, 14, 12, 10, 0, 1, 0, 1, 1, 0, 1, 0, 1, 1, 1, 1, 1, 0, 1, 0]
Fitness: 1136.086449 	[9, 15, 7, 4, 1, 0, 8, 13, 3, 11, 2, 0, 5, 6, 0, 14, 12, 10, 0, 1, 0, 1, 1, 0, 1, 0, 1, 1, 1, 1, 1, 0, 1, 0]
Fitness: 1136.086449 	[9, 15, 7, 4, 1, 0, 8, 13, 3, 11, 2, 0, 5, 6, 0, 14, 12, 10, 0, 1, 0, 1, 1, 0, 1, 0, 1, 1, 1, 1, 1, 0, 1, 0]
Fitness: 1135.060809 	[13, 15, 0, 1, 8, 9, 12, 7, 5, 4, 10, 0, 14, 2, 3, 11, 0, 6, 0, 0, 1, 0, 1, 1, 1, 0, 1, 1, 1, 0, 1, 1, 1, 0]
Fitness: 1135.060809 	[13, 15, 0, 1, 8, 9, 12, 7, 5, 4, 10, 0, 14, 2, 3, 11, 0, 6, 0, 0, 1, 0, 1, 1, 1, 0, 1, 1, 1, 0, 1, 1, 1, 0]
Fitness: 1135.060809 	[13, 15, 0, 1, 8, 9, 12, 7, 5, 4, 10, 0, 14, 2, 3, 11, 0, 6, 0, 0, 1, 0, 1, 1, 1, 0, 1, 1, 1, 0, 1, 1, 1, 0]
Fitness: 1135.060809 	[13, 15, 0, 1, 8, 9, 12, 7, 5, 4, 10, 0, 6, 0, 14, 2, 3, 11, 0, 0, 1, 0, 1, 1, 1, 0, 1, 1, 1, 0, 1, 1, 1, 0]
Fitness: 1135.060809 	[13, 15, 0, 14, 2, 3, 11, 0, 1, 8, 9, 12, 7, 5, 4, 10, 0, 6, 0, 0, 1, 0, 1, 1, 1, 0, 1, 1, 1, 0, 1, 1, 1, 0]
Fitness: 1135.060809 	[13, 15, 0, 14, 2, 3, 11, 0, 1, 8, 9, 12, 7, 5, 4, 10, 0, 6, 0, 0, 1, 0, 1, 1, 1, 0, 1, 1, 1, 0, 1, 1, 1, 0]
Fitness: 1133.652504 	[14, 6, 0, 4, 9, 5, 2, 0, 1, 13, 12, 0, 3, 7, 8, 10, 11, 15, 0, 1, 1, 0, 1, 0, 1, 0, 1, 1, 1, 1, 1, 0, 1, 0]
Fitness: 1130.188514 	[5, 14, 1, 7, 10, 15, 9, 8, 0, 13, 0, 12, 0, 6, 4, 11, 2, 3, 0, 1, 1, 0, 0, 1, 1, 1, 0, 1, 0, 1, 1, 1, 1, 0]
Fitness: 1124.259355 	[1, 8, 2, 9, 7, 3, 10, 0, 12, 0, 6, 4, 11, 0, 15, 13, 5, 14, 0, 1, 1, 0, 0, 1, 1, 1, 1, 1, 0, 1, 0, 1, 1, 0]
Fitness: 1124.104776 	[6, 15, 10, 12, 0, 9, 5, 2, 8, 0, 4, 0, 13, 11, 3, 1, 14, 7, 0, 0, 1, 1, 1, 0, 1, 1, 1, 0, 1, 1, 1, 0, 1, 0]
Fitness: 1123.135451 	[10, 15, 8, 7, 12, 5, 13, 2, 9, 0, 1, 3, 14, 0, 4, 0, 11, 6, 0, 1, 0, 1, 1, 1, 1, 0, 0, 1, 1, 1, 0, 1, 1, 0]
Fitness: 1123.135451 	[10, 15, 8, 7, 12, 5, 13, 2, 9, 0, 1, 3, 14, 0, 4, 0, 11, 6, 0, 1, 0, 1, 1, 1, 1, 0, 0, 1, 1, 1, 0, 1, 1, 0]
Fitness: 1119.976855 	[4, 10, 15, 8, 7, 12, 5, 13, 2, 9, 0, 1, 3, 14, 0, 11, 0, 6, 0, 1, 0, 1, 1, 0, 1, 1, 0, 1, 0, 1, 1, 1, 1, 0]
Fitness: 1119.493792 	[6, 12, 0, 1, 8, 2, 9, 7, 3, 10, 0, 4, 11, 0, 15, 13, 5, 14, 0, 1, 1, 1, 0, 1, 1, 1, 0, 1, 0, 1, 0, 1, 1, 0]
Fitness: 1119.493792 	[6, 12, 0, 1, 8, 2, 9, 7, 3, 10, 0, 4, 11, 0, 15, 13, 5, 14, 0, 1, 1, 1, 0, 1, 1, 1, 0, 1, 0, 1, 0, 1, 1, 0]
Fitness: 1117.716401 	[8, 2, 9, 7, 3, 10, 0, 12, 0, 6, 4, 11, 0, 15, 13, 1, 5, 14, 0, 1, 1, 0, 0, 1, 1, 1, 1, 1, 0, 1, 0, 1, 1, 0]
Fitness: 1117.716401 	[8, 2, 9, 7, 3, 10, 0, 12, 0, 6, 4, 11, 0, 15, 13, 1, 5, 14, 0, 1, 1, 0, 0, 1, 1, 1, 1, 1, 0, 1, 0, 1, 1, 0]
Fitness: 1116.461381 	[5, 0, 12, 15, 3, 13, 6, 8, 0, 2, 0, 9, 14, 1, 7, 4, 10, 11, 0, 1, 0, 1, 1, 0, 1, 1, 0, 1, 1, 1, 0, 1, 1, 0]
Fitness: 1116.461381 	[12, 15, 3, 13, 6, 8, 0, 5, 0, 2, 0, 9, 14, 1, 7, 4, 10, 11, 0, 1, 0, 1, 1, 0, 1, 1, 0, 1, 1, 1, 0, 1, 1, 0]
Fitness: 1116.461381 	[12, 15, 3, 13, 6, 8, 0, 5, 0, 2, 0, 9, 14, 1, 7, 4, 10, 11, 0, 1, 0, 1, 1, 0, 1, 1, 0, 1, 1, 1, 0, 1, 1, 0]
Fitness: 1116.461381 	[12, 15, 3, 13, 6, 8, 0, 5, 0, 2, 0, 9, 14, 1, 7, 4, 10, 11, 0, 1, 0, 1, 1, 0, 1, 1, 0, 1, 1, 1, 0, 1, 1, 0]
Fitness: 1112.480421 	[4, 0, 15, 6, 12, 7, 9, 0, 2, 13, 0, 10, 1, 11, 3, 5, 14, 8, 0, 0, 1, 1, 0, 0, 1, 1, 1, 1, 1, 0, 1, 1, 1, 0]
Fitness: 1108.130353 	[5, 14, 1, 7, 10, 15, 9, 8, 0, 12, 0, 13, 0, 6, 4, 11, 2, 3, 0, 1, 1, 0, 0, 1, 1, 1, 0, 1, 0, 1, 1, 1, 1, 0]
Fitness: 1107.960896 	[1, 8, 2, 9, 7, 3, 10, 0, 15, 13, 5, 14, 0, 4, 0, 12, 6, 11, 0, 1, 1, 0, 1, 0, 1, 1, 1, 1, 0, 1, 0, 1, 1, 0]
Fitness: 1104.289284 	[5, 1, 13, 8, 0, 14, 7, 6, 2, 15, 0, 4, 0, 3, 12, 11, 9, 10, 0, 0, 1, 1, 1, 0, 1, 0, 1, 1, 1, 1, 1, 1, 0, 0]
Fitness: 1100.105668 	[1, 3, 0, 13, 2, 7, 8, 9, 10, 11, 15, 0, 4, 0, 6, 5, 12, 14, 0, 1, 0, 1, 1, 1, 1, 0, 0, 1, 1, 1, 0, 1, 1, 0]
Fitness: 1099.630841 	[14, 4, 9, 5, 2, 0, 3, 7, 8, 10, 11, 15, 0, 6, 0, 1, 13, 12, 0, 0, 1, 0, 1, 0, 1, 1, 1, 1, 1, 1, 1, 0, 1, 0]
Fitness: 1247.169469 	[14, 6, 9, 11, 3, 8, 15, 0, 13, 2, 0, 1, 4, 10, 0, 5, 7, 12, 0, 0, 1, 0, 1, 1, 1, 1, 1, 0, 1, 1, 1, 0, 1, 0]
Fitness: 1142.548377 	[6, 0, 14, 2, 11, 0, 1, 8, 9, 12, 7, 5, 4, 10, 0, 3, 13, 15, 0, 1, 0, 1, 1, 1, 1, 0, 1, 0, 1, 0, 1, 1, 1, 0]
Fitness: 1181.363424 	[2, 8, 3, 5, 11, 6, 0, 4, 15, 9, 0, 12, 10, 7, 14, 1, 0, 13, 0, 1, 0, 1, 0, 1, 1, 0, 1, 1, 0, 1, 1, 1, 1, 0]
Fitness: 1142.548377 	[2, 14, 11, 6, 0, 3, 13, 15, 0, 1, 8, 9, 12, 0, 7, 5, 4, 10, 0, 0, 1, 1, 1, 1, 1, 0, 1, 0, 1, 0, 1, 1, 1, 0]
Fitness: 1138.947256 	[7, 5, 9, 2, 14, 8, 11, 0, 15, 10, 13, 3, 0, 4, 0, 1, 6, 12, 0, 1, 1, 0, 0, 0, 1, 1, 1, 0, 1, 1, 1, 1, 1, 0]
Fitness: 1194.854325 	[3, 10, 15, 0, 14, 4, 13, 7, 0, 6, 2, 12, 0, 11, 9, 1, 5, 8, 0, 0, 1, 1, 0, 1, 1, 1, 1, 1, 0, 1, 1, 0, 1, 0]
Fitness: 1169.819260 	[8, 2, 9, 7, 3, 10, 0, 12, 0, 13, 6, 4, 11, 0, 15, 1, 5, 14, 0, 0, 1, 1, 0, 1, 1, 1, 1, 1, 0, 1, 0, 1, 1, 0]
Fitness: 1194.854325 	[6, 2, 12, 0, 11, 9, 1, 5, 8, 0, 13, 10, 4, 3, 0, 15, 7, 14, 0, 1, 0, 1, 0, 1, 1, 1, 1, 0, 1, 1, 1, 0, 1, 0]
Fitness: 1272.100826 	[7, 8, 5, 13, 10, 0, 4, 0, 6, 1, 0, 14, 9, 3, 2, 11, 12, 15, 0, 0, 0, 1, 1, 0, 1, 0, 1, 1, 1, 1, 1, 1, 1, 0]
Fitness: 1136.086449 	[9, 15, 7, 4, 1, 0, 8, 13, 3, 11, 2, 0, 5, 6, 0, 14, 12, 10, 0, 1, 0, 1, 1, 0, 1, 0, 1, 1, 1, 1, 1, 0, 1, 0]
Fitness: 1272.100826 	[8, 13, 7, 4, 5, 0, 6, 1, 0, 14, 9, 3, 2, 11, 12, 15, 0, 10, 0, 0, 1, 0, 1, 1, 1, 0, 1, 1, 0, 1, 1, 1, 1, 0]
Fitness: 1226.394486 	[6, 0, 3, 10, 4, 0, 7, 2, 12, 0, 13, 14, 11, 8, 15, 1, 9, 5, 0, 0, 1, 1, 1, 0, 1, 1, 1, 0, 1, 1, 1, 0, 1, 0]
Fitness: 1099.630841 	[14, 4, 9, 5, 2, 0, 3, 7, 8, 10, 11, 15, 0, 6, 0, 1, 13, 12, 0, 0, 1, 0, 1, 0, 1, 1, 1, 1, 1, 1, 1, 0, 1, 0]
Fitness: 1226.394486 	[7, 2, 12, 0, 13, 14, 11, 8, 15, 1, 9, 5, 0, 6, 0, 10, 3, 4, 0, 0, 1, 1, 1, 0, 1, 1, 1, 0, 1, 1, 1, 0, 1, 0]
Fitness: 1337.326123 	[15, 2, 12, 0, 7, 8, 5, 13, 14, 10, 0, 4, 0, 6, 11, 3, 1, 9, 0, 1, 1, 0, 1, 0, 1, 0, 1, 1, 1, 1, 1, 0, 1, 0]
Fitness: 1192.044710 	[4, 1, 8, 2, 9, 7, 3, 10, 0, 6, 12, 0, 11, 0, 15, 13, 5, 14, 0, 0, 1, 1, 1, 0, 1, 1, 1, 1, 0, 1, 0, 1, 1, 0]
Fitness: 1337.326123 	[15, 2, 12, 0, 4, 0, 11, 0, 1, 13, 5, 14, 3, 6, 7, 8, 9, 10, 0, 1, 1, 0, 1, 0, 1, 0, 1, 1, 1, 1, 1, 0, 1, 0]
Fitness: 1255.719980 	[1, 8, 2, 9, 7, 3, 10, 0, 6, 4, 11, 0, 15, 13, 5, 14, 0, 12, 0, 1, 1, 0, 0, 1, 1, 1, 0, 1, 0, 1, 1, 1, 1, 0]
Fitness: 1198.735323 	[6, 0, 13, 14, 11, 8, 15, 1, 9, 5, 0, 7, 2, 12, 0, 3, 10, 4, 0, 0, 1, 1, 1, 0, 1, 1, 1, 0, 1, 1, 1, 0, 1, 0]
Fitness: 1255.719980 	[10, 0, 13, 14, 2, 8, 15, 1, 9, 5, 0, 6, 4, 11, 0, 12, 3, 7, 0, 1, 1, 0, 0, 1, 1, 1, 0, 1, 0, 1, 1, 1, 1, 0]
Fitness: 1294.274475 	[4, 0, 12, 7, 9, 0, 13, 10, 1, 11, 3, 5, 15, 14, 8, 0, 6, 2, 0, 0, 1, 1, 1, 0, 1, 0, 1, 1, 1, 0, 1, 1, 1, 0]
Fitness: 1227.755849 	[14, 2, 3, 11, 0, 7, 8, 5, 6, 9, 10, 0, 1, 12, 4, 0, 13, 15, 0, 0, 1, 1, 1, 0, 1, 0, 1, 1, 1, 0, 1, 1, 1, 0]
Fitness: 1294.274475 	[14, 1, 3, 11, 0, 4, 8, 5, 13, 15, 10, 0, 12, 7, 9, 0, 6, 2, 0, 0, 1, 1, 1, 1, 0, 1, 0, 1, 1, 0, 1, 1, 1, 0]
Fitness: 1288.043803 	[13, 6, 4, 11, 0, 12, 0, 8, 2, 9, 7, 3, 10, 0, 15, 1, 5, 14, 0, 0, 1, 1, 1, 0, 1, 1, 1, 1, 0, 1, 0, 1, 1, 0]
Fitness: 1166.262693 	[1, 3, 14, 0, 6, 0, 2, 8, 9, 12, 7, 5, 4, 10, 0, 11, 13, 15, 0, 1, 0, 1, 1, 0, 1, 1, 0, 1, 0, 1, 1, 1, 1, 0]
Fitness: 1288.043803 	[4, 12, 6, 0, 15, 1, 5, 14, 0, 8, 2, 9, 7, 3, 10, 0, 11, 13, 0, 0, 1, 1, 0, 1, 1, 1, 1, 1, 0, 1, 0, 1, 1, 0]
Fitness: 1153.784486 	[2, 13, 0, 6, 12, 7, 0, 8, 4, 11, 0, 15, 9, 1, 5, 14, 10, 3, 0, 0, 1, 1, 0, 1, 1, 1, 1, 0, 1, 1, 1, 1, 0, 0]
Fitness: 1116.461381 	[4, 0, 5, 0, 2, 0, 9, 10, 1, 11, 3, 12, 15, 14, 8, 13, 6, 7, 0, 1, 0, 1, 1, 0, 1, 1, 0, 1, 1, 1, 0, 1, 1, 0]
Fitness: 1180.276330 	[4, 0, 3, 12, 11, 9, 10, 0, 6, 5, 1, 0, 13, 2, 7, 8, 14, 15, 0, 0, 1, 1, 1, 0, 1, 1, 1, 0, 1, 1, 1, 1, 0, 0]
Fitness: 1135.060809 	[13, 15, 0, 1, 8, 9, 12, 7, 5, 4, 10, 0, 14, 2, 3, 11, 0, 6, 0, 0, 1, 0, 1, 1, 1, 0, 1, 1, 1, 0, 1, 1, 1, 0]
Fitness: 1135.060809 	[13, 15, 0, 14, 2, 3, 11, 0, 1, 8, 9, 12, 7, 5, 4, 10, 0, 6, 0, 0, 1, 0, 1, 1, 1, 0, 1, 1, 1, 0, 1, 1, 1, 0]
Fitness: 1135.060809 	[13, 15, 0, 6, 0, 1, 8, 9, 12, 7, 5, 4, 10, 0, 11, 2, 3, 14, 0, 0, 1, 0, 1, 1, 1, 0, 1, 1, 1, 0, 1, 1, 1, 0]
Fitness: 1166.557601 	[4, 13, 7, 5, 15, 0, 8, 10, 3, 9, 11, 0, 6, 2, 12, 0, 14, 1, 0, 1, 0, 1, 0, 1, 0, 1, 1, 1, 1, 1, 1, 0, 1, 0]
Fitness: 1184.012293 	[15, 10, 4, 0, 6, 8, 5, 2, 7, 0, 12, 0, 14, 11, 13, 3, 1, 9, 0, 1, 0, 1, 0, 1, 0, 1, 1, 1, 1, 0, 1, 1, 1, 0]
Fitness: 1166.557601 	[8, 10, 3, 9, 11, 0, 14, 1, 0, 12, 0, 2, 4, 13, 5, 6, 7, 15, 0, 1, 0, 1, 0, 1, 0, 1, 1, 1, 1, 1, 1, 0, 1, 0]
Fitness: 1159.609268 	[10, 4, 0, 6, 15, 8, 5, 2, 7, 0, 12, 0, 14, 11, 13, 3, 1, 9, 0, 1, 0, 1, 0, 1, 0, 1, 1, 1, 1, 1, 1, 0, 1, 0]
Fitness: 1149.524173 	[11, 12, 3, 2, 0, 1, 6, 0, 5, 14, 4, 9, 15, 8, 10, 7, 0, 13, 0, 1, 0, 1, 0, 1, 1, 1, 1, 1, 1, 0, 0, 1, 1, 0]
Fitness: 1159.609268 	[5, 12, 6, 2, 0, 10, 4, 0, 14, 11, 13, 3, 1, 9, 0, 7, 8, 15, 0, 1, 0, 1, 0, 1, 0, 1, 1, 1, 1, 1, 1, 0, 1, 0]
Fitness: 1116.461381 	[12, 15, 3, 13, 6, 8, 0, 5, 0, 2, 0, 9, 14, 1, 7, 4, 10, 11, 0, 1, 0, 1, 1, 0, 1, 1, 1, 1, 0, 1, 0, 1, 1, 0]
Fitness: 1225.680842 	[8, 2, 9, 7, 3, 10, 0, 6, 4, 11, 0, 12, 14, 5, 15, 0, 13, 1, 0, 1, 1, 0, 0, 1, 1, 1, 1, 1, 0, 1, 0, 1, 1, 0]
Fitness: 1116.461381 	[5, 2, 0, 7, 4, 10, 11, 0, 9, 14, 1, 0, 12, 15, 3, 13, 6, 8, 0, 1, 0, 1, 1, 0, 1, 1, 0, 1, 1, 1, 0, 1, 1, 0]
Fitness: 1293.401346 	[1, 8, 2, 9, 7, 3, 10, 0, 6, 12, 0, 4, 11, 0, 15, 13, 5, 14, 0, 1, 1, 0, 1, 0, 1, 1, 1, 1, 1, 0, 0, 1, 1, 0]
Fitness: 1112.480421 	[4, 0, 15, 6, 12, 7, 9, 0, 2, 13, 0, 10, 1, 11, 3, 5, 14, 8, 0, 0, 1, 1, 0, 0, 1, 1, 1, 1, 1, 0, 1, 1, 1, 0]
Fitness: 1293.401346 	[12, 0, 4, 11, 0, 1, 8, 2, 9, 7, 3, 10, 0, 13, 6, 15, 5, 14, 0, 1, 1, 0, 1, 0, 1, 1, 1, 1, 0, 1, 0, 1, 1, 0]
Fitness: 1135.060809 	[13, 15, 0, 1, 8, 9, 12, 7, 5, 4, 10, 0, 6, 0, 14, 2, 3, 11, 0, 0, 1, 0, 1, 1, 1, 0, 1, 1, 1, 0, 1, 1, 1, 0]
Fitness: 1319.016794 	[3, 12, 11, 0, 7, 8, 5, 13, 14, 10, 0, 15, 1, 9, 6, 2, 0, 4, 0, 1, 1, 0, 1, 0, 1, 0, 1, 1, 0, 1, 1, 1, 1, 0]
Fitness: 1135.060809 	[3, 2, 11, 0, 1, 8, 9, 12, 7, 5, 4, 10, 0, 13, 15, 0, 6, 14, 0, 0, 1, 0, 1, 1, 1, 0, 1, 1, 1, 0, 1, 1, 1, 0]
Fitness: 1226.593989 	[5, 14, 1, 7, 10, 15, 9, 8, 0, 13, 0, 2, 3, 12, 0, 6, 4, 11, 0, 0, 1, 0, 1, 1, 1, 1, 1, 1, 0, 1, 0, 1, 1, 0]
Fitness: 1182.223680 	[13, 14, 6, 9, 11, 3, 8, 15, 0, 7, 10, 4, 0, 1, 5, 12, 0, 2, 0, 0, 1, 0, 1, 0, 1, 1, 1, 0, 1, 1, 1, 1, 1, 0]
Fitness: 1226.593989 	[13, 2, 12, 3, 0, 10, 15, 9, 8, 0, 6, 4, 11, 0, 5, 14, 1, 7, 0, 1, 1, 0, 0, 1, 1, 1, 1, 1, 0, 1, 0, 1, 1, 0]
Fitness: 1100.105668 	[1, 3, 0, 13, 2, 7, 8, 9, 10, 11, 15, 0, 4, 0, 6, 5, 12, 14, 0, 1, 0, 1, 1, 1, 1, 0, 0, 1, 1, 1, 0, 1, 1, 0]
Fitness: 1123.135451 	[10, 15, 8, 7, 12, 5, 13, 2, 9, 0, 1, 3, 14, 0, 4, 0, 11, 6, 0, 1, 0, 1, 1, 1, 1, 0, 0, 1, 1, 1, 0, 1, 1, 0]
Fitness: 1100.105668 	[10, 15, 8, 7, 1, 3, 13, 2, 9, 0, 6, 5, 12, 14, 0, 4, 0, 11, 0, 1, 0, 1, 1, 1, 1, 0, 0, 1, 1, 1, 0, 1, 1, 0]
Fitness: 1319.016794 	[3, 12, 11, 0, 7, 8, 5, 13, 14, 10, 0, 15, 1, 9, 6, 2, 0, 4, 0, 0, 1, 1, 0, 1, 1, 1, 1, 0, 1, 1, 1, 1, 0, 0]
Fitness: 1260.267658 	[4, 0, 6, 12, 7, 0, 2, 13, 0, 9, 10, 1, 11, 3, 5, 15, 14, 8, 0, 0, 1, 1, 0, 1, 1, 1, 1, 0, 1, 1, 1, 1, 0, 0]
Fitness: 1319.016794 	[4, 0, 3, 12, 11, 0, 15, 1, 9, 6, 2, 0, 13, 10, 7, 5, 14, 8, 0, 1, 1, 0, 1, 0, 1, 0, 1, 1, 0, 1, 1, 1, 1, 0]
Fitness: 1158.622404 	[14, 4, 13, 7, 0, 9, 5, 15, 3, 8, 1, 0, 6, 2, 12, 0, 11, 10, 0, 1, 0, 1, 0, 1, 1, 1, 1, 0, 1, 1, 1, 0, 1, 0]
Fitness: 1264.436136 	[15, 1, 8, 2, 9, 7, 3, 10, 0, 12, 0, 6, 4, 11, 0, 13, 5, 14, 0, 1, 1, 0, 0, 1, 1, 1, 0, 1, 1, 1, 1, 0, 1, 0]
Fitness: 1158.622404 	[15, 1, 8, 13, 9, 7, 3, 4, 0, 5, 0, 6, 2, 12, 0, 11, 10, 14, 0, 1, 0, 1, 1, 0, 1, 1, 1, 0, 1, 1, 1, 0, 1, 0]
Fitness: 1377.538070 	[1, 12, 4, 0, 15, 7, 8, 5, 6, 9, 10, 0, 14, 2, 3, 11, 0, 13, 0, 1, 1, 0, 1, 1, 1, 0, 1, 0, 1, 0, 1, 1, 1, 0]
Fitness: 1198.735323 	[6, 0, 13, 14, 11, 8, 15, 1, 9, 5, 0, 7, 2, 12, 0, 3, 10, 4, 0, 0, 1, 1, 1, 0, 1, 1, 1, 0, 1, 1, 1, 0, 1, 0]
Fitness: 1377.538070 	[1, 0, 14, 2, 3, 11, 0, 15, 7, 8, 5, 6, 9, 10, 0, 12, 13, 4, 0, 1, 1, 0, 1, 1, 1, 0, 1, 0, 1, 0, 1, 1, 1, 0]
Fitness: 1268.331427 	[6, 12, 7, 9, 0, 4, 0, 2, 13, 0, 10, 1, 11, 3, 5, 15, 14, 8, 0, 1, 0, 1, 0, 1, 0, 1, 1, 1, 1, 0, 1, 1, 1, 0]
Fitness: 1231.121808 	[7, 15, 10, 4, 0, 6, 8, 5, 2, 0, 12, 0, 14, 11, 13, 3, 1, 9, 0, 1, 0, 1, 0, 1, 0, 1, 1, 1, 1, 1, 0, 1, 1, 0]
Fitness: 1268.331427 	[7, 9, 12, 13, 0, 6, 2, 0, 4, 0, 10, 1, 11, 3, 5, 15, 14, 8, 0, 0, 1, 1, 0, 1, 1, 1, 1, 0, 1, 0, 1, 1, 1, 0]
Fitness: 1255.719980 	[1, 8, 2, 9, 7, 3, 10, 0, 6, 4, 11, 0, 13, 5, 14, 0, 15, 12, 0, 1, 0, 0, 1, 1, 1, 1, 0, 1, 0, 1, 1, 1, 1, 0]
Fitness: 1135.060809 	[6, 13, 15, 0, 7, 5, 4, 10, 0, 14, 2, 3, 11, 0, 1, 8, 9, 12, 0, 0, 0, 0, 1, 1, 1, 0, 1, 1, 1, 1, 1, 1, 1, 0]
Fitness: 1262.935125 	[9, 6, 2, 0, 12, 7, 0, 13, 10, 1, 11, 3, 5, 15, 14, 8, 0, 4, 0, 0, 1, 1, 1, 1, 1, 1, 0, 0, 1, 0, 1, 1, 1, 0]
Fitness: 1099.630841 	[14, 4, 9, 5, 2, 0, 8, 10, 11, 15, 0, 6, 3, 7, 0, 1, 13, 12, 0, 0, 1, 1, 1, 0, 1, 1, 1, 0, 1, 1, 1, 0, 1, 0]
Fitness: 1226.593989 	[10, 15, 9, 8, 0, 5, 14, 1, 7, 0, 2, 3, 12, 0, 13, 6, 4, 11, 0, 0, 1, 0, 1, 1, 1, 1, 1, 1, 0, 1, 1, 0, 1, 0]
Fitness: 1193.689685 	[7, 13, 14, 6, 9, 11, 3, 8, 15, 0, 4, 0, 10, 1, 5, 12, 0, 2, 0, 1, 0, 0, 1, 0, 1, 1, 1, 1, 1, 0, 1, 1, 1, 0]
Fitness: 1288.043803 	[4, 12, 6, 0, 15, 1, 5, 14, 0, 8, 2, 9, 3, 10, 0, 7, 11, 13, 0, 0, 1, 1, 1, 1, 1, 1, 1, 1, 0, 1, 0, 1, 0, 0]
Fitness: 1175.326414 	[12, 5, 15, 0, 6, 4, 11, 0, 8, 2, 9, 7, 3, 10, 0, 14, 13, 1, 0, 0, 1, 0, 0, 1, 1, 1, 1, 1, 1, 1, 0, 1, 1, 0]
Fitness: 1260.426687 	[10, 4, 0, 1, 3, 14, 0, 13, 2, 7, 8, 9, 11, 15, 0, 6, 5, 12, 0, 1, 0, 1, 1, 0, 1, 0, 0, 1, 1, 1, 1, 1, 1, 0]
Fitness: 1265.860227 	[14, 9, 3, 2, 11, 12, 15, 0, 10, 4, 0, 6, 13, 0, 1, 7, 5, 8, 0, 0, 1, 0, 1, 1, 0, 1, 1, 1, 0, 1, 1, 1, 1, 0]
Fitness: 1158.622404 	[15, 1, 8, 13, 9, 7, 3, 4, 0, 5, 0, 11, 6, 2, 12, 0, 10, 14, 0, 1, 0, 1, 1, 0, 1, 1, 1, 0, 1, 0, 1, 1, 1, 0]
Fitness: 1136.086449 	[9, 15, 7, 4, 1, 0, 10, 8, 13, 3, 11, 2, 0, 5, 6, 0, 14, 12, 0, 1, 0, 1, 1, 0, 0, 0, 1, 1, 1, 1, 1, 1, 1, 0]
Fitness: 1142.548377 	[6, 1, 8, 9, 0, 14, 2, 11, 0, 12, 7, 5, 4, 10, 0, 3, 13, 15, 0, 0, 1, 1, 1, 1, 1, 0, 1, 0, 0, 1, 1, 1, 1, 0]
Fitness: 1293.401346 	[1, 8, 2, 9, 7, 3, 10, 0, 12, 0, 4, 11, 0, 6, 15, 13, 5, 14, 0, 1, 1, 0, 1, 0, 1, 1, 1, 0, 0, 1, 1, 1, 1, 0]
Fitness: 1135.060809 	[6, 13, 15, 0, 14, 2, 3, 11, 0, 7, 5, 4, 10, 0, 1, 8, 9, 12, 0, 1, 1, 0, 1, 1, 1, 0, 1, 1, 1, 0, 1, 1, 0, 0]
Fitness: 1158.622404 	[14, 13, 7, 0, 6, 2, 12, 0, 4, 9, 5, 15, 3, 8, 1, 0, 11, 10, 0, 0, 0, 1, 1, 1, 1, 1, 1, 0, 1, 1, 1, 0, 1, 0]
Fitness: 1138.947256 	[15, 7, 5, 9, 2, 14, 8, 11, 0, 10, 13, 3, 0, 4, 0, 1, 6, 12, 0, 1, 1, 0, 0, 1, 1, 1, 0, 0, 1, 1, 1, 1, 1, 0]
Fitness: 1319.016794 	[3, 12, 11, 0, 7, 8, 5, 13, 14, 10, 0, 15, 1, 9, 6, 0, 2, 4, 0, 1, 1, 1, 1, 0, 1, 0, 1, 0, 0, 1, 1, 1, 1, 0]
Fitness: 1100.105668 	[15, 1, 3, 0, 13, 2, 7, 8, 9, 10, 11, 0, 4, 0, 6, 5, 12, 14, 0, 1, 0, 1, 1, 1, 1, 1, 0, 1, 1, 0, 0, 1, 1, 0]
Fitness: 1116.461381 	[12, 15, 3, 13, 6, 8, 0, 5, 9, 14, 1, 0, 2, 0, 7, 4, 10, 11, 0, 1, 0, 1, 0, 0, 1, 1, 1, 1, 1, 1, 0, 1, 1, 0]
Fitness: 1135.060809 	[13, 0, 1, 8, 9, 12, 7, 5, 4, 10, 0, 6, 0, 15, 14, 2, 3, 11, 0, 0, 1, 0, 1, 1, 1, 0, 1, 0, 1, 1, 1, 1, 1, 0]
Fitness: 1124.104776 	[15, 10, 12, 0, 9, 5, 2, 8, 0, 4, 0, 6, 13, 11, 3, 1, 14, 7, 0, 0, 1, 1, 1, 1, 1, 1, 1, 0, 1, 1, 0, 0, 1, 0]
Fitness: 1192.044710 	[4, 1, 8, 2, 9, 7, 3, 10, 0, 6, 12, 0, 14, 11, 0, 15, 13, 5, 0, 0, 1, 1, 0, 1, 1, 1, 1, 1, 0, 1, 0, 1, 1, 0]
Fitness: 1116.461381 	[12, 15, 3, 13, 6, 8, 0, 11, 5, 0, 2, 0, 9, 14, 1, 7, 4, 10, 0, 1, 0, 1, 1, 0, 0, 1, 1, 1, 1, 1, 0, 1, 1, 0]
Fitness: 1130.188514 	[7, 10, 15, 9, 8, 0, 13, 5, 14, 1, 0, 12, 0, 6, 4, 11, 2, 3, 0, 1, 1, 1, 0, 1, 1, 1, 0, 1, 0, 1, 1, 0, 1, 0]
Fitness: 1123.135451 	[6, 10, 15, 8, 7, 12, 5, 13, 2, 9, 0, 1, 3, 14, 0, 4, 0, 11, 0, 1, 0, 1, 1, 1, 1, 0, 0, 0, 1, 1, 1, 1, 1, 0]
Fitness: 1112.480421 	[10, 1, 11, 0, 4, 15, 6, 12, 7, 9, 0, 2, 13, 0, 3, 5, 14, 8, 0, 0, 1, 1, 0, 1, 1, 0, 1, 1, 1, 0, 1, 1, 1, 0]
Fitness: 1226.394486 	[7, 2, 0, 13, 14, 11, 8, 15, 1, 9, 5, 0, 12, 6, 0, 10, 3, 4, 0, 0, 1, 1, 1, 1, 1, 1, 1, 0, 1, 1, 1, 0, 0, 0]
Fitness: 1166.262693 	[1, 3, 14, 0, 2, 8, 9, 12, 0, 7, 5, 4, 10, 0, 6, 11, 13, 15, 0, 1, 0, 1, 1, 1, 1, 1, 0, 1, 0, 1, 0, 1, 1, 0]
Fitness: 1252.101056 	[12, 15, 3, 13, 6, 0, 2, 0, 8, 1, 5, 4, 0, 7, 9, 11, 10, 14, 0, 1, 0, 1, 0, 1, 1, 1, 0, 1, 1, 1, 0, 1, 1, 0]
Fitness: 1225.680842 	[8, 2, 9, 7, 3, 10, 0, 1, 6, 4, 11, 0, 12, 14, 5, 15, 0, 13, 0, 1, 1, 0, 0, 1, 1, 1, 1, 1, 0, 1, 1, 1, 0, 0]
Fitness: 1337.326123 	[6, 15, 2, 12, 0, 7, 8, 5, 13, 14, 10, 0, 4, 0, 11, 3, 1, 9, 0, 1, 1, 0, 1, 0, 1, 0, 1, 1, 1, 0, 1, 1, 1, 0]
Fitness: 1142.548377 	[6, 0, 14, 2, 11, 0, 1, 8, 9, 12, 7, 5, 10, 0, 4, 3, 13, 15, 0, 1, 0, 1, 1, 1, 1, 0, 1, 1, 1, 0, 0, 1, 1, 0]
Fitness: 1260.267658 	[9, 10, 1, 11, 0, 4, 6, 12, 7, 0, 2, 13, 0, 3, 5, 15, 14, 8, 0, 0, 1, 1, 0, 1, 1, 1, 1, 1, 1, 0, 1, 1, 0, 0]
Fitness: 1323.721421 	[9, 15, 7, 4, 1, 0, 8, 13, 11, 2, 0, 6, 0, 3, 5, 14, 12, 10, 0, 1, 1, 1, 1, 0, 1, 1, 0, 0, 1, 1, 1, 0, 1, 0]
Fitness: 1133.652504 	[14, 6, 0, 4, 9, 5, 0, 1, 13, 12, 0, 2, 3, 7, 8, 10, 11, 15, 0, 1, 1, 0, 1, 1, 0, 0, 1, 1, 1, 1, 1, 0, 1, 0]
Fitness: 1100.105668 	[1, 3, 0, 13, 2, 7, 8, 9, 10, 15, 0, 11, 4, 0, 6, 5, 12, 14, 0, 1, 0, 1, 1, 0, 1, 1, 0, 1, 1, 1, 0, 1, 1, 0]
Fitness: 1135.060809 	[13, 15, 0, 1, 8, 9, 12, 7, 5, 4, 10, 0, 2, 3, 11, 0, 14, 6, 0, 0, 1, 0, 0, 1, 1, 1, 1, 1, 1, 0, 1, 1, 1, 0]
Fitness: 1119.493792 	[11, 6, 12, 0, 1, 8, 2, 9, 7, 3, 10, 0, 4, 0, 15, 13, 5, 14, 0, 1, 1, 1, 0, 1, 1, 1, 0, 1, 0, 1, 1, 1, 0, 0]
Fitness: 1319.016794 	[4, 3, 12, 11, 0, 13, 14, 10, 0, 15, 1, 9, 6, 2, 0, 7, 8, 5, 0, 1, 1, 0, 1, 0, 1, 0, 1, 1, 1, 1, 1, 1, 0, 0]
Fitness: 1226.593989 	[5, 14, 1, 7, 10, 15, 9, 8, 0, 12, 13, 0, 2, 3, 0, 6, 4, 11, 0, 1, 1, 0, 0, 1, 1, 1, 1, 1, 0, 0, 1, 1, 1, 0]
Fitness: 1192.044710 	[9, 7, 3, 10, 0, 6, 12, 0, 4, 1, 8, 2, 0, 11, 15, 13, 5, 14, 0, 0, 1, 1, 1, 1, 1, 1, 1, 0, 0, 1, 0, 1, 1, 0]
Fitness: 1116.461381 	[2, 0, 7, 4, 10, 11, 0, 9, 14, 1, 0, 5, 12, 15, 3, 13, 6, 8, 0, 1, 0, 0, 1, 1, 1, 1, 0, 1, 1, 1, 0, 1, 1, 0]
Fitness: 1319.016794 	[4, 0, 3, 12, 11, 0, 10, 15, 1, 9, 6, 2, 0, 13, 7, 5, 14, 8, 0, 1, 1, 0, 1, 1, 1, 0, 1, 0, 0, 1, 1, 1, 1, 0]
Fitness: 1330.445406 	[12, 4, 0, 1, 3, 14, 0, 6, 5, 0, 13, 2, 7, 8, 9, 10, 11, 15, 0, 1, 1, 1, 1, 1, 1, 0, 0, 1, 1, 0, 0, 1, 1, 0]
Fitness: 1319.016794 	[4, 3, 12, 11, 0, 13, 14, 10, 0, 15, 1, 9, 6, 2, 0, 7, 8, 5, 0, 1, 1, 0, 0, 1, 1, 0, 1, 1, 0, 1, 1, 1, 1, 0]
Fitness: 1337.326123 	[11, 15, 2, 12, 0, 4, 0, 1, 13, 5, 14, 3, 0, 6, 7, 8, 9, 10, 0, 1, 1, 0, 1, 1, 1, 0, 1, 1, 0, 1, 1, 0, 1, 0]
Fitness: 1180.276330 	[5, 1, 13, 8, 0, 14, 7, 6, 15, 0, 4, 0, 2, 3, 12, 11, 9, 10, 0, 0, 1, 1, 1, 1, 1, 1, 1, 0, 1, 1, 0, 1, 0, 0]
Fitness: 1288.043803 	[12, 13, 6, 4, 11, 0, 8, 2, 9, 0, 7, 3, 10, 0, 15, 1, 5, 14, 0, 0, 1, 1, 1, 1, 1, 1, 1, 0, 0, 1, 0, 1, 1, 0]
Fitness: 1294.274475 	[4, 0, 12, 9, 0, 13, 10, 1, 11, 3, 5, 15, 14, 8, 0, 7, 6, 2, 0, 0, 1, 1, 1, 0, 1, 1, 0, 1, 1, 0, 1, 1, 1, 0]
Fitness: 1182.223680 	[1, 5, 12, 0, 7, 10, 4, 0, 13, 14, 6, 9, 11, 3, 8, 15, 0, 2, 0, 0, 1, 0, 1, 0, 1, 1, 1, 0, 1, 1, 1, 1, 1, 0]
Fitness: 1182.223680 	[13, 14, 6, 9, 11, 3, 8, 15, 0, 7, 10, 4, 0, 2, 0, 1, 5, 12, 0, 0, 1, 0, 1, 0, 1, 1, 1, 0, 1, 1, 1, 1, 1, 0]
Fitness: 1184.012293 	[15, 10, 4, 0, 14, 11, 13, 3, 1, 9, 0, 12, 0, 6, 8, 5, 2, 7, 0, 1, 0, 1, 0, 1, 0, 1, 1, 1, 1, 0, 1, 1, 1, 0]
Fitness: 1123.135451 	[11, 0, 1, 3, 14, 0, 4, 0, 6, 10, 15, 8, 7, 12, 5, 13, 2, 9, 0, 1, 0, 1, 1, 1, 1, 0, 0, 0, 1, 1, 1, 1, 1, 0]
Fitness: 1159.609268 	[10, 4, 0, 6, 15, 8, 5, 2, 7, 0, 14, 11, 13, 3, 1, 9, 0, 12, 0, 1, 0, 1, 0, 1, 0, 1, 1, 1, 1, 1, 1, 0, 1, 0]
Fitness: 1252.101056 	[2, 0, 12, 15, 3, 13, 6, 0, 8, 1, 5, 4, 0, 7, 9, 11, 10, 14, 0, 1, 0, 1, 0, 1, 1, 1, 0, 1, 1, 1, 0, 1, 1, 0]
Fitness: 1265.860227 	[6, 13, 0, 10, 4, 0, 14, 9, 3, 2, 11, 12, 15, 0, 1, 7, 5, 8, 0, 0, 1, 0, 1, 1, 0, 1, 1, 1, 0, 1, 1, 1, 1, 0]
Fitness: 1135.060809 	[1, 8, 9, 12, 7, 5, 4, 10, 0, 13, 15, 0, 14, 2, 3, 11, 0, 6, 0, 0, 1, 0, 1, 1, 1, 0, 1, 1, 1, 0, 1, 1, 1, 0]
Fitness: 1226.593989 	[5, 14, 1, 7, 0, 10, 15, 9, 8, 0, 6, 4, 11, 0, 13, 2, 12, 3, 0, 1, 1, 0, 0, 1, 1, 1, 1, 1, 0, 1, 0, 1, 1, 0]
Fitness: 1136.086449 	[9, 15, 7, 4, 1, 0, 8, 13, 3, 11, 2, 0, 14, 12, 10, 0, 5, 6, 0, 1, 0, 1, 1, 0, 1, 0, 1, 1, 1, 1, 1, 0, 1, 0]
Fitness: 1226.593989 	[6, 4, 11, 0, 13, 0, 2, 3, 12, 0, 5, 14, 1, 7, 10, 15, 9, 8, 0, 1, 1, 0, 0, 1, 1, 1, 1, 1, 0, 1, 0, 1, 1, 0]
Fitness: 1198.735323 	[3, 10, 4, 0, 13, 14, 11, 8, 15, 1, 9, 5, 0, 7, 2, 12, 0, 6, 0, 0, 1, 1, 1, 0, 1, 1, 1, 0, 1, 1, 1, 0, 1, 0]
Fitness: 1142.548377 	[6, 0, 1, 8, 9, 12, 7, 5, 4, 10, 0, 14, 2, 11, 0, 3, 13, 15, 0, 0, 1, 1, 1, 1, 1, 0, 1, 0, 1, 0, 1, 1, 1, 0]
Fitness: 1319.016794 	[4, 0, 7, 8, 5, 13, 14, 10, 0, 15, 1, 9, 6, 2, 0, 3, 12, 11, 0, 1, 1, 0, 1, 0, 1, 0, 1, 1, 0, 1, 1, 1, 1, 0]
Fitness: 1184.012293 	[15, 10, 4, 0, 12, 0, 6, 8, 5, 2, 7, 0, 14, 11, 13, 3, 1, 9, 0, 1, 0, 1, 0, 1, 0, 1, 1, 1, 1, 0, 1, 1, 1, 0]
Fitness: 1265.860227 	[14, 9, 3, 2, 11, 12, 15, 0, 6, 13, 0, 4, 0, 10, 1, 7, 5, 8, 0, 0, 1, 0, 1, 1, 1, 0, 1, 1, 0, 1, 1, 1, 1, 0]
Fitness: 1135.060809 	[13, 0, 6, 0, 1, 8, 9, 12, 7, 5, 4, 10, 0, 15, 14, 2, 3, 11, 0, 0, 1, 0, 1, 1, 1, 0, 1, 0, 1, 1, 1, 1, 1, 0]
Fitness: 1226.593989 	[5, 14, 1, 7, 10, 15, 9, 8, 0, 6, 4, 11, 0, 2, 3, 12, 0, 13, 0, 0, 1, 0, 1, 1, 1, 1, 1, 1, 0, 1, 0, 1, 1, 0]
Fitness: 1136.086449 	[9, 15, 7, 4, 1, 0, 14, 12, 10, 0, 5, 6, 0, 8, 13, 3, 11, 2, 0, 1, 0, 1, 1, 0, 1, 0, 1, 1, 1, 1, 1, 0, 1, 0]
Fitness: 1255.719980 	[15, 12, 0, 6, 4, 11, 0, 13, 5, 14, 0, 1, 8, 2, 9, 7, 3, 10, 0, 1, 0, 0, 1, 1, 1, 1, 0, 1, 0, 1, 1, 1, 1, 0]
Fitness: 1226.593989 	[2, 3, 12, 0, 5, 14, 1, 7, 0, 10, 15, 9, 8, 0, 13, 6, 4, 11, 0, 0, 1, 0, 1, 1, 1, 1, 1, 1, 0, 1, 1, 0, 1, 0]
Fitness: 1260.426687 	[13, 2, 7, 8, 9, 11, 15, 0, 1, 3, 14, 0, 10, 4, 0, 6, 5, 12, 0, 1, 0, 1, 1, 0, 1, 0, 0, 1, 1, 1, 1, 1, 1, 0]
Fitness: 1158.622404 	[15, 1, 8, 13, 9, 7, 3, 4, 0, 11, 6, 2, 12, 0, 5, 0, 10, 14, 0, 1, 0, 1, 1, 0, 1, 1, 1, 0, 1, 0, 1, 1, 1, 0]
Fitness: 1138.947256 	[7, 5, 9, 2, 14, 8, 11, 0, 4, 0, 12, 1, 6, 0, 15, 10, 13, 3, 0, 1, 1, 0, 0, 0, 1, 1, 1, 0, 1, 1, 1, 1, 1, 0]
Fitness: 1255.719980 	[1, 8, 2, 9, 7, 3, 10, 0, 15, 13, 5, 14, 0, 6, 4, 11, 0, 12, 0, 1, 1, 0, 0, 1, 1, 1, 0, 1, 0, 1, 1, 1, 1, 0]
Fitness: 1247.169469 	[14, 6, 9, 11, 3, 8, 15, 0, 5, 7, 12, 0, 1, 4, 10, 0, 13, 2, 0, 0, 1, 0, 1, 1, 1, 1, 1, 0, 1, 1, 1, 0, 1, 0]
Fitness: 1192.044710 	[15, 13, 5, 0, 6, 12, 0, 14, 11, 0, 4, 1, 8, 2, 9, 7, 3, 10, 0, 0, 1, 1, 0, 1, 1, 1, 1, 1, 0, 1, 0, 1, 1, 0]
Fitness: 1099.630841 	[14, 4, 9, 5, 2, 0, 1, 13, 12, 0, 6, 0, 3, 7, 8, 10, 11, 15, 0, 0, 1, 0, 1, 0, 1, 1, 1, 1, 1, 1, 1, 0, 1, 0]
Fitness: 1130.188514 	[12, 0, 13, 0, 5, 14, 1, 7, 10, 15, 9, 8, 0, 6, 4, 11, 2, 3, 0, 1, 1, 0, 0, 1, 1, 1, 0, 1, 0, 1, 1, 1, 1, 0]
Fitness: 1255.719980 	[12, 3, 7, 0, 13, 14, 2, 8, 15, 1, 9, 5, 0, 6, 4, 11, 0, 10, 0, 1, 1, 0, 0, 1, 1, 1, 0, 1, 0, 1, 1, 1, 1, 0]
Fitness: 1181.363424 	[4, 15, 9, 0, 2, 8, 3, 5, 11, 6, 0, 12, 10, 7, 14, 1, 0, 13, 0, 1, 0, 1, 0, 1, 1, 0, 1, 1, 0, 1, 1, 1, 1, 0]
Fitness: 1104.289284 	[3, 12, 11, 9, 10, 0, 14, 7, 6, 2, 15, 0, 4, 0, 5, 1, 13, 8, 0, 0, 1, 1, 1, 0, 1, 0, 1, 1, 1, 1, 1, 1, 0, 0]
Fitness: 1319.016794 	[7, 8, 5, 0, 13, 14, 10, 0, 15, 1, 9, 6, 2, 0, 4, 3, 12, 11, 0, 1, 1, 0, 0, 1, 1, 0, 1, 1, 0, 1, 1, 1, 1, 0]
Fitness: 1319.016794 	[3, 12, 11, 0, 15, 1, 9, 6, 2, 0, 7, 8, 5, 13, 14, 10, 0, 4, 0, 1, 1, 0, 1, 0, 1, 0, 1, 1, 0, 1, 1, 1, 1, 0]
Fitness: 1226.394486 	[6, 0, 13, 14, 11, 8, 15, 1, 9, 5, 0, 7, 2, 12, 0, 3, 10, 4, 0, 0, 1, 1, 1, 0, 1, 1, 1, 0, 1, 1, 1, 0, 1, 0]
Fitness: 1135.060809 	[1, 8, 9, 12, 0, 7, 5, 4, 10, 0, 14, 2, 3, 11, 0, 6, 13, 15, 0, 0, 0, 0, 1, 1, 1, 0, 1, 1, 1, 1, 1, 1, 1, 0]
Fitness: 1175.326414 	[12, 5, 15, 0, 8, 2, 9, 7, 3, 10, 0, 6, 4, 11, 0, 14, 13, 1, 0, 0, 1, 0, 0, 1, 1, 1, 1, 1, 1, 1, 0, 1, 1, 0]
Fitness: 1337.326123 	[7, 8, 5, 13, 14, 10, 0, 15, 2, 12, 0, 4, 0, 6, 11, 3, 1, 9, 0, 1, 1, 0, 1, 0, 1, 0, 1, 1, 1, 1, 1, 0, 1, 0]
Fitness: 1181.363424 	[2, 8, 3, 5, 11, 6, 0, 4, 15, 9, 0, 13, 0, 12, 10, 7, 14, 1, 0, 1, 0, 1, 0, 1, 1, 0, 1, 1, 0, 1, 1, 1, 1, 0]
Fitness: 1194.854325 	[6, 2, 12, 0, 15, 7, 14, 0, 13, 10, 4, 3, 0, 11, 9, 1, 5, 8, 0, 1, 0, 1, 0, 1, 1, 1, 1, 0, 1, 1, 1, 0, 1, 0]
Fitness: 1138.947256 	[15, 7, 5, 9, 2, 14, 8, 11, 0, 10, 13, 3, 0, 1, 6, 12, 0, 4, 0, 1, 1, 0, 0, 1, 1, 1, 0, 0, 1, 1, 1, 1, 1, 0]
Fitness: 1226.593989 	[5, 14, 1, 7, 10, 15, 9, 8, 0, 13, 0, 6, 4, 11, 0, 2, 3, 12, 0, 1, 1, 0, 0, 1, 1, 1, 1, 1, 0, 1, 0, 1, 1, 0]
Fitness: 1116.461381 	[12, 15, 3, 13, 6, 8, 0, 5, 9, 14, 1, 0, 7, 4, 10, 11, 0, 2, 0, 1, 0, 1, 0, 0, 1, 1, 1, 1, 1, 1, 0, 1, 1, 0]
Fitness: 1166.557601 	[4, 13, 7, 5, 15, 0, 8, 10, 3, 9, 11, 0, 14, 1, 0, 6, 2, 12, 0, 1, 0, 1, 0, 1, 0, 1, 1, 1, 1, 1, 1, 0, 1, 0]
Fitness: 1158.622404 	[11, 10, 0, 6, 2, 12, 0, 9, 5, 15, 3, 8, 1, 0, 14, 4, 13, 7, 0, 1, 0, 1, 1, 0, 1, 1, 1, 0, 1, 1, 1, 0, 1, 0]
Fitness: 1231.121808 	[12, 0, 6, 8, 5, 2, 0, 7, 15, 10, 4, 0, 14, 11, 13, 3, 1, 9, 0, 1, 0, 1, 0, 1, 0, 1, 1, 1, 1, 1, 0, 1, 1, 0]
Fitness: 1158.622404 	[11, 10, 0, 9, 5, 15, 3, 8, 1, 0, 6, 2, 12, 0, 14, 4, 13, 7, 0, 1, 0, 1, 1, 0, 1, 1, 1, 0, 1, 1, 1, 0, 1, 0]
Fitness: 1198.735323 	[3, 10, 4, 0, 13, 14, 11, 8, 15, 1, 9, 5, 0, 7, 2, 12, 0, 6, 0, 0, 1, 1, 1, 0, 1, 1, 1, 0, 1, 1, 1, 0, 1, 0]
Fitness: 1260.267658 	[3, 5, 15, 14, 8, 0, 4, 6, 12, 7, 0, 2, 13, 0, 9, 10, 1, 11, 0, 0, 1, 1, 0, 1, 1, 1, 1, 1, 1, 0, 1, 1, 0, 0]
Fitness: 1135.060809 	[11, 2, 3, 14, 0, 6, 0, 1, 8, 9, 12, 7, 5, 4, 10, 0, 13, 15, 0, 0, 1, 0, 1, 1, 1, 0, 1, 1, 1, 0, 1, 1, 1, 0]
Time: 0.42235