Fitness: 1377.538070 	[1, 12, 4, 0, 15, 7, 8, 5, 6, 9, 10, 0, 14, 2, 3, 11, 0, 13, 0, 1, 1, 0, 1, 1, 1, 0, 1, 0, 1, 0, 1, 1, 1, 0]
Fitness: 1377.538070 	[1, 12, 4, 0, 15, 7, 8, 5, 6, 9, 10, 0, 14, 2, 3, 11, 0, 13, 0, 1, 1, 0, 1, 1, 1, 0, 1, 0, 1, 0, 1, 1, 1, 0]
Fitness: 1358.306500 	[13, 6, 4, 11, 0, 12, 0, 8, 2, 9, 7, 3, 10, 0, 15, 1, 5, 14, 0, 0, 1, 1, 1, 0, 1, 1, 1, 1, 0, 1, 0, 1, 1, 0]
Fitness: 1337.326123 	[15, 2, 12, 0, 7, 8, 5, 13, 14, 10, 0, 4, 0, 6, 11, 3, 1, 9, 0, 1, 1, 0, 1, 0, 1, 0, 1, 1, 1, 1, 1, 0, 1, 0]
Fitness: 1337.326123 	[15, 2, 12, 0, 7, 8, 5, 13, 14, 10, 0, 4, 0, 6, 11, 3, 1, 9, 0, 1, 1, 0, 1, 0, 1, 0, 1, 1, 1, 1, 1, 0, 1, 0]
Fitness: 1337.326123 	[15, 2, 12, 0, 7, 8, 5, 13, 14, 10, 0, 4, 0, 6, 11, 3, 1, 9, 0, 1, 1, 0, 1, 0, 1, 0, 1, 1, 1, 1, 1, 0, 1, 0]
Fitness: 1337.326123 	[7, 8, 5, 13, 14, 10, 0, 15, 2, 12, 0, 4, 0, 6, 11, 3, 1, 9, 0, 1, 1, 0, 1, 0, 1, 0, 1, 1, 1, 1, 1, 0, 1, 0]
Fitness: 1330.445406 	[4, 0, 1, 3, 14, 0, 6, 5, 12, 0, 13, 2, 7, 8, 9, 10, 11, 15, 0, 1, 0, 1, 1, 1, 1, 0, 0, 1, 1, 1, 0, 1, 1, 0]
Fitness: 1330.445406 	[4, 0, 1, 3, 14, 0, 6, 5, 12, 0, 13, 2, 7, 8, 9, 10, 11, 15, 0, 1, 0, 1, 1, 1, 1, 0, 0, 1, 1, 1, 0, 1, 1, 0]
Fitness: 1323.721421 	[9, 15, 7, 4, 1, 0, 8, 13, 3, 11, 2, 0, 6, 0, 5, 14, 12, 10, 0, 1, 0, 1, 1, 0, 1, 1, 0, 1, 1, 1, 1, 0, 1, 0]
Fitness: 1319.016794 	[3, 12, 11, 0, 7, 8, 5, 13, 14, 10, 0, 15, 1, 9, 6, 2, 0, 4, 0, 1, 1, 0, 1, 0, 1, 0, 1, 1, 0, 1, 1, 1, 1, 0]
Fitness: 1319.016794 	[3, 12, 11, 0, 7, 8, 5, 13, 14, 10, 0, 15, 1, 9, 6, 2, 0, 4, 0, 1, 1, 0, 1, 0, 1, 0, 1, 1, 0, 1, 1, 1, 1, 0]
Fitness: 1319.016794 	[3, 12, 11, 0, 7, 8, 5, 13, 14, 10, 0, 15, 1, 9, 6, 2, 0, 4, 0, 1, 1, 0, 1, 0, 1, 0, 1, 1, 0, 1, 1, 1, 1, 0]
Fitness: 1319.016794 	[3, 12, 11, 0, 7, 8, 5, 13, 14, 10, 0, 15, 1, 9, 6, 2, 0, 4, 0, 1, 1, 0, 1, 0, 1, 0, 1, 1, 0, 1, 1, 1, 1, 0]
Fitness: 1319.016794 	[3, 12, 11, 0, 7, 8, 5, 13, 14, 10, 0, 15, 1, 9, 6, 2, 0, 4, 0, 1, 1, 0, 1, 0, 1, 0, 1, 1, 0, 1, 1, 1, 1, 0]
Fitness: 1300.684053 	[3, 12, 11, 0, 15, 1, 9, 6, 2, 0, 7, 8, 5, 13, 14, 10, 0, 4, 0, 1, 1, 0, 1, 0, 1, 0, 1, 1, 0, 1, 1, 1, 1, 0]
Fitness: 1294.274475 	[4, 0, 12, 7, 9, 0, 13, 10, 1, 11, 3, 5, 15, 14, 8, 0, 6, 2, 0, 0, 1, 1, 1, 1, 0, 1, 0, 1, 1, 0, 1, 1, 1, 0]
Fitness: 1293.401346 	[1, 8, 2, 9, 7, 3, 10, 0, 6, 12, 0, 4, 11, 0, 15, 13, 5, 14, 0, 1, 1, 0, 1, 0, 1, 1, 1, 1, 0, 1, 0, 1, 1, 0]
Fitness: 1288.440305 	[14, 6, 9, 11, 3, 8, 15, 0, 13, 2, 0, 1, 4, 10, 0, 5, 7, 12, 0, 0, 1, 0, 1, 1, 1, 1, 1, 0, 1, 1, 1, 0, 1, 0]
Fitness: 1288.043803 	[13, 6, 4, 11, 0, 12, 0, 8, 2, 9, 7, 3, 10, 0, 15, 1, 5, 14, 0, 0, 1, 1, 0, 1, 1, 1, 1, 1, 0, 1, 0, 1, 1, 0]
Fitness: 1283.093377 	[5, 14, 1, 7, 10, 15, 9, 8, 0, 13, 0, 2, 3, 12, 0, 6, 4, 11, 0, 0, 1, 0, 1, 1, 1, 1, 1, 1, 0, 1, 0, 1, 1, 0]
Fitness: 1278.275440 	[6, 0, 14, 2, 11, 0, 1, 8, 9, 12, 7, 5, 10, 0, 4, 3, 13, 15, 0, 1, 0, 1, 1, 1, 1, 0, 1, 1, 1, 0, 0, 1, 1, 0]
Fitness: 1276.812042 	[1, 0, 14, 2, 3, 11, 0, 15, 7, 8, 5, 6, 9, 10, 0, 12, 13, 4, 0, 1, 1, 0, 1, 1, 1, 0, 1, 0, 1, 0, 1, 1, 1, 0]
Fitness: 1272.100826 	[7, 8, 5, 13, 10, 0, 4, 0, 6, 1, 0, 14, 9, 3, 2, 11, 12, 15, 0, 0, 1, 0, 1, 1, 1, 0, 1, 1, 0, 1, 1, 1, 1, 0]
Fitness: 1268.331427 	[6, 12, 7, 9, 0, 4, 0, 2, 13, 0, 10, 1, 11, 3, 5, 15, 14, 8, 0, 0, 1, 1, 0, 1, 1, 1, 1, 0, 1, 0, 1, 1, 1, 0]
Fitness: 1265.860227 	[14, 9, 3, 2, 11, 12, 15, 0, 4, 0, 6, 13, 0, 10, 1, 7, 5, 8, 0, 0, 1, 0, 1, 1, 1, 0, 1, 1, 0, 1, 1, 1, 1, 0]
Fitness: 1264.554535 	[5, 14, 1, 7, 10, 15, 9, 8, 0, 6, 4, 11, 0, 2, 3, 12, 0, 13, 0, 0, 1, 0, 1, 1, 1, 1, 1, 1, 0, 1, 0, 1, 1, 0]
Fitness: 1264.436136 	[15, 1, 8, 2, 9, 7, 3, 10, 0, 12, 0, 6, 4, 11, 0, 13, 5, 14, 0, 1, 1, 0, 0, 1, 1, 1, 0, 1, 1, 1, 1, 0, 1, 0]
Fitness: 1264.436136 	[15, 1, 8, 2, 9, 7, 3, 10, 0, 12, 0, 6, 4, 11, 0, 13, 5, 14, 0, 1, 1, 0, 0, 1, 1, 1, 0, 1, 1, 1, 1, 0, 1, 0]
Fitness: 1262.935125 	[6, 2, 0, 12, 7, 9, 0, 13, 10, 1, 11, 3, 5, 15, 14, 8, 0, 4, 0, 0, 1, 1, 1, 1, 0, 1, 0, 1, 1, 0, 1, 1, 1, 0]
Fitness: 1262.192867 	[1, 8, 2, 9, 7, 3, 10, 0, 12, 0, 15, 13, 5, 14, 0, 6, 4, 11, 0, 1, 1, 0, 0, 1, 1, 1, 0, 1, 0, 1, 1, 1, 1, 0]
Fitness: 1261.081839 	[14, 4, 13, 7, 0, 6, 2, 12, 0, 11, 10, 0, 9, 5, 15, 3, 8, 1, 0, 1, 0, 1, 1, 0, 1, 1, 1, 0, 1, 1, 1, 0, 1, 0]
Fitness: 1260.426687 	[4, 0, 1, 3, 14, 0, 13, 2, 7, 8, 9, 10, 11, 15, 0, 6, 5, 12, 0, 1, 0, 1, 1, 1, 1, 0, 0, 1, 1, 1, 0, 1, 1, 0]
Fitness: 1260.267658 	[4, 0, 6, 12, 7, 0, 2, 13, 0, 9, 10, 1, 11, 3, 5, 15, 14, 8, 0, 0, 1, 1, 0, 1, 1, 1, 1, 0, 1, 1, 1, 1, 0, 0]
Fitness: 1260.267658 	[4, 0, 6, 12, 7, 0, 2, 13, 0, 9, 10, 1, 11, 3, 5, 15, 14, 8, 0, 0, 1, 1, 0, 1, 1, 1, 1, 0, 1, 1, 1, 1, 0, 0]
Fitness: 1260.267658 	[4, 0, 6, 12, 7, 0, 2, 13, 0, 9, 10, 1, 11, 3, 5, 15, 14, 8, 0, 0, 1, 1, 0, 1, 1, 1, 1, 0, 1, 1, 1, 1, 0, 0]
Fitness: 1260.267658 	[4, 0, 6, 12, 7, 0, 2, 13, 0, 9, 10, 1, 11, 3, 5, 15, 14, 8, 0, 0, 1, 1, 0, 1, 1, 1, 1, 0, 1, 1, 1, 1, 0, 0]
Fitness: 1260.039275 	[1, 3, 0, 13, 2, 7, 8, 9, 10, 15, 0, 11, 4, 0, 6, 5, 12, 14, 0, 1, 0, 1, 1, 0, 1, 1, 0, 1, 1, 1, 0, 1, 1, 0]
Fitness: 1257.185090 	[12, 0, 4, 11, 0, 1, 8, 2, 9, 7, 3, 10, 0, 13, 6, 15, 5, 14, 0, 1, 1, 0, 1, 0, 1, 1, 1, 1, 0, 1, 0, 1, 1, 0]
Fitness: 1255.719980 	[1, 8, 2, 9, 7, 3, 10, 0, 6, 4, 11, 0, 15, 13, 5, 14, 0, 12, 0, 1, 1, 0, 0, 1, 1, 1, 0, 1, 0, 1, 1, 1, 1, 0]
Fitness: 1255.719980 	[1, 8, 2, 9, 7, 3, 10, 0, 6, 4, 11, 0, 15, 13, 5, 14, 0, 12, 0, 1, 1, 0, 0, 1, 1, 1, 0, 1, 0, 1, 1, 1, 1, 0]
Fitness: 1252.101056 	[12, 15, 3, 13, 6, 8, 0, 2, 0, 1, 5, 4, 0, 7, 9, 11, 10, 14, 0, 1, 0, 1, 1, 0, 1, 1, 0, 1, 1, 1, 0, 1, 1, 0]
Fitness: 1247.477376 	[4, 0, 6, 12, 7, 9, 0, 10, 1, 11, 3, 5, 15, 14, 8, 0, 2, 13, 0, 0, 1, 1, 0, 1, 1, 1, 1, 0, 1, 0, 1, 1, 1, 0]
Fitness: 1247.169469 	[14, 6, 9, 11, 3, 8, 15, 0, 13, 2, 0, 7, 10, 4, 0, 1, 5, 12, 0, 0, 1, 0, 1, 1, 1, 1, 1, 0, 1, 1, 1, 0, 1, 0]
Fitness: 1244.201875 	[4, 1, 8, 2, 9, 7, 3, 10, 0, 6, 12, 0, 14, 11, 0, 15, 13, 5, 0, 0, 1, 1, 0, 1, 1, 1, 1, 1, 0, 1, 0, 1, 1, 0]
Fitness: 1244.201875 	[15, 13, 5, 0, 6, 12, 0, 14, 11, 0, 4, 1, 8, 2, 9, 7, 3, 10, 0, 0, 1, 1, 0, 1, 1, 1, 1, 1, 0, 1, 0, 1, 1, 0]
Fitness: 1241.904499 	[14, 9, 3, 2, 11, 12, 15, 0, 6, 13, 0, 4, 0, 10, 1, 7, 5, 8, 0, 0, 1, 0, 1, 1, 1, 0, 1, 1, 0, 1, 1, 1, 1, 0]
Fitness: 1231.121808 	[7, 15, 10, 4, 0, 6, 8, 5, 2, 0, 12, 0, 14, 11, 13, 3, 1, 9, 0, 1, 0, 1, 0, 1, 0, 1, 1, 1, 1, 1, 0, 1, 1, 0]
Fitness: 1231.121808 	[7, 15, 10, 4, 0, 6, 8, 5, 2, 0, 12, 0, 14, 11, 13, 3, 1, 9, 0, 1, 0, 1, 0, 1, 0, 1, 1, 1, 1, 1, 0, 1, 1, 0]
Fitness: 1227.755849 	[1, 12, 4, 0, 7, 8, 5, 6, 9, 10, 0, 14, 2, 3, 11, 0, 13, 15, 0, 0, 1, 1, 1, 0, 1, 0, 1, 1, 1, 0, 1, 1, 1, 0]
Fitness: 1227.755849 	[14, 2, 3, 11, 0, 7, 8, 5, 6, 9, 10, 0, 1, 12, 4, 0, 13, 15, 0, 0, 1, 1, 1, 0, 1, 0, 1, 1, 1, 0, 1, 1, 1, 0]
Fitness: 1227.755849 	[14, 2, 3, 11, 0, 7, 8, 5, 6, 9, 10, 0, 1, 12, 4, 0, 13, 15, 0, 0, 1, 1, 1, 0, 1, 0, 1, 1, 1, 0, 1, 1, 1, 0]
Fitness: 1226.593989 	[5, 14, 1, 7, 10, 15, 9, 8, 0, 13, 0, 2, 3, 12, 0, 6, 4, 11, 0, 1, 1, 0, 0, 1, 1, 1, 1, 1, 0, 1, 0, 1, 1, 0]
Fitness: 1226.593989 	[5, 14, 1, 7, 10, 15, 9, 8, 0, 13, 0, 2, 3, 12, 0, 6, 4, 11, 0, 1, 1, 0, 0, 1, 1, 1, 1, 1, 0, 1, 0, 1, 1, 0]
Fitness: 1226.394486 	[6, 0, 3, 10, 4, 0, 7, 2, 12, 0, 13, 14, 11, 8, 15, 1, 9, 5, 0, 0, 1, 1, 1, 0, 1, 1, 1, 0, 1, 1, 1, 0, 1, 0]
Fitness: 1226.394486 	[6, 0, 3, 10, 4, 0, 7, 2, 12, 0, 13, 14, 11, 8, 15, 1, 9, 5, 0, 0, 1, 1, 1, 0, 1, 1, 1, 0, 1, 1, 1, 0, 1, 0]
Fitness: 1225.680842 	[8, 2, 9, 7, 3, 10, 0, 6, 4, 11, 0, 12, 14, 5, 15, 0, 13, 1, 0, 1, 1, 0, 0, 1, 1, 1, 1, 1, 0, 1, 0, 1, 1, 0]
Fitness: 1225.680842 	[8, 2, 9, 7, 3, 10, 0, 6, 4, 11, 0, 12, 14, 5, 15, 0, 13, 1, 0, 1, 1, 0, 0, 1, 1, 1, 1, 1, 0, 1, 0, 1, 1, 0]
Fitness: 1225.241677 	[4, 0, 12, 7, 9, 0, 13, 10, 1, 11, 3, 5, 15, 14, 8, 0, 6, 2, 0, 0, 1, 1, 1, 0, 1, 0, 1, 1, 1, 0, 1, 1, 1, 0]
Fitness: 1218.890370 	[3, 12, 11, 0, 7, 8, 5, 13, 14, 10, 0, 9, 2, 1, 4, 15, 0, 6, 0, 1, 1, 0, 1, 0, 1, 0, 1, 1, 0, 1, 1, 1, 1, 0]
Fitness: 1216.224831 	[11, 15, 2, 12, 0, 4, 0, 1, 13, 5, 14, 3, 0, 6, 7, 8, 9, 10, 0, 1, 1, 0, 1, 1, 1, 0, 1, 1, 0, 1, 1, 0, 1, 0]
Fitness: 1211.695835 	[15, 10, 4, 0, 14, 11, 13, 3, 1, 9, 0, 12, 0, 6, 8, 5, 2, 7, 0, 1, 0, 1, 0, 1, 0, 1, 1, 1, 1, 0, 1, 1, 1, 0]
Fitness: 1210.072058 	[4, 15, 9, 0, 2, 8, 3, 5, 11, 6, 0, 12, 10, 7, 14, 1, 0, 13, 0, 1, 0, 1, 0, 1, 1, 0, 1, 1, 0, 1, 1, 1, 1, 0]
Fitness: 1204.989569 	[6, 0, 14, 2, 11, 0, 1, 8, 9, 12, 7, 5, 4, 10, 0, 3, 13, 15, 0, 1, 0, 1, 1, 1, 1, 0, 1, 0, 1, 0, 1, 1, 1, 0]
Fitness: 1198.735323 	[6, 0, 13, 14, 11, 8, 15, 1, 9, 5, 0, 7, 2, 12, 0, 3, 10, 4, 0, 0, 1, 1, 1, 0, 1, 1, 1, 0, 1, 1, 1, 0, 1, 0]
Fitness: 1198.735323 	[6, 0, 13, 14, 11, 8, 15, 1, 9, 5, 0, 7, 2, 12, 0, 3, 10, 4, 0, 0, 1, 1, 1, 0, 1, 1, 1, 0, 1, 1, 1, 0, 1, 0]
Fitness: 1198.735323 	[6, 0, 13, 14, 11, 8, 15, 1, 9, 5, 0, 7, 2, 12, 0, 3, 10, 4, 0, 0, 1, 1, 1, 0, 1, 1, 1, 0, 1, 1, 1, 0, 1, 0]
Fitness: 1198.735323 	[6, 0, 13, 14, 11, 8, 15, 1, 9, 5, 0, 7, 2, 12, 0, 3, 10, 4, 0, 0, 1, 1, 1, 0, 1, 1, 1, 0, 1, 1, 1, 0, 1, 0]
Fitness: 1198.735323 	[6, 0, 13, 14, 11, 8, 15, 1, 9, 5, 0, 7, 2, 12, 0, 3, 10, 4, 0, 0, 1, 1, 1, 0, 1, 1, 1, 0, 1, 1, 1, 0, 1, 0]
Fitness: 1198.735323 	[6, 0, 13, 14, 11, 8, 15, 1, 9, 5, 0, 7, 2, 12, 0, 3, 10, 4, 0, 0, 1, 1, 1, 0, 1, 1, 1, 0, 1, 1, 1, 0, 1, 0]
Fitness: 1198.735323 	[7, 2, 12, 0, 13, 14, 11, 8, 15, 1, 9, 5, 0, 6, 0, 10, 3, 4, 0, 0, 1, 1, 1, 0, 1, 1, 1, 0, 1, 1, 1, 0, 1, 0]
Fitness: 1194.854325 	[3, 10, 15, 0, 14, 4, 13, 7, 0, 6, 2, 12, 0, 11, 9, 1, 5, 8, 0, 1, 0, 1, 0, 1, 1, 1, 1, 0, 1, 1, 1, 0, 1, 0]
Fitness: 1193.689685 	[13, 14, 6, 9, 11, 3, 8, 15, 0, 7, 4, 0, 10, 1, 5, 12, 0, 2, 0, 1, 1, 0, 1, 0, 1, 1, 1, 0, 1, 0, 1, 1, 1, 0]
Fitness: 1193.339075 	[6, 12, 7, 9, 0, 4, 0, 2, 13, 0, 10, 1, 11, 3, 5, 15, 14, 8, 0, 1, 0, 1, 0, 1, 0, 1, 1, 1, 1, 0, 1, 1, 1, 0]
Fitness: 1192.044710 	[4, 1, 8, 2, 9, 7, 3, 10, 0, 6, 12, 0, 11, 0, 15, 13, 5, 14, 0, 0, 1, 1, 1, 0, 1, 1, 1, 1, 0, 1, 0, 1, 1, 0]
Fitness: 1192.044710 	[4, 1, 8, 2, 9, 7, 3, 10, 0, 6, 12, 0, 11, 0, 15, 13, 5, 14, 0, 0, 1, 1, 1, 0, 1, 1, 1, 1, 0, 1, 0, 1, 1, 0]
Fitness: 1191.416997 	[1, 8, 2, 9, 7, 3, 10, 0, 12, 0, 15, 13, 5, 14, 0, 6, 4, 11, 0, 1, 1, 0, 0, 1, 1, 1, 1, 1, 0, 1, 0, 1, 1, 0]
Fitness: 1184.779456 	[2, 5, 3, 0, 13, 0, 12, 14, 1, 7, 10, 6, 9, 8, 0, 4, 11, 15, 0, 1, 0, 0, 1, 1, 1, 1, 0, 1, 1, 0, 1, 1, 1, 0]
Fitness: 1184.012293 	[15, 10, 4, 0, 6, 8, 5, 2, 7, 0, 12, 0, 14, 11, 13, 3, 1, 9, 0, 1, 0, 1, 0, 1, 0, 1, 1, 1, 1, 0, 1, 1, 1, 0]
Fitness: 1184.012293 	[15, 10, 4, 0, 6, 8, 5, 2, 7, 0, 12, 0, 14, 11, 13, 3, 1, 9, 0, 1, 0, 1, 0, 1, 0, 1, 1, 1, 1, 0, 1, 1, 1, 0]
Fitness: 1184.012293 	[15, 10, 4, 0, 6, 8, 5, 2, 7, 0, 12, 0, 14, 11, 13, 3, 1, 9, 0, 1, 0, 1, 0, 1, 0, 1, 1, 1, 1, 0, 1, 1, 1, 0]
Fitness: 1182.290172 	[1, 8, 9, 12, 7, 5, 4, 10, 0, 13, 15, 0, 14, 2, 3, 11, 0, 6, 0, 0, 1, 0, 1, 1, 1, 0, 1, 1, 1, 0, 1, 1, 1, 0]
Fitness: 1182.223680 	[13, 14, 6, 9, 11, 3, 8, 15, 0, 7, 10, 4, 0, 1, 5, 12, 0, 2, 0, 0, 1, 0, 1, 0, 1, 1, 1, 0, 1, 1, 1, 1, 1, 0]
Fitness: 1182.223680 	[13, 14, 6, 9, 11, 3, 8, 15, 0, 7, 10, 4, 0, 1, 5, 12, 0, 2, 0, 0, 1, 0, 1, 0, 1, 1, 1, 0, 1, 1, 1, 1, 1, 0]
Fitness: 1181.363424 	[2, 8, 3, 5, 11, 6, 0, 4, 15, 9, 0, 12, 10, 7, 14, 1, 0, 13, 0, 1, 0, 1, 0, 1, 1, 0, 1, 1, 0, 1, 1, 1, 1, 0]
Fitness: 1181.363424 	[2, 8, 3, 5, 11, 6, 0, 4, 15, 9, 0, 12, 10, 7, 14, 1, 0, 13, 0, 1, 0, 1, 0, 1, 1, 0, 1, 1, 0, 1, 1, 1, 1, 0]
Fitness: 1181.363424 	[2, 8, 3, 5, 11, 6, 0, 4, 15, 9, 0, 12, 10, 7, 14, 1, 0, 13, 0, 1, 0, 1, 0, 1, 1, 0, 1, 1, 0, 1, 1, 1, 1, 0]
Fitness: 1180.276330 	[5, 1, 13, 8, 0, 14, 7, 6, 2, 15, 0, 4, 0, 3, 12, 11, 9, 10, 0, 0, 1, 1, 1, 0, 1, 1, 1, 0, 1, 1, 1, 1, 0, 0]
Fitness: 1177.081417 	[5, 14, 1, 7, 10, 15, 9, 8, 0, 13, 0, 6, 4, 11, 0, 2, 3, 12, 0, 1, 1, 0, 0, 1, 1, 1, 1, 1, 0, 1, 0, 1, 1, 0]
Fitness: 1177.081417 	[5, 14, 1, 7, 10, 15, 9, 8, 0, 13, 0, 6, 4, 11, 0, 2, 3, 12, 0, 1, 1, 0, 0, 1, 1, 1, 1, 1, 0, 1, 0, 1, 1, 0]
Fitness: 1177.081417 	[5, 14, 1, 7, 10, 15, 9, 8, 0, 13, 0, 6, 4, 11, 0, 2, 3, 12, 0, 1, 1, 0, 0, 1, 1, 1, 1, 1, 0, 1, 0, 1, 1, 0]
Fitness: 1176.559116 	[5, 1, 14, 15, 12, 0, 13, 0, 8, 2, 9, 7, 3, 10, 0, 6, 4, 11, 0, 1, 1, 0, 0, 1, 1, 1, 1, 1, 0, 1, 0, 1, 1, 0]
Fitness: 1175.326414 	[12, 14, 5, 15, 0, 6, 4, 11, 0, 8, 2, 9, 7, 3, 10, 0, 13, 1, 0, 1, 1, 0, 0, 1, 1, 1, 1, 1, 0, 1, 0, 1, 1, 0]
Fitness: 1174.312699 	[15, 1, 8, 2, 9, 7, 3, 10, 0, 13, 5, 14, 0, 6, 4, 11, 0, 12, 0, 1, 1, 0, 0, 1, 1, 1, 0, 1, 1, 1, 1, 0, 1, 0]
Fitness: 1169.819260 	[8, 2, 9, 7, 3, 10, 0, 12, 0, 13, 6, 4, 11, 0, 15, 1, 5, 14, 0, 0, 1, 1, 0, 1, 1, 1, 1, 1, 0, 1, 0, 1, 1, 0]
Fitness: 1169.819260 	[8, 2, 9, 7, 3, 10, 0, 12, 0, 13, 6, 4, 11, 0, 15, 1, 5, 14, 0, 0, 1, 1, 0, 1, 1, 1, 1, 1, 0, 1, 0, 1, 1, 0]
Fitness: 1169.660909 	[4, 10, 15, 8, 7, 12, 5, 13, 2, 9, 0, 11, 0, 1, 3, 14, 0, 6, 0, 1, 0, 1, 1, 0, 1, 1, 0, 1, 0, 1, 1, 1, 1, 0]
Fitness: 1166.557601 	[4, 13, 7, 5, 15, 0, 8, 10, 3, 9, 11, 0, 6, 2, 12, 0, 14, 1, 0, 1, 0, 1, 0, 1, 0, 1, 1, 1, 1, 1, 1, 0, 1, 0]
Fitness: 1166.557601 	[4, 13, 7, 5, 15, 0, 8, 10, 3, 9, 11, 0, 6, 2, 12, 0, 14, 1, 0, 1, 0, 1, 0, 1, 0, 1, 1, 1, 1, 1, 1, 0, 1, 0]
Fitness: 1166.557601 	[14, 1, 0, 8, 10, 3, 9, 11, 0, 6, 2, 12, 0, 4, 13, 7, 5, 15, 0, 1, 0, 1, 0, 1, 0, 1, 1, 1, 1, 1, 1, 0, 1, 0]
Fitness: 1184.779456 	[2, 5, 3, 0, 13, 0, 12, 14, 1, 7, 10, 6, 9, 8, 0, 4, 11, 15, 0, 1, 0, 0, 1, 1, 1, 1, 1, 0, 1, 0, 1, 1, 1, 0]
Fitness: 1268.331427 	[6, 12, 7, 9, 0, 4, 0, 2, 13, 0, 10, 1, 11, 3, 5, 15, 14, 8, 0, 0, 1, 1, 0, 1, 1, 1, 1, 0, 1, 0, 1, 1, 1, 0]
Fitness: 1184.779456 	[12, 14, 1, 7, 10, 6, 9, 8, 0, 13, 0, 2, 4, 0, 11, 3, 5, 15, 0, 1, 0, 0, 1, 1, 1, 1, 0, 1, 1, 0, 1, 1, 1, 0]
Fitness: 1166.557601 	[14, 1, 0, 8, 10, 3, 9, 11, 0, 6, 2, 12, 0, 4, 13, 7, 5, 15, 0, 1, 0, 1, 0, 1, 0, 1, 1, 1, 1, 1, 0, 1, 1, 0]
Fitness: 1231.121808 	[7, 15, 10, 4, 0, 6, 8, 5, 2, 0, 12, 0, 14, 11, 13, 3, 1, 9, 0, 1, 0, 1, 0, 1, 0, 1, 1, 1, 1, 1, 0, 1, 1, 0]
Fitness: 1166.557601 	[8, 10, 0, 6, 2, 12, 0, 4, 13, 7, 5, 15, 0, 14, 11, 3, 1, 9, 0, 1, 0, 1, 0, 1, 0, 1, 1, 1, 1, 1, 1, 0, 1, 0]
Fitness: 1184.012293 	[15, 10, 4, 0, 6, 8, 5, 2, 7, 0, 12, 0, 14, 11, 13, 3, 1, 9, 0, 1, 1, 0, 0, 1, 0, 1, 1, 1, 1, 0, 1, 1, 1, 0]
Fitness: 1176.559116 	[5, 1, 14, 15, 12, 0, 13, 0, 8, 2, 9, 7, 3, 10, 0, 6, 4, 11, 0, 1, 1, 0, 0, 1, 1, 1, 1, 1, 0, 1, 0, 1, 1, 0]
Fitness: 1184.012293 	[14, 11, 13, 3, 1, 9, 0, 15, 10, 4, 0, 8, 2, 12, 7, 5, 0, 6, 0, 1, 0, 1, 0, 1, 0, 1, 1, 1, 1, 0, 1, 1, 1, 0]
Fitness: 1262.192867 	[1, 8, 2, 9, 7, 3, 10, 0, 12, 0, 15, 13, 5, 14, 0, 6, 4, 11, 0, 1, 1, 0, 0, 0, 1, 1, 1, 0, 1, 1, 1, 1, 1, 0]
Fitness: 1198.735323 	[6, 0, 13, 14, 11, 8, 15, 1, 9, 5, 0, 7, 2, 12, 0, 3, 10, 4, 0, 0, 1, 1, 1, 0, 1, 1, 1, 0, 1, 1, 1, 0, 1, 0]
Fitness: 1262.192867 	[15, 13, 5, 14, 0, 6, 4, 11, 0, 7, 2, 12, 0, 3, 10, 8, 1, 9, 0, 1, 1, 0, 0, 1, 1, 1, 0, 1, 0, 1, 1, 1, 1, 0]
Fitness: 1257.185090 	[12, 0, 4, 11, 0, 1, 8, 2, 9, 7, 3, 10, 0, 13, 6, 15, 5, 14, 0, 0, 1, 1, 1, 1, 0, 1, 1, 1, 0, 1, 0, 1, 1, 0]
Fitness: 1262.935125 	[6, 2, 0, 12, 7, 9, 0, 13, 10, 1, 11, 3, 5, 15, 14, 8, 0, 4, 0, 0, 1, 1, 1, 1, 0, 1, 0, 1, 1, 0, 1, 1, 1, 0]
Fitness: 1257.185090 	[11, 4, 0, 12, 0, 13, 6, 15, 5, 14, 0, 1, 8, 2, 9, 7, 3, 10, 0, 1, 1, 0, 1, 0, 1, 1, 1, 1, 0, 1, 0, 1, 1, 0]
Fitness: 1337.326123 	[15, 2, 12, 0, 7, 8, 5, 13, 14, 10, 0, 4, 0, 6, 11, 3, 1, 9, 0, 1, 1, 0, 1, 0, 1, 1, 1, 0, 1, 1, 1, 0, 1, 0]
Fitness: 1194.854325 	[3, 10, 15, 0, 14, 4, 13, 7, 0, 6, 2, 12, 0, 11, 9, 1, 5, 8, 0, 1, 0, 1, 0, 1, 1, 1, 1, 0, 1, 1, 1, 0, 1, 0]
Fitness: 1337.326123 	[2, 10, 15, 0, 6, 11, 3, 1, 9, 0, 4, 0, 7, 12, 13, 5, 8, 14, 0, 1, 1, 0, 1, 0, 1, 0, 1, 1, 1, 1, 1, 0, 1, 0]
Fitness: 1231.121808 	[7, 15, 10, 4, 0, 6, 8, 5, 2, 0, 12, 0, 14, 11, 13, 3, 1, 9, 0, 1, 0, 1, 0, 1, 0, 1, 1, 1, 1, 0, 1, 1, 1, 0]
Fitness: 1193.339075 	[6, 12, 7, 9, 0, 4, 0, 2, 13, 0, 10, 1, 11, 3, 5, 15, 14, 8, 0, 1, 0, 1, 0, 1, 0, 1, 1, 1, 1, 0, 1, 1, 1, 0]
Fitness: 1231.121808 	[6, 2, 13, 9, 0, 7, 15, 10, 4, 0, 12, 0, 1, 11, 3, 5, 14, 8, 0, 1, 0, 1, 0, 1, 0, 1, 1, 1, 1, 1, 0, 1, 1, 0]
Fitness: 1177.081417 	[5, 14, 1, 7, 10, 15, 9, 8, 0, 13, 0, 6, 4, 11, 0, 2, 3, 12, 0, 1, 1, 0, 1, 0, 1, 1, 1, 1, 0, 1, 0, 1, 1, 0]
Fitness: 1319.016794 	[3, 12, 11, 0, 7, 8, 5, 13, 14, 10, 0, 15, 1, 9, 6, 2, 0, 4, 0, 1, 1, 0, 1, 0, 1, 0, 1, 1, 0, 1, 1, 1, 1, 0]
Fitness: 1177.081417 	[4, 6, 11, 0, 13, 0, 5, 14, 1, 7, 10, 15, 9, 8, 0, 2, 3, 12, 0, 1, 1, 0, 0, 1, 1, 1, 1, 1, 0, 1, 0, 1, 1, 0]
Fitness: 1198.735323 	[7, 2, 12, 0, 13, 14, 11, 8, 15, 1, 9, 5, 0, 10, 3, 4, 0, 6, 0, 0, 1, 1, 1, 0, 1, 1, 1, 0, 1, 1, 1, 0, 1, 0]
Fitness: 1169.819260 	[8, 2, 9, 7, 3, 10, 0, 12, 0, 13, 6, 4, 11, 0, 15, 1, 5, 14, 0, 1, 0, 1, 0, 1, 1, 0, 1, 1, 0, 1, 1, 1, 1, 0]
Fitness: 1181.363424 	[2, 8, 3, 5, 11, 6, 0, 4, 15, 9, 0, 12, 10, 7, 14, 1, 0, 13, 0, 1, 0, 1, 0, 1, 1, 0, 1, 1, 0, 1, 1, 1, 1, 0]
Fitness: 1169.819260 	[2, 8, 3, 9, 10, 12, 0, 13, 6, 4, 11, 0, 15, 1, 5, 14, 0, 7, 0, 0, 1, 1, 0, 1, 1, 1, 1, 1, 0, 1, 0, 1, 1, 0]
Fitness: 1244.201875 	[15, 13, 5, 0, 6, 12, 0, 14, 11, 0, 4, 1, 8, 2, 9, 7, 3, 10, 0, 1, 0, 1, 0, 1, 1, 1, 1, 1, 0, 1, 0, 1, 1, 0]
Fitness: 1330.445406 	[4, 0, 1, 3, 14, 0, 6, 5, 12, 0, 13, 2, 7, 8, 9, 10, 11, 15, 0, 1, 0, 1, 1, 1, 1, 0, 0, 1, 1, 1, 0, 1, 1, 0]
Fitness: 1244.201875 	[5, 0, 6, 12, 0, 4, 1, 8, 2, 9, 7, 3, 10, 0, 13, 14, 11, 15, 0, 0, 1, 1, 0, 1, 1, 1, 1, 1, 0, 1, 0, 1, 1, 0]
Fitness: 1226.593989 	[5, 14, 1, 7, 10, 15, 9, 8, 0, 13, 0, 2, 3, 12, 0, 6, 4, 11, 0, 1, 1, 0, 0, 1, 1, 1, 1, 1, 0, 1, 0, 1, 1, 0]
Fitness: 1252.101056 	[12, 15, 3, 13, 6, 8, 0, 2, 0, 1, 5, 4, 0, 7, 9, 11, 10, 14, 0, 1, 0, 1, 1, 0, 1, 1, 0, 1, 1, 1, 0, 1, 1, 0]
Fitness: 1226.593989 	[11, 4, 13, 6, 0, 10, 15, 9, 8, 0, 5, 14, 1, 7, 0, 2, 3, 12, 0, 1, 1, 0, 0, 1, 1, 1, 1, 1, 0, 1, 0, 1, 1, 0]
Fitness: 1198.735323 	[6, 0, 13, 14, 11, 8, 15, 1, 9, 5, 0, 7, 2, 12, 0, 3, 10, 4, 0, 0, 1, 1, 1, 0, 1, 1, 1, 1, 0, 1, 1, 0, 1, 0]
Fitness: 1226.593989 	[5, 14, 1, 7, 10, 15, 9, 8, 0, 13, 0, 2, 3, 12, 0, 6, 4, 11, 0, 1, 1, 0, 0, 1, 1, 1, 1, 1, 0, 1, 0, 1, 1, 0]
Fitness: 1198.735323 	[3, 10, 4, 0, 6, 0, 2, 1, 12, 0, 5, 7, 11, 8, 9, 13, 14, 15, 0, 0, 1, 1, 1, 0, 1, 1, 1, 0, 1, 1, 1, 0, 1, 0]
Fitness: 1283.093377 	[5, 14, 1, 7, 10, 15, 9, 8, 0, 13, 0, 2, 3, 12, 0, 6, 4, 11, 0, 0, 1, 0, 1, 1, 1, 1, 1, 1, 0, 1, 0, 1, 1, 0]
Fitness: 1377.538070 	[1, 12, 4, 0, 15, 7, 8, 5, 6, 9, 10, 0, 14, 2, 3, 11, 0, 13, 0, 1, 1, 0, 1, 1, 1, 0, 1, 0, 1, 0, 1, 1, 1, 0]
Fitness: 1283.093377 	[2, 12, 3, 0, 13, 0, 6, 4, 11, 0, 5, 14, 1, 7, 10, 15, 9, 8, 0, 0, 1, 0, 1, 1, 1, 1, 1, 1, 0, 1, 0, 1, 1, 0]
Fitness: 1198.735323 	[6, 0, 13, 14, 11, 8, 15, 1, 9, 5, 0, 7, 2, 12, 0, 3, 10, 4, 0, 0, 1, 1, 1, 0, 1, 1, 1, 0, 1, 1, 1, 0, 1, 0]
Fitness: 1244.201875 	[4, 1, 8, 2, 9, 7, 3, 10, 0, 6, 12, 0, 14, 11, 0, 15, 13, 5, 0, 0, 1, 1, 0, 1, 1, 1, 1, 1, 0, 1, 0, 1, 1, 0]
Fitness: 1198.735323 	[12, 6, 2, 7, 0, 13, 14, 11, 8, 0, 3, 10, 4, 0, 15, 1, 9, 5, 0, 0, 1, 1, 1, 0, 1, 1, 1, 0, 1, 1, 1, 0, 1, 0]
Fitness: 1261.081839 	[14, 4, 13, 7, 0, 6, 2, 12, 0, 11, 10, 0, 9, 5, 15, 3, 8, 1, 0, 1, 0, 1, 1, 0, 1, 1, 1, 0, 1, 1, 1, 0, 1, 0]
Fitness: 1358.306500 	[13, 6, 4, 11, 0, 12, 0, 8, 2, 9, 7, 3, 10, 0, 15, 1, 5, 14, 0, 0, 1, 1, 1, 0, 1, 1, 1, 1, 0, 1, 0, 1, 1, 0]
Fitness: 1261.081839 	[1, 6, 2, 3, 0, 12, 0, 14, 4, 13, 7, 0, 11, 10, 5, 8, 9, 15, 0, 1, 0, 1, 1, 0, 1, 1, 1, 0, 1, 1, 1, 0, 1, 0]
Fitness: 1174.312699 	[15, 1, 8, 2, 9, 7, 3, 10, 0, 13, 5, 14, 0, 6, 4, 11, 0, 12, 0, 0, 1, 1, 0, 1, 1, 1, 1, 0, 1, 1, 1, 0, 1, 0]
Fitness: 1247.477376 	[4, 0, 6, 12, 7, 9, 0, 10, 1, 11, 3, 5, 15, 14, 8, 0, 2, 13, 0, 0, 1, 1, 0, 1, 1, 1, 1, 0, 1, 0, 1, 1, 1, 0]
Fitness: 1174.312699 	[1, 0, 2, 12, 7, 9, 0, 13, 5, 14, 0, 6, 4, 11, 3, 8, 10, 15, 0, 1, 1, 0, 0, 1, 1, 1, 0, 1, 1, 1, 1, 0, 1, 0]
Fitness: 1169.819260 	[8, 2, 9, 7, 3, 10, 0, 12, 0, 13, 6, 4, 11, 0, 15, 1, 5, 14, 0, 0, 1, 1, 1, 0, 1, 1, 1, 0, 1, 1, 0, 1, 1, 0]
Fitness: 1226.394486 	[6, 0, 3, 10, 4, 0, 7, 2, 12, 0, 13, 14, 11, 8, 15, 1, 9, 5, 0, 0, 1, 1, 1, 0, 1, 1, 1, 0, 1, 1, 1, 0, 1, 0]
Fitness: 1169.819260 	[6, 0, 8, 2, 9, 7, 3, 10, 0, 12, 0, 13, 14, 11, 4, 15, 1, 5, 0, 0, 1, 1, 0, 1, 1, 1, 1, 1, 0, 1, 0, 1, 1, 0]
Fitness: 1319.016794 	[3, 12, 11, 0, 7, 8, 5, 13, 14, 10, 0, 15, 1, 9, 6, 2, 0, 4, 0, 1, 1, 1, 0, 1, 0, 0, 1, 1, 0, 1, 1, 1, 1, 0]
Fitness: 1166.557601 	[4, 13, 7, 5, 15, 0, 8, 10, 3, 9, 11, 0, 6, 2, 12, 0, 14, 1, 0, 1, 0, 1, 0, 1, 0, 1, 1, 1, 1, 1, 1, 0, 1, 0]
Fitness: 1319.016794 	[4, 0, 7, 8, 5, 13, 14, 10, 0, 6, 2, 12, 0, 11, 1, 9, 3, 15, 0, 1, 1, 0, 1, 0, 1, 0, 1, 1, 0, 1, 1, 1, 1, 0]
Fitness: 1330.445406 	[11, 8, 2, 9, 7, 4, 10, 0, 6, 5, 12, 0, 1, 3, 14, 0, 13, 15, 0, 1, 0, 1, 1, 1, 1, 0, 0, 1, 1, 1, 0, 1, 1, 0]
Fitness: 1192.044710 	[4, 1, 9, 0, 2, 8, 3, 10, 12, 6, 0, 11, 0, 15, 13, 5, 14, 7, 0, 0, 1, 1, 1, 0, 1, 1, 1, 1, 0, 1, 0, 1, 1, 0]
Fitness: 1191.416997 	[1, 8, 2, 9, 7, 3, 10, 0, 12, 0, 15, 13, 5, 14, 0, 6, 4, 11, 0, 1, 1, 0, 1, 1, 1, 1, 1, 0, 0, 1, 0, 1, 1, 0]
Fitness: 1247.169469 	[14, 6, 9, 11, 3, 8, 15, 0, 13, 2, 0, 7, 10, 4, 0, 1, 5, 12, 0, 0, 1, 0, 1, 1, 1, 1, 1, 0, 1, 1, 1, 0, 1, 0]
Fitness: 1191.416997 	[14, 1, 9, 10, 3, 8, 15, 0, 13, 2, 0, 12, 0, 6, 4, 11, 5, 7, 0, 1, 1, 0, 0, 1, 1, 1, 1, 1, 0, 1, 0, 1, 1, 0]
Fitness: 1226.394486 	[6, 0, 3, 10, 4, 0, 7, 2, 12, 0, 13, 14, 11, 8, 15, 1, 9, 5, 0, 0, 1, 1, 1, 0, 1, 1, 1, 0, 1, 1, 1, 0, 1, 0]
Fitness: 1227.755849 	[14, 2, 3, 11, 0, 7, 8, 5, 6, 9, 10, 0, 1, 12, 4, 0, 13, 15, 0, 0, 1, 1, 1, 0, 1, 0, 1, 1, 1, 0, 1, 1, 1, 0]
Fitness: 1226.394486 	[14, 1, 13, 11, 0, 15, 8, 5, 6, 9, 0, 7, 2, 12, 0, 3, 10, 4, 0, 0, 1, 1, 1, 0, 1, 1, 1, 0, 1, 1, 1, 0, 1, 0]
Fitness: 1293.401346 	[1, 8, 2, 9, 7, 3, 10, 0, 6, 12, 0, 4, 11, 0, 15, 13, 5, 14, 0, 1, 1, 0, 1, 0, 1, 1, 1, 1, 0, 1, 0, 1, 1, 0]
Fitness: 1198.735323 	[6, 0, 13, 14, 11, 8, 15, 1, 9, 5, 0, 7, 2, 12, 0, 3, 10, 4, 0, 0, 1, 1, 1, 0, 1, 1, 1, 0, 1, 1, 1, 0, 1, 0]
Fitness: 1293.401346 	[6, 0, 4, 11, 0, 15, 13, 5, 14, 0, 3, 10, 1, 2, 7, 8, 9, 12, 0, 1, 1, 0, 1, 0, 1, 1, 1, 1, 0, 1, 0, 1, 1, 0]
Fitness: 1337.326123 	[7, 8, 5, 13, 14, 10, 0, 15, 2, 12, 0, 4, 0, 6, 11, 3, 1, 9, 0, 1, 1, 0, 1, 0, 1, 0, 1, 1, 1, 1, 1, 0, 1, 0]
Fitness: 1337.326123 	[15, 2, 12, 0, 7, 8, 5, 13, 14, 10, 0, 4, 0, 6, 11, 3, 1, 9, 0, 1, 1, 0, 1, 0, 1, 0, 1, 1, 1, 1, 1, 0, 1, 0]
Fitness: 1337.326123 	[7, 8, 5, 13, 14, 10, 0, 6, 11, 3, 1, 9, 0, 4, 0, 2, 12, 15, 0, 1, 1, 0, 1, 0, 1, 0, 1, 1, 1, 1, 1, 0, 1, 0]
Fitness: 1182.223680 	[13, 14, 6, 9, 11, 3, 8, 15, 0, 7, 10, 4, 0, 1, 12, 0, 5, 2, 0, 1, 1, 0, 1, 0, 0, 1, 1, 0, 1, 1, 1, 1, 1, 0]
Fitness: 1244.201875 	[4, 1, 8, 2, 9, 7, 3, 10, 0, 6, 12, 0, 5, 14, 11, 0, 15, 13, 0, 0, 1, 1, 0, 0, 1, 1, 1, 1, 1, 1, 0, 1, 1, 0]
Fitness: 1244.201875 	[11, 5, 0, 6, 12, 0, 4, 1, 8, 2, 9, 7, 3, 10, 0, 13, 14, 15, 0, 0, 1, 1, 1, 1, 1, 0, 1, 1, 0, 1, 0, 1, 1, 0]
Fitness: 1260.267658 	[9, 4, 0, 6, 12, 7, 0, 2, 13, 0, 10, 1, 11, 3, 5, 15, 14, 8, 0, 0, 1, 1, 0, 1, 1, 1, 1, 0, 1, 1, 1, 0, 1, 0]
Fitness: 1169.819260 	[9, 7, 3, 10, 0, 12, 8, 2, 0, 13, 6, 4, 11, 0, 15, 1, 5, 14, 0, 1, 1, 1, 0, 1, 1, 0, 1, 1, 0, 1, 1, 1, 0, 0]
Fitness: 1337.326123 	[2, 12, 0, 7, 8, 5, 13, 14, 10, 0, 15, 4, 0, 6, 11, 3, 1, 9, 0, 0, 1, 0, 1, 1, 1, 0, 1, 1, 1, 1, 1, 0, 1, 0]
Fitness: 1226.593989 	[7, 10, 15, 9, 8, 0, 13, 5, 14, 1, 0, 2, 3, 12, 0, 6, 4, 11, 0, 1, 1, 1, 0, 1, 0, 1, 1, 1, 0, 1, 0, 1, 1, 0]
Fitness: 1169.819260 	[9, 7, 3, 10, 0, 12, 8, 2, 0, 13, 6, 4, 11, 0, 15, 1, 5, 14, 0, 1, 1, 1, 1, 0, 1, 1, 0, 0, 1, 1, 0, 1, 1, 0]
Fitness: 1198.735323 	[12, 6, 0, 13, 14, 11, 8, 15, 1, 9, 5, 0, 7, 2, 0, 3, 10, 4, 0, 1, 1, 1, 1, 0, 1, 1, 0, 0, 1, 1, 1, 0, 1, 0]
Fitness: 1319.016794 	[8, 3, 12, 11, 0, 7, 5, 13, 14, 10, 0, 15, 1, 9, 6, 2, 0, 4, 0, 1, 1, 0, 1, 0, 1, 1, 1, 0, 0, 1, 1, 1, 1, 0]
Fitness: 1180.276330 	[5, 1, 13, 8, 0, 14, 7, 6, 2, 0, 4, 0, 15, 3, 12, 11, 9, 10, 0, 1, 1, 1, 1, 0, 1, 1, 1, 0, 1, 1, 0, 1, 0, 0]
Fitness: 1169.660909 	[4, 10, 15, 8, 7, 12, 5, 13, 9, 0, 11, 0, 1, 3, 14, 0, 2, 6, 0, 1, 0, 1, 1, 0, 1, 0, 1, 1, 0, 1, 1, 1, 1, 0]
Fitness: 1169.819260 	[8, 9, 7, 3, 10, 0, 12, 0, 13, 6, 4, 11, 0, 2, 15, 1, 5, 14, 0, 0, 1, 1, 0, 1, 1, 1, 1, 1, 0, 0, 1, 1, 1, 0]
Fitness: 1300.684053 	[3, 12, 11, 0, 15, 1, 9, 6, 2, 0, 5, 13, 14, 10, 0, 4, 7, 8, 0, 1, 1, 0, 1, 1, 1, 0, 1, 1, 0, 1, 1, 0, 1, 0]
Fitness: 1169.819260 	[9, 7, 3, 10, 0, 12, 8, 2, 0, 13, 6, 4, 11, 0, 15, 1, 5, 14, 0, 1, 1, 1, 0, 1, 1, 1, 1, 1, 0, 0, 0, 1, 1, 0]
Fitness: 1191.416997 	[1, 8, 2, 9, 7, 3, 10, 0, 11, 12, 0, 15, 13, 5, 14, 0, 6, 4, 0, 1, 1, 0, 0, 1, 1, 1, 1, 0, 1, 1, 0, 1, 1, 0]
Fitness: 1181.363424 	[2, 8, 3, 5, 11, 6, 0, 1, 4, 15, 9, 0, 12, 10, 7, 14, 0, 13, 0, 1, 0, 1, 1, 1, 1, 0, 0, 1, 0, 1, 1, 1, 1, 0]
Fitness: 1177.081417 	[5, 14, 1, 10, 15, 9, 8, 0, 7, 13, 0, 6, 4, 11, 0, 2, 3, 12, 0, 1, 1, 0, 0, 0, 1, 1, 1, 1, 0, 1, 1, 1, 1, 0]
Fitness: 1184.012293 	[15, 4, 0, 10, 6, 8, 5, 2, 7, 0, 12, 0, 14, 11, 13, 3, 1, 9, 0, 1, 0, 0, 1, 1, 0, 1, 1, 1, 1, 0, 1, 1, 1, 0]
Fitness: 1198.735323 	[6, 0, 13, 14, 11, 8, 15, 1, 9, 0, 5, 7, 2, 12, 0, 3, 10, 4, 0, 0, 1, 1, 1, 0, 1, 1, 1, 1, 1, 1, 1, 0, 0, 0]
Fitness: 1166.557601 	[4, 13, 7, 5, 15, 0, 1, 8, 10, 3, 9, 11, 0, 6, 2, 12, 0, 14, 0, 1, 0, 0, 1, 1, 0, 1, 1, 1, 1, 1, 1, 0, 1, 0]
Fitness: 1175.326414 	[12, 14, 5, 15, 0, 6, 4, 11, 0, 1, 8, 2, 9, 7, 3, 10, 0, 13, 0, 1, 1, 1, 0, 0, 1, 1, 1, 1, 0, 1, 0, 1, 1, 0]
Fitness: 1293.401346 	[13, 1, 8, 2, 9, 7, 3, 10, 0, 6, 12, 0, 4, 11, 0, 15, 5, 14, 0, 1, 1, 1, 1, 0, 1, 1, 1, 1, 0, 1, 0, 1, 0, 0]
Fitness: 1216.224831 	[11, 15, 12, 0, 4, 0, 2, 1, 13, 5, 14, 3, 0, 6, 7, 8, 9, 10, 0, 1, 1, 0, 1, 1, 1, 1, 1, 1, 0, 1, 1, 0, 0, 0]
Fitness: 1260.039275 	[1, 0, 3, 13, 2, 7, 8, 9, 10, 15, 0, 11, 4, 0, 6, 5, 12, 14, 0, 1, 0, 1, 1, 1, 1, 1, 0, 1, 1, 0, 0, 1, 1, 0]
Fitness: 1337.326123 	[15, 2, 12, 0, 7, 5, 13, 14, 10, 0, 8, 4, 0, 6, 11, 3, 1, 9, 0, 1, 0, 0, 1, 0, 1, 1, 1, 1, 1, 1, 1, 0, 1, 0]
Fitness: 1319.016794 	[5, 4, 0, 7, 8, 13, 14, 10, 0, 6, 2, 12, 0, 11, 1, 9, 3, 15, 0, 1, 0, 0, 1, 1, 1, 0, 1, 1, 0, 1, 1, 1, 1, 0]
Fitness: 1181.363424 	[2, 8, 3, 5, 11, 6, 0, 4, 15, 9, 0, 12, 10, 14, 1, 0, 7, 13, 0, 1, 0, 1, 0, 1, 1, 1, 0, 1, 0, 1, 1, 1, 1, 0]
Fitness: 1264.436136 	[15, 1, 8, 9, 7, 3, 10, 0, 12, 0, 6, 4, 11, 0, 2, 13, 5, 14, 0, 1, 1, 0, 0, 1, 1, 1, 0, 0, 1, 1, 1, 1, 1, 0]
Fitness: 1262.935125 	[7, 6, 2, 0, 12, 9, 0, 13, 10, 1, 11, 3, 5, 15, 14, 8, 0, 4, 0, 0, 1, 1, 1, 1, 0, 1, 1, 1, 1, 0, 0, 1, 1, 0]
Fitness: 1319.016794 	[3, 12, 11, 0, 13, 14, 10, 0, 4, 15, 1, 9, 6, 2, 0, 7, 8, 5, 0, 1, 1, 0, 1, 0, 1, 1, 1, 1, 0, 1, 1, 1, 0, 0]
Fitness: 1177.081417 	[4, 6, 11, 0, 5, 13, 0, 14, 1, 7, 10, 15, 9, 8, 0, 2, 3, 12, 0, 1, 1, 0, 0, 1, 1, 1, 1, 1, 0, 1, 1, 1, 0, 0]
Fitness: 1181.363424 	[2, 8, 3, 5, 11, 6, 0, 10, 4, 15, 9, 0, 12, 7, 14, 1, 0, 13, 0, 0, 0, 1, 1, 1, 1, 0, 1, 1, 0, 1, 1, 1, 1, 0]
Fitness: 1244.201875 	[15, 13, 5, 0, 12, 0, 6, 14, 11, 0, 4, 1, 8, 2, 9, 7, 3, 10, 0, 0, 0, 1, 1, 1, 1, 1, 1, 1, 0, 1, 0, 1, 1, 0]
Fitness: 1191.416997 	[10, 3, 8, 15, 0, 13, 2, 0, 14, 1, 9, 0, 12, 6, 4, 11, 5, 7, 0, 0, 1, 0, 1, 1, 1, 1, 1, 1, 0, 1, 0, 1, 1, 0]
Fitness: 1198.735323 	[7, 2, 12, 0, 13, 14, 11, 8, 15, 1, 9, 5, 0, 10, 3, 0, 4, 6, 0, 0, 1, 1, 1, 0, 1, 1, 1, 1, 0, 1, 1, 0, 1, 0]
Fitness: 1293.401346 	[9, 6, 0, 4, 11, 0, 15, 13, 5, 14, 0, 3, 10, 1, 2, 7, 8, 12, 0, 1, 1, 0, 1, 0, 1, 1, 1, 1, 1, 0, 0, 1, 1, 0]
Fitness: 1337.326123 	[15, 2, 12, 0, 6, 7, 8, 5, 13, 14, 10, 0, 4, 0, 11, 3, 1, 9, 0, 1, 1, 0, 1, 0, 1, 1, 1, 1, 1, 0, 1, 0, 1, 0]
Fitness: 1226.394486 	[6, 0, 3, 10, 4, 0, 2, 12, 0, 7, 13, 14, 11, 8, 15, 1, 9, 5, 0, 1, 1, 1, 1, 0, 0, 1, 1, 0, 1, 1, 1, 0, 1, 0]
Fitness: 1204.989569 	[15, 6, 0, 14, 2, 11, 0, 1, 8, 9, 12, 7, 5, 4, 10, 0, 3, 13, 0, 1, 0, 1, 1, 1, 1, 0, 1, 0, 0, 1, 1, 1, 1, 0]
Fitness: 1261.081839 	[14, 4, 13, 7, 0, 6, 2, 12, 0, 10, 0, 11, 9, 5, 15, 3, 8, 1, 0, 1, 0, 1, 0, 0, 1, 1, 1, 1, 1, 1, 1, 0, 1, 0]
Fitness: 1225.680842 	[4, 8, 2, 9, 7, 3, 10, 0, 6, 11, 0, 12, 14, 5, 15, 0, 13, 1, 0, 1, 1, 0, 0, 1, 1, 1, 1, 1, 0, 0, 1, 1, 1, 0]
Fitness: 1231.121808 	[7, 15, 10, 4, 0, 6, 8, 5, 2, 0, 14, 12, 0, 11, 13, 3, 1, 9, 0, 1, 0, 1, 1, 1, 0, 1, 1, 1, 1, 1, 0, 0, 1, 0]
Fitness: 1218.890370 	[3, 12, 11, 0, 13, 14, 10, 0, 6, 9, 2, 1, 4, 15, 0, 7, 8, 5, 0, 1, 1, 0, 1, 1, 1, 0, 1, 1, 0, 1, 1, 0, 1, 0]
Fitness: 1330.445406 	[4, 0, 13, 1, 3, 14, 0, 6, 5, 12, 0, 2, 7, 8, 9, 10, 11, 15, 0, 0, 0, 1, 1, 1, 1, 0, 1, 1, 1, 1, 0, 1, 1, 0]
Fitness: 1174.312699 	[6, 4, 11, 0, 1, 2, 12, 7, 9, 0, 13, 5, 14, 0, 3, 8, 10, 15, 0, 1, 1, 1, 0, 1, 1, 1, 0, 1, 1, 0, 1, 0, 1, 0]
Fitness: 1227.755849 	[5, 14, 2, 3, 11, 0, 7, 8, 6, 9, 10, 0, 1, 12, 4, 0, 13, 15, 0, 0, 1, 1, 1, 0, 1, 1, 1, 1, 1, 0, 1, 0, 1, 0]
Fitness: 1337.326123 	[2, 10, 0, 6, 11, 3, 1, 9, 0, 4, 0, 15, 7, 12, 13, 5, 8, 14, 0, 1, 0, 0, 1, 1, 1, 0, 1, 1, 1, 1, 1, 0, 1, 0]
Fitness: 1211.695835 	[15, 10, 4, 0, 14, 11, 13, 3, 1, 9, 0, 7, 12, 0, 6, 8, 5, 2, 0, 1, 0, 1, 0, 0, 1, 1, 1, 1, 1, 0, 1, 1, 1, 0]
Fitness: 1293.401346 	[1, 8, 2, 7, 3, 10, 0, 6, 12, 0, 9, 4, 11, 0, 15, 13, 5, 14, 0, 1, 1, 0, 1, 0, 1, 0, 1, 1, 0, 1, 1, 1, 1, 0]
Fitness: 1260.267658 	[10, 1, 11, 3, 5, 15, 14, 8, 0, 6, 12, 7, 0, 2, 13, 0, 9, 4, 0, 0, 1, 1, 0, 1, 1, 1, 1, 0, 1, 1, 1, 0, 1, 0]
Fitness: 1166.557601 	[4, 13, 7, 5, 15, 0, 14, 1, 0, 6, 2, 12, 0, 8, 10, 3, 9, 11, 0, 1, 0, 1, 0, 1, 0, 1, 1, 1, 1, 1, 1, 0, 1, 0]
Fitness: 1241.904499 	[4, 0, 6, 13, 0, 14, 9, 3, 2, 11, 12, 15, 0, 10, 1, 7, 5, 8, 0, 0, 1, 0, 1, 1, 1, 0, 1, 1, 0, 1, 1, 1, 1, 0]
Fitness: 1283.093377 	[5, 14, 1, 7, 10, 15, 9, 8, 0, 6, 4, 11, 0, 2, 3, 12, 0, 13, 0, 0, 1, 0, 1, 1, 1, 1, 1, 1, 0, 1, 0, 1, 1, 0]
Fitness: 1283.093377 	[13, 0, 5, 14, 1, 7, 10, 15, 9, 8, 0, 2, 3, 12, 0, 6, 4, 11, 0, 0, 1, 0, 1, 1, 1, 1, 1, 1, 0, 1, 0, 1, 1, 0]
Fitness: 1198.735323 	[7, 2, 12, 0, 10, 3, 0, 13, 14, 11, 8, 15, 1, 9, 5, 0, 4, 6, 0, 0, 1, 1, 1, 0, 1, 1, 1, 1, 0, 1, 1, 0, 1, 0]
Fitness: 1181.363424 	[2, 8, 3, 5, 11, 6, 0, 4, 15, 9, 0, 7, 13, 0, 12, 10, 14, 1, 0, 1, 0, 1, 0, 1, 1, 1, 0, 1, 0, 1, 1, 1, 1, 0]
Fitness: 1192.044710 	[4, 1, 8, 2, 9, 7, 3, 10, 0, 15, 13, 5, 14, 0, 11, 0, 6, 12, 0, 0, 1, 1, 1, 0, 1, 1, 1, 1, 0, 1, 0, 1, 1, 0]
Fitness: 1182.223680 	[13, 14, 6, 9, 11, 3, 8, 15, 0, 7, 10, 4, 0, 2, 0, 1, 5, 12, 0, 0, 1, 0, 1, 0, 1, 1, 1, 0, 1, 1, 1, 1, 1, 0]
Fitness: 1177.081417 	[5, 14, 1, 7, 10, 15, 9, 8, 0, 6, 4, 11, 0, 13, 0, 2, 3, 12, 0, 1, 1, 0, 0, 1, 1, 1, 1, 1, 0, 1, 0, 1, 1, 0]
Fitness: 1330.445406 	[11, 8, 2, 9, 7, 4, 10, 0, 1, 3, 14, 0, 6, 5, 12, 0, 13, 15, 0, 1, 0, 1, 1, 1, 1, 0, 0, 1, 1, 1, 0, 1, 1, 0]
Fitness: 1293.401346 	[1, 8, 2, 7, 3, 10, 0, 6, 12, 0, 15, 13, 5, 14, 0, 9, 4, 11, 0, 1, 1, 0, 1, 0, 1, 0, 1, 1, 0, 1, 1, 1, 1, 0]
Fitness: 1227.755849 	[7, 8, 5, 6, 9, 10, 0, 1, 12, 4, 0, 14, 2, 3, 11, 0, 13, 15, 0, 0, 1, 1, 1, 0, 1, 0, 1, 1, 1, 0, 1, 1, 1, 0]
Fitness: 1174.312699 	[1, 2, 12, 7, 9, 0, 6, 4, 11, 0, 13, 5, 14, 0, 3, 8, 10, 15, 0, 1, 1, 1, 0, 1, 1, 1, 0, 1, 1, 0, 1, 0, 1, 0]
Fitness: 1191.416997 	[1, 8, 2, 9, 7, 3, 10, 0, 12, 0, 6, 4, 11, 0, 15, 13, 5, 14, 0, 1, 1, 0, 1, 1, 1, 1, 1, 0, 0, 1, 0, 1, 1, 0]
Fitness: 1226.593989 	[13, 0, 5, 14, 1, 7, 10, 15, 9, 8, 0, 2, 3, 12, 0, 6, 4, 11, 0, 1, 1, 0, 0, 1, 1, 1, 1, 1, 0, 1, 0, 1, 1, 0]
Fitness: 1300.684053 	[3, 12, 11, 0, 7, 8, 5, 13, 14, 10, 0, 15, 1, 9, 6, 2, 0, 4, 0, 1, 1, 0, 1, 0, 1, 0, 1, 1, 0, 1, 1, 1, 1, 0]
Fitness: 1184.012293 	[14, 11, 13, 3, 1, 9, 0, 6, 8, 5, 2, 7, 0, 12, 0, 15, 10, 4, 0, 1, 0, 1, 0, 1, 0, 1, 1, 1, 1, 0, 1, 1, 1, 0]
Fitness: 1180.276330 	[4, 0, 14, 7, 6, 2, 0, 5, 1, 13, 8, 0, 15, 3, 12, 11, 9, 10, 0, 1, 1, 1, 1, 0, 1, 1, 1, 0, 1, 1, 0, 1, 0, 0]
Fitness: 1177.081417 	[4, 6, 11, 0, 5, 13, 0, 2, 3, 12, 0, 14, 1, 7, 10, 15, 9, 8, 0, 1, 1, 0, 0, 1, 1, 1, 1, 1, 0, 1, 1, 1, 0, 0]
Fitness: 1193.339075 	[6, 12, 7, 9, 0, 10, 1, 11, 3, 5, 15, 14, 8, 0, 2, 13, 0, 4, 0, 1, 0, 1, 0, 1, 0, 1, 1, 1, 1, 0, 1, 1, 1, 0]
Fitness: 1244.201875 	[13, 14, 11, 15, 0, 6, 12, 0, 4, 1, 8, 2, 9, 7, 3, 10, 0, 5, 0, 0, 1, 1, 0, 1, 1, 1, 1, 1, 0, 1, 0, 1, 1, 0]
Fitness: 1216.224831 	[11, 15, 2, 12, 0, 6, 7, 8, 9, 10, 0, 1, 13, 5, 14, 3, 0, 4, 0, 1, 1, 0, 1, 1, 1, 0, 1, 1, 0, 1, 1, 0, 1, 0]
Fitness: 1226.593989 	[5, 14, 1, 7, 10, 15, 9, 8, 0, 13, 0, 6, 4, 11, 0, 2, 3, 12, 0, 1, 1, 0, 0, 1, 1, 1, 1, 1, 0, 1, 0, 1, 1, 0]
Fitness: 1330.445406 	[4, 0, 13, 2, 7, 8, 9, 10, 11, 15, 0, 6, 5, 12, 0, 1, 3, 14, 0, 1, 0, 1, 1, 1, 1, 0, 0, 1, 1, 1, 0, 1, 1, 0]
Fitness: 1169.819260 	[8, 2, 9, 7, 3, 10, 0, 13, 6, 4, 11, 0, 12, 0, 15, 1, 5, 14, 0, 0, 1, 1, 0, 1, 1, 1, 1, 1, 0, 1, 0, 1, 1, 0]
Fitness: 1169.819260 	[2, 15, 1, 5, 14, 0, 12, 0, 13, 6, 4, 11, 0, 8, 9, 7, 3, 10, 0, 0, 1, 1, 0, 1, 1, 1, 1, 1, 0, 0, 1, 1, 1, 0]
Fitness: 1377.538070 	[13, 0, 15, 7, 8, 5, 6, 9, 10, 0, 14, 2, 3, 11, 0, 1, 12, 4, 0, 1, 1, 0, 1, 1, 1, 0, 1, 0, 1, 0, 1, 1, 1, 0]
Fitness: 1226.593989 	[13, 0, 5, 14, 1, 7, 10, 15, 9, 8, 0, 2, 3, 12, 0, 6, 4, 11, 0, 1, 1, 0, 0, 1, 1, 1, 1, 1, 0, 1, 0, 1, 1, 0]
Fitness: 1337.326123 	[15, 2, 12, 0, 7, 8, 5, 13, 14, 10, 0, 6, 11, 3, 1, 9, 0, 4, 0, 1, 1, 0, 1, 0, 1, 0, 1, 1, 1, 1, 1, 0, 1, 0]
Fitness: 1260.267658 	[2, 13, 0, 6, 12, 7, 0, 4, 0, 9, 10, 1, 11, 3, 5, 15, 14, 8, 0, 0, 1, 1, 0, 1, 1, 1, 1, 0, 1, 1, 1, 1, 0, 0]
Fitness: 1169.819260 	[15, 1, 5, 14, 0, 12, 0, 13, 6, 4, 11, 0, 8, 2, 9, 7, 3, 10, 0, 1, 0, 1, 0, 1, 1, 0, 1, 1, 0, 1, 1, 1, 1, 0]
Fitness: 1247.169469 	[14, 6, 9, 11, 3, 8, 15, 0, 1, 5, 12, 0, 7, 10, 4, 0, 13, 2, 0, 0, 1, 0, 1, 1, 1, 1, 1, 0, 1, 1, 1, 0, 1, 0]
Fitness: 1184.012293 	[15, 4, 0, 12, 0, 10, 6, 8, 5, 2, 7, 0, 14, 11, 13, 3, 1, 9, 0, 1, 0, 0, 1, 1, 0, 1, 1, 1, 1, 0, 1, 1, 1, 0]
Fitness: 1181.363424 	[2, 8, 3, 5, 11, 6, 0, 12, 7, 14, 1, 0, 10, 4, 15, 9, 0, 13, 0, 0, 0, 1, 1, 1, 1, 0, 1, 1, 0, 1, 1, 1, 1, 0]
Fitness: 1182.223680 	[7, 10, 4, 0, 13, 14, 6, 9, 11, 3, 8, 15, 0, 1, 5, 12, 0, 2, 0, 0, 1, 0, 1, 0, 1, 1, 1, 0, 1, 1, 1, 1, 1, 0]
Fitness: 1198.735323 	[7, 2, 12, 0, 10, 3, 4, 0, 13, 14, 11, 8, 15, 1, 9, 5, 0, 6, 0, 0, 1, 1, 1, 0, 1, 1, 1, 0, 1, 1, 1, 0, 1, 0]
Fitness: 1227.755849 	[1, 12, 4, 0, 7, 8, 5, 6, 9, 10, 0, 14, 2, 3, 11, 0, 13, 15, 0, 0, 1, 1, 1, 0, 1, 0, 1, 1, 1, 0, 1, 1, 1, 0]
Fitness: 1244.201875 	[15, 13, 0, 6, 12, 0, 5, 14, 11, 0, 4, 1, 8, 2, 9, 7, 3, 10, 0, 0, 1, 1, 0, 0, 1, 1, 1, 1, 1, 1, 0, 1, 1, 0]
Fitness: 1337.326123 	[8, 4, 0, 7, 5, 13, 14, 10, 0, 15, 2, 12, 0, 6, 11, 3, 1, 9, 0, 1, 0, 0, 1, 0, 1, 1, 1, 1, 1, 1, 1, 0, 1, 0]
Fitness: 1177.081417 	[6, 4, 11, 0, 13, 0, 5, 14, 1, 7, 10, 15, 9, 8, 0, 2, 3, 12, 0, 1, 1, 0, 0, 1, 1, 1, 1, 1, 0, 1, 0, 1, 1, 0]
Fitness: 1177.081417 	[5, 14, 1, 7, 10, 15, 9, 8, 0, 13, 0, 2, 3, 12, 0, 6, 4, 11, 0, 1, 1, 0, 0, 1, 1, 1, 1, 1, 0, 1, 0, 1, 1, 0]
Fitness: 1210.072058 	[2, 8, 3, 5, 11, 6, 0, 4, 15, 9, 0, 12, 10, 7, 14, 1, 0, 13, 0, 1, 0, 1, 0, 1, 1, 0, 1, 1, 0, 1, 1, 1, 1, 0]
Fitness: 1166.557601 	[4, 13, 7, 5, 15, 0, 8, 10, 3, 9, 11, 0, 14, 1, 0, 6, 2, 12, 0, 1, 0, 1, 0, 1, 0, 1, 1, 1, 1, 1, 1, 0, 1, 0]
Fitness: 1177.081417 	[5, 14, 1, 10, 15, 9, 8, 0, 7, 13, 0, 2, 3, 12, 0, 6, 4, 11, 0, 1, 1, 0, 0, 0, 1, 1, 1, 1, 0, 1, 1, 1, 1, 0]
Fitness: 1262.192867 	[3, 10, 8, 1, 9, 0, 6, 4, 11, 0, 7, 2, 12, 0, 15, 13, 5, 14, 0, 1, 1, 0, 0, 1, 1, 1, 0, 1, 0, 1, 1, 1, 1, 0]
Fitness: 1169.819260 	[15, 1, 5, 14, 0, 12, 8, 2, 0, 13, 6, 4, 11, 0, 9, 7, 3, 10, 0, 1, 1, 1, 0, 1, 1, 1, 1, 1, 0, 0, 0, 1, 1, 0]
Fitness: 1260.426687 	[1, 3, 14, 0, 4, 0, 13, 2, 7, 8, 9, 10, 11, 15, 0, 6, 5, 12, 0, 1, 0, 1, 1, 1, 1, 0, 0, 1, 1, 1, 0, 1, 1, 0]
Fitness: 1184.779456 	[2, 5, 3, 0, 4, 11, 15, 0, 12, 14, 1, 7, 10, 6, 9, 8, 0, 13, 0, 1, 0, 0, 1, 1, 1, 1, 0, 1, 1, 0, 1, 1, 1, 0]
Fitness: 1293.401346 	[6, 12, 0, 13, 1, 8, 2, 9, 7, 3, 10, 0, 4, 11, 0, 15, 5, 14, 0, 1, 1, 1, 1, 0, 1, 1, 1, 1, 0, 1, 0, 1, 0, 0]
Time: 0.44137