Fitness: 1618.953794 	[12, 6, 1, 0, 2, 13, 0, 4, 0, 3, 5, 7, 8, 9, 10, 11, 14, 15, 0, 1, 0, 1, 1, 0, 1, 1, 1, 0, 1, 1, 1, 0, 1, 0]
Fitness: 1618.953794 	[12, 6, 1, 0, 2, 13, 0, 4, 0, 3, 5, 7, 8, 9, 10, 11, 14, 15, 0, 1, 0, 1, 1, 0, 1, 1, 1, 0, 1, 1, 1, 0, 1, 0]
Fitness: 1618.953794 	[12, 6, 1, 0, 2, 13, 0, 4, 0, 3, 5, 7, 8, 9, 10, 11, 14, 15, 0, 1, 0, 1, 1, 0, 1, 1, 1, 0, 1, 1, 1, 0, 1, 0]
Fitness: 1618.953794 	[12, 6, 1, 0, 2, 13, 0, 4, 0, 3, 5, 7, 8, 9, 10, 11, 14, 15, 0, 1, 0, 1, 1, 0, 1, 1, 1, 0, 1, 1, 1, 0, 1, 0]
Fitness: 1618.953794 	[12, 6, 1, 0, 2, 13, 0, 4, 0, 3, 5, 7, 8, 9, 10, 11, 14, 15, 0, 1, 0, 1, 1, 0, 1, 1, 1, 0, 1, 1, 1, 0, 1, 0]
Fitness: 1618.953794 	[12, 6, 1, 0, 2, 13, 0, 4, 0, 3, 5, 7, 8, 9, 10, 11, 14, 15, 0, 1, 0, 1, 1, 0, 1, 1, 1, 0, 1, 1, 1, 0, 1, 0]
Fitness: 1618.953794 	[12, 6, 1, 0, 2, 13, 0, 4, 0, 3, 5, 7, 8, 9, 10, 11, 14, 15, 0, 1, 0, 1, 1, 0, 1, 1, 1, 0, 1, 1, 1, 0, 1, 0]
Fitness: 1618.953794 	[12, 6, 1, 0, 2, 13, 0, 4, 0, 3, 5, 7, 8, 9, 10, 11, 14, 15, 0, 1, 0, 1, 1, 0, 1, 1, 1, 0, 1, 1, 1, 0, 1, 0]
Fitness: 1618.953794 	[12, 6, 1, 0, 2, 13, 0, 4, 0, 3, 5, 7, 8, 9, 10, 11, 14, 15, 0, 1, 0, 1, 1, 0, 1, 1, 1, 0, 1, 1, 1, 0, 1, 0]
Fitness: 1618.953794 	[12, 6, 1, 0, 2, 13, 0, 4, 0, 3, 5, 7, 8, 9, 10, 11, 14, 15, 0, 1, 0, 1, 1, 0, 1, 1, 1, 0, 1, 1, 1, 0, 1, 0]
Fitness: 1618.953794 	[12, 6, 1, 0, 2, 13, 0, 4, 0, 3, 5, 7, 8, 9, 10, 11, 14, 15, 0, 1, 0, 1, 1, 0, 1, 1, 1, 0, 1, 1, 1, 0, 1, 0]
Fitness: 1618.953794 	[12, 6, 1, 0, 4, 0, 2, 13, 0, 3, 5, 7, 8, 9, 10, 11, 14, 15, 0, 1, 0, 1, 1, 0, 1, 1, 1, 0, 1, 1, 1, 0, 1, 0]
Fitness: 1618.953794 	[12, 6, 1, 0, 2, 13, 0, 4, 0, 3, 5, 7, 8, 9, 10, 11, 14, 15, 0, 1, 0, 1, 1, 0, 1, 1, 1, 0, 1, 1, 1, 0, 1, 0]
Fitness: 1618.953794 	[12, 6, 1, 0, 2, 13, 0, 4, 0, 3, 5, 7, 8, 9, 10, 11, 14, 15, 0, 1, 0, 1, 1, 0, 1, 1, 1, 0, 1, 1, 1, 0, 1, 0]
Fitness: 1618.953794 	[12, 6, 1, 0, 2, 13, 0, 4, 0, 3, 5, 7, 8, 9, 10, 11, 14, 15, 0, 1, 0, 1, 1, 0, 1, 1, 1, 0, 1, 1, 1, 0, 1, 0]
Fitness: 1618.953794 	[12, 6, 1, 0, 2, 13, 0, 4, 0, 3, 5, 7, 8, 9, 10, 11, 14, 15, 0, 1, 0, 1, 1, 0, 1, 1, 1, 0, 1, 1, 1, 0, 1, 0]
Fitness: 1618.953794 	[12, 6, 1, 0, 2, 13, 0, 4, 0, 3, 5, 7, 8, 9, 10, 11, 14, 15, 0, 1, 0, 1, 1, 0, 1, 1, 1, 0, 1, 1, 1, 0, 1, 0]
Fitness: 1618.953794 	[12, 6, 1, 0, 2, 13, 0, 4, 0, 3, 5, 7, 8, 9, 10, 11, 14, 15, 0, 1, 0, 1, 1, 0, 1, 1, 1, 0, 1, 1, 1, 0, 1, 0]
Fitness: 1618.953794 	[12, 6, 1, 0, 2, 13, 0, 4, 0, 3, 5, 7, 8, 9, 10, 11, 14, 15, 0, 1, 0, 1, 1, 0, 1, 1, 1, 0, 1, 1, 1, 0, 1, 0]
Fitness: 1618.953794 	[12, 6, 1, 0, 2, 13, 0, 4, 0, 3, 5, 7, 8, 9, 10, 11, 14, 15, 0, 1, 0, 1, 1, 0, 1, 1, 1, 0, 1, 1, 1, 0, 1, 0]
Fitness: 1618.953794 	[12, 6, 1, 0, 2, 13, 0, 4, 0, 3, 5, 7, 8, 9, 10, 11, 14, 15, 0, 1, 0, 1, 1, 0, 1, 1, 1, 0, 1, 1, 1, 0, 1, 0]
Fitness: 1618.953794 	[12, 6, 1, 0, 2, 13, 0, 4, 0, 3, 5, 7, 8, 9, 10, 11, 14, 15, 0, 1, 0, 1, 1, 0, 1, 1, 1, 0, 1, 1, 1, 0, 1, 0]
Fitness: 1618.953794 	[12, 6, 1, 0, 2, 13, 0, 4, 0, 3, 5, 7, 8, 9, 10, 11, 14, 15, 0, 1, 0, 1, 1, 0, 1, 1, 1, 0, 1, 1, 1, 0, 1, 0]
Fitness: 1618.953794 	[12, 6, 1, 0, 2, 13, 0, 4, 0, 3, 5, 7, 8, 9, 10, 11, 14, 15, 0, 1, 0, 1, 1, 0, 1, 1, 1, 0, 1, 1, 1, 0, 1, 0]
Fitness: 1618.953794 	[12, 6, 1, 0, 2, 13, 0, 4, 0, 3, 5, 7, 8, 9, 10, 11, 14, 15, 0, 1, 0, 1, 1, 0, 1, 1, 1, 0, 1, 1, 1, 0, 1, 0]
Fitness: 1618.953794 	[12, 6, 1, 0, 2, 13, 0, 4, 0, 3, 5, 7, 8, 9, 10, 11, 14, 15, 0, 1, 0, 1, 1, 0, 1, 1, 1, 0, 1, 1, 1, 0, 1, 0]
Fitness: 1618.953794 	[12, 6, 1, 0, 2, 13, 0, 4, 0, 3, 5, 7, 8, 9, 10, 11, 14, 15, 0, 1, 0, 1, 1, 0, 1, 1, 1, 0, 1, 1, 1, 0, 1, 0]
Fitness: 1618.953794 	[12, 6, 1, 0, 2, 13, 0, 4, 0, 3, 5, 7, 8, 9, 10, 11, 14, 15, 0, 1, 0, 1, 1, 0, 1, 1, 1, 0, 1, 1, 1, 0, 1, 0]
Fitness: 1618.953794 	[12, 6, 1, 0, 4, 0, 2, 13, 0, 3, 5, 7, 8, 9, 10, 11, 14, 15, 0, 1, 0, 1, 1, 0, 1, 1, 1, 0, 1, 1, 1, 0, 1, 0]
Fitness: 1618.953794 	[12, 6, 1, 0, 2, 13, 0, 4, 0, 3, 5, 7, 8, 9, 10, 11, 14, 15, 0, 1, 0, 1, 1, 0, 1, 1, 1, 0, 1, 1, 1, 0, 1, 0]
Fitness: 1618.953794 	[12, 6, 1, 0, 2, 13, 0, 4, 0, 3, 5, 7, 8, 9, 10, 11, 14, 15, 0, 1, 0, 1, 1, 0, 1, 1, 1, 0, 1, 1, 1, 0, 1, 0]
Fitness: 1618.953794 	[12, 6, 1, 0, 4, 0, 2, 13, 0, 3, 5, 7, 8, 9, 10, 11, 14, 15, 0, 1, 0, 1, 1, 0, 1, 1, 1, 0, 1, 1, 1, 0, 1, 0]
Fitness: 1618.953794 	[12, 6, 1, 0, 2, 13, 0, 4, 0, 3, 5, 7, 8, 9, 10, 11, 14, 15, 0, 1, 0, 1, 1, 0, 1, 1, 1, 0, 1, 1, 1, 0, 1, 0]
Fitness: 1618.953794 	[12, 6, 1, 0, 2, 13, 0, 4, 0, 3, 5, 7, 8, 9, 10, 11, 14, 15, 0, 1, 0, 1, 1, 0, 1, 1, 1, 0, 1, 1, 1, 0, 1, 0]
Fitness: 1618.953794 	[12, 6, 1, 0, 2, 13, 0, 4, 0, 3, 5, 7, 8, 9, 10, 11, 14, 15, 0, 1, 0, 1, 1, 0, 1, 1, 1, 0, 1, 1, 1, 0, 1, 0]
Fitness: 1618.953794 	[12, 6, 1, 0, 2, 13, 0, 4, 0, 3, 5, 7, 8, 9, 10, 11, 14, 15, 0, 1, 0, 1, 1, 0, 1, 1, 1, 0, 1, 1, 1, 0, 1, 0]
Fitness: 1618.953794 	[12, 6, 1, 0, 2, 13, 0, 4, 0, 3, 5, 7, 8, 9, 10, 11, 14, 15, 0, 1, 0, 1, 1, 0, 1, 1, 1, 0, 1, 1, 1, 0, 1, 0]
Fitness: 1618.953794 	[12, 6, 1, 0, 2, 13, 0, 4, 0, 3, 5, 7, 8, 9, 10, 11, 14, 15, 0, 1, 0, 1, 1, 0, 1, 1, 1, 0, 1, 1, 1, 0, 1, 0]
Fitness: 1618.953794 	[12, 6, 1, 0, 2, 13, 0, 4, 0, 3, 5, 7, 8, 9, 10, 11, 14, 15, 0, 1, 0, 1, 1, 0, 1, 1, 1, 0, 1, 1, 1, 0, 1, 0]
Fitness: 1618.953794 	[12, 6, 1, 0, 2, 13, 0, 4, 0, 3, 5, 7, 8, 9, 10, 11, 14, 15, 0, 1, 0, 1, 1, 0, 1, 1, 1, 0, 1, 1, 1, 0, 1, 0]
Fitness: 1618.953794 	[12, 6, 1, 0, 2, 13, 0, 4, 0, 3, 5, 7, 8, 9, 10, 11, 14, 15, 0, 1, 0, 1, 1, 0, 1, 1, 1, 0, 1, 1, 1, 0, 1, 0]
Fitness: 1618.953794 	[12, 6, 1, 0, 2, 13, 0, 4, 0, 3, 5, 7, 8, 9, 10, 11, 14, 15, 0, 1, 0, 1, 1, 0, 1, 1, 1, 0, 1, 1, 1, 0, 1, 0]
Fitness: 1618.953794 	[12, 6, 1, 0, 2, 13, 0, 4, 0, 3, 5, 7, 8, 9, 10, 11, 14, 15, 0, 1, 0, 1, 1, 0, 1, 1, 1, 0, 1, 1, 1, 0, 1, 0]
Fitness: 1618.953794 	[12, 6, 1, 0, 2, 13, 0, 4, 0, 3, 5, 7, 8, 9, 10, 11, 14, 15, 0, 1, 0, 1, 1, 0, 1, 1, 1, 0, 1, 1, 1, 0, 1, 0]
Fitness: 1618.953794 	[12, 6, 1, 0, 2, 13, 0, 4, 0, 3, 5, 7, 8, 9, 10, 11, 14, 15, 0, 1, 0, 1, 1, 0, 1, 1, 1, 0, 1, 1, 1, 0, 1, 0]
Fitness: 1618.953794 	[12, 6, 1, 0, 2, 13, 0, 4, 0, 3, 5, 7, 8, 9, 10, 11, 14, 15, 0, 1, 0, 1, 1, 0, 1, 1, 1, 0, 1, 1, 1, 0, 1, 0]
Fitness: 1618.953794 	[12, 6, 1, 0, 2, 13, 0, 4, 0, 3, 5, 7, 8, 9, 10, 11, 14, 15, 0, 1, 0, 1, 1, 0, 1, 1, 1, 0, 1, 1, 1, 0, 1, 0]
Fitness: 1618.953794 	[12, 6, 1, 0, 2, 13, 0, 4, 0, 3, 5, 7, 8, 9, 10, 11, 14, 15, 0, 1, 0, 1, 1, 0, 1, 1, 1, 0, 1, 1, 1, 0, 1, 0]
Fitness: 1618.953794 	[4, 0, 12, 6, 1, 0, 2, 13, 0, 3, 5, 7, 8, 9, 10, 11, 14, 15, 0, 1, 0, 1, 1, 1, 0, 1, 1, 0, 1, 1, 1, 0, 1, 0]
Fitness: 1618.953794 	[4, 0, 12, 6, 1, 0, 2, 13, 0, 3, 5, 7, 8, 9, 10, 11, 14, 15, 0, 1, 0, 1, 1, 1, 0, 1, 1, 0, 1, 1, 1, 0, 1, 0]
Fitness: 1618.953794 	[12, 6, 1, 0, 4, 0, 2, 13, 0, 3, 5, 7, 8, 9, 10, 11, 14, 15, 0, 1, 0, 1, 1, 0, 1, 1, 1, 0, 1, 1, 1, 0, 1, 0]
Fitness: 1618.953794 	[12, 6, 1, 0, 4, 0, 2, 13, 0, 3, 5, 7, 8, 9, 10, 11, 14, 15, 0, 1, 0, 1, 1, 0, 1, 1, 1, 0, 1, 1, 1, 0, 1, 0]
Fitness: 1618.953794 	[12, 6, 1, 0, 4, 0, 2, 13, 0, 3, 5, 7, 8, 9, 10, 11, 14, 15, 0, 1, 0, 1, 1, 0, 1, 1, 1, 0, 1, 1, 1, 0, 1, 0]
Fitness: 1618.953794 	[12, 6, 1, 0, 2, 13, 0, 4, 0, 3, 5, 7, 8, 9, 10, 11, 14, 15, 0, 1, 0, 1, 1, 0, 1, 1, 1, 0, 1, 1, 1, 0, 1, 0]
Fitness: 1618.953794 	[12, 6, 1, 0, 2, 13, 0, 4, 0, 3, 5, 7, 8, 9, 10, 11, 14, 15, 0, 1, 0, 1, 1, 0, 1, 1, 1, 0, 1, 1, 1, 0, 1, 0]
Fitness: 1618.953794 	[12, 6, 1, 0, 2, 13, 0, 4, 0, 3, 5, 7, 8, 9, 10, 11, 14, 15, 0, 1, 0, 1, 1, 0, 1, 1, 1, 0, 1, 1, 1, 0, 1, 0]
Fitness: 1618.953794 	[12, 6, 1, 0, 2, 13, 0, 4, 0, 3, 5, 7, 8, 9, 10, 11, 14, 15, 0, 1, 0, 1, 1, 0, 1, 1, 1, 0, 1, 1, 1, 0, 1, 0]
Fitness: 1618.953794 	[12, 6, 1, 0, 4, 0, 2, 13, 0, 3, 5, 7, 8, 9, 10, 11, 14, 15, 0, 1, 0, 1, 1, 0, 1, 1, 1, 0, 1, 1, 1, 0, 1, 0]
Fitness: 1618.953794 	[12, 6, 1, 0, 2, 13, 0, 4, 0, 3, 5, 7, 8, 9, 10, 11, 14, 15, 0, 1, 0, 1, 1, 0, 1, 1, 1, 0, 1, 1, 1, 0, 1, 0]
Fitness: 1618.953794 	[12, 6, 1, 0, 2, 13, 0, 4, 0, 3, 5, 7, 8, 9, 10, 11, 14, 15, 0, 1, 0, 1, 1, 0, 1, 1, 1, 0, 1, 1, 1, 0, 1, 0]
Fitness: 1618.953794 	[12, 6, 1, 0, 2, 13, 0, 4, 0, 3, 5, 7, 8, 9, 10, 11, 14, 15, 0, 1, 0, 1, 1, 0, 1, 1, 1, 0, 1, 1, 1, 0, 1, 0]
Fitness: 1618.953794 	[12, 6, 1, 0, 2, 13, 0, 4, 0, 3, 5, 7, 8, 9, 10, 11, 14, 15, 0, 1, 0, 1, 1, 0, 1, 1, 1, 0, 1, 1, 1, 0, 1, 0]
Fitness: 1618.953794 	[12, 6, 1, 0, 4, 0, 2, 13, 0, 3, 5, 7, 8, 9, 10, 11, 14, 15, 0, 1, 0, 1, 1, 0, 1, 1, 1, 0, 1, 1, 1, 0, 1, 0]
Fitness: 1618.953794 	[4, 0, 12, 6, 1, 0, 2, 13, 0, 3, 5, 7, 8, 9, 10, 11, 14, 15, 0, 1, 0, 1, 1, 1, 0, 1, 1, 0, 1, 1, 1, 0, 1, 0]
Fitness: 1618.953794 	[12, 6, 1, 0, 2, 13, 0, 4, 0, 3, 5, 7, 8, 9, 10, 11, 14, 15, 0, 1, 0, 1, 1, 0, 1, 1, 1, 0, 1, 1, 1, 0, 1, 0]
Fitness: 1618.953794 	[12, 6, 1, 0, 2, 13, 0, 4, 0, 3, 5, 7, 8, 9, 10, 11, 14, 15, 0, 1, 0, 1, 1, 0, 1, 1, 1, 0, 1, 1, 1, 0, 1, 0]
Fitness: 1618.953794 	[12, 6, 1, 0, 2, 13, 0, 4, 0, 3, 5, 7, 8, 9, 10, 11, 14, 15, 0, 1, 0, 1, 1, 0, 1, 1, 1, 0, 1, 1, 1, 0, 1, 0]
Fitness: 1618.953794 	[12, 6, 1, 0, 2, 13, 0, 4, 0, 3, 5, 7, 8, 9, 10, 11, 14, 15, 0, 1, 0, 1, 1, 0, 1, 1, 1, 0, 1, 1, 1, 0, 1, 0]
Fitness: 1618.953794 	[12, 6, 1, 0, 2, 13, 0, 4, 0, 3, 5, 7, 8, 9, 10, 11, 14, 15, 0, 1, 0, 1, 1, 0, 1, 1, 1, 0, 1, 1, 1, 0, 1, 0]
Fitness: 1618.953794 	[12, 6, 1, 0, 4, 0, 2, 13, 0, 3, 5, 7, 8, 9, 10, 11, 14, 15, 0, 1, 0, 1, 1, 0, 1, 1, 1, 0, 1, 1, 1, 0, 1, 0]
Fitness: 1618.953794 	[12, 6, 1, 0, 2, 13, 0, 4, 0, 3, 5, 7, 8, 9, 10, 11, 14, 15, 0, 1, 0, 1, 1, 0, 1, 1, 1, 0, 1, 1, 1, 0, 1, 0]
Fitness: 1618.953794 	[12, 6, 1, 0, 2, 13, 0, 4, 0, 3, 5, 7, 8, 9, 10, 11, 14, 15, 0, 1, 0, 1, 1, 0, 1, 1, 1, 0, 1, 1, 1, 0, 1, 0]
Fitness: 1618.953794 	[12, 6, 1, 0, 2, 13, 0, 4, 0, 3, 5, 7, 8, 9, 10, 11, 14, 15, 0, 1, 0, 1, 1, 0, 1, 1, 1, 0, 1, 1, 1, 0, 1, 0]
Fitness: 1618.953794 	[12, 6, 1, 0, 2, 13, 0, 4, 0, 3, 5, 7, 8, 9, 10, 11, 14, 15, 0, 1, 0, 1, 1, 0, 1, 1, 1, 0, 1, 1, 1, 0, 1, 0]
Fitness: 1618.953794 	[12, 6, 1, 0, 4, 0, 2, 13, 0, 3, 5, 7, 8, 9, 10, 11, 14, 15, 0, 1, 0, 1, 1, 0, 1, 1, 1, 0, 1, 1, 1, 0, 1, 0]
Fitness: 1618.953794 	[12, 6, 1, 0, 2, 13, 0, 4, 0, 3, 5, 7, 8, 9, 10, 11, 14, 15, 0, 1, 0, 1, 1, 0, 1, 1, 1, 0, 1, 1, 1, 0, 1, 0]
Fitness: 1618.953794 	[12, 6, 1, 0, 4, 0, 2, 13, 0, 3, 5, 7, 8, 9, 10, 11, 14, 15, 0, 1, 0, 1, 1, 0, 1, 1, 1, 0, 1, 1, 1, 0, 1, 0]
Fitness: 1618.953794 	[12, 6, 1, 0, 2, 13, 0, 4, 0, 3, 5, 7, 8, 9, 10, 11, 14, 15, 0, 1, 0, 1, 1, 0, 1, 1, 1, 0, 1, 1, 1, 0, 1, 0]
Fitness: 1618.953794 	[12, 6, 1, 0, 2, 13, 0, 4, 0, 3, 5, 7, 8, 9, 10, 11, 14, 15, 0, 1, 0, 1, 1, 0, 1, 1, 1, 0, 1, 1, 1, 0, 1, 0]
Fitness: 1618.953794 	[12, 6, 1, 0, 2, 13, 0, 4, 0, 3, 5, 7, 8, 9, 10, 11, 14, 15, 0, 1, 0, 1, 1, 0, 1, 1, 1, 0, 1, 1, 1, 0, 1, 0]
Fitness: 1618.953794 	[12, 6, 1, 0, 2, 13, 0, 4, 0, 3, 5, 7, 8, 9, 10, 11, 14, 15, 0, 1, 0, 1, 1, 0, 1, 1, 1, 0, 1, 1, 1, 0, 1, 0]
Fitness: 1618.953794 	[12, 6, 1, 0, 2, 13, 0, 4, 0, 3, 5, 7, 8, 9, 10, 11, 14, 15, 0, 1, 0, 1, 1, 0, 1, 1, 1, 0, 1, 1, 1, 0, 1, 0]
Fitness: 1618.953794 	[12, 6, 1, 0, 2, 13, 0, 4, 0, 3, 5, 7, 8, 9, 10, 11, 14, 15, 0, 1, 0, 1, 1, 0, 1, 1, 1, 0, 1, 1, 1, 0, 1, 0]
Fitness: 1618.953794 	[12, 6, 1, 0, 2, 13, 0, 4, 0, 3, 5, 7, 8, 9, 10, 11, 14, 15, 0, 1, 0, 1, 1, 0, 1, 1, 1, 0, 1, 1, 1, 0, 1, 0]
Fitness: 1618.953794 	[12, 6, 1, 0, 2, 13, 0, 4, 0, 3, 5, 7, 8, 9, 10, 11, 14, 15, 0, 1, 0, 1, 1, 0, 1, 1, 1, 0, 1, 1, 1, 0, 1, 0]
Fitness: 1618.953794 	[12, 6, 1, 0, 2, 13, 0, 4, 0, 3, 5, 7, 8, 9, 10, 11, 14, 15, 0, 1, 0, 1, 1, 0, 1, 1, 1, 0, 1, 1, 1, 0, 1, 0]
Fitness: 1618.953794 	[12, 6, 1, 0, 2, 13, 0, 4, 0, 3, 5, 7, 8, 9, 10, 11, 14, 15, 0, 1, 0, 1, 1, 0, 1, 1, 1, 0, 1, 1, 1, 0, 1, 0]
Fitness: 1618.953794 	[12, 6, 1, 0, 2, 13, 0, 4, 0, 3, 5, 7, 8, 9, 10, 11, 14, 15, 0, 1, 0, 1, 1, 0, 1, 1, 1, 0, 1, 1, 1, 0, 1, 0]
Fitness: 1618.953794 	[12, 6, 1, 0, 2, 13, 0, 4, 0, 3, 5, 7, 8, 9, 10, 11, 14, 15, 0, 1, 0, 1, 1, 0, 1, 1, 1, 0, 1, 1, 1, 0, 1, 0]
Fitness: 1618.953794 	[12, 6, 1, 0, 2, 13, 0, 4, 0, 3, 5, 7, 8, 9, 10, 11, 14, 15, 0, 1, 0, 1, 1, 0, 1, 1, 1, 0, 1, 1, 1, 0, 1, 0]
Fitness: 1618.953794 	[12, 6, 1, 0, 2, 13, 0, 4, 0, 3, 5, 7, 8, 9, 10, 11, 14, 15, 0, 1, 0, 1, 1, 0, 1, 1, 1, 0, 1, 1, 1, 0, 1, 0]
Fitness: 1618.953794 	[12, 6, 1, 0, 2, 13, 0, 4, 0, 3, 5, 7, 8, 9, 10, 11, 14, 15, 0, 1, 0, 1, 1, 0, 1, 1, 1, 0, 1, 1, 1, 0, 1, 0]
Fitness: 1618.953794 	[12, 6, 1, 0, 2, 13, 0, 4, 0, 3, 5, 7, 8, 9, 10, 11, 14, 15, 0, 1, 0, 1, 1, 0, 1, 1, 1, 0, 1, 1, 1, 0, 1, 0]
Fitness: 1618.953794 	[12, 6, 1, 0, 2, 13, 0, 4, 0, 3, 5, 7, 8, 9, 10, 11, 14, 15, 0, 1, 0, 1, 1, 0, 1, 1, 1, 0, 1, 1, 1, 0, 1, 0]
Fitness: 1618.953794 	[12, 6, 1, 0, 2, 13, 0, 4, 0, 3, 5, 7, 8, 9, 10, 11, 14, 15, 0, 1, 0, 1, 1, 0, 1, 1, 1, 0, 1, 1, 1, 0, 1, 0]
Fitness: 1618.953794 	[12, 6, 1, 0, 2, 13, 0, 4, 0, 3, 5, 7, 8, 9, 10, 11, 14, 15, 0, 1, 0, 1, 1, 0, 1, 1, 1, 0, 1, 1, 1, 0, 1, 0]
Fitness: 1618.953794 	[12, 6, 1, 0, 2, 13, 0, 4, 0, 3, 5, 7, 8, 9, 10, 11, 14, 15, 0, 1, 0, 1, 1, 0, 1, 1, 1, 0, 1, 1, 1, 0, 1, 0]
Fitness: 1618.953794 	[12, 6, 1, 0, 2, 13, 0, 4, 0, 3, 5, 7, 8, 9, 10, 11, 14, 15, 0, 1, 0, 1, 1, 0, 1, 1, 1, 0, 1, 1, 1, 0, 1, 0]
Fitness: 1618.953794 	[12, 6, 1, 0, 2, 13, 0, 4, 0, 3, 5, 7, 8, 9, 10, 11, 14, 15, 0, 1, 0, 1, 1, 0, 1, 1, 1, 0, 1, 1, 1, 0, 1, 0]
Fitness: 1618.953794 	[12, 6, 1, 0, 2, 13, 0, 4, 0, 3, 5, 7, 8, 9, 10, 11, 14, 15, 0, 1, 0, 1, 1, 0, 1, 1, 1, 0, 1, 1, 1, 0, 1, 0]
Fitness: 1618.953794 	[12, 6, 1, 0, 2, 13, 0, 4, 0, 3, 5, 7, 8, 9, 10, 11, 14, 15, 0, 1, 0, 1, 1, 0, 1, 1, 1, 0, 1, 1, 1, 0, 1, 0]
Fitness: 1618.953794 	[12, 6, 1, 0, 2, 13, 0, 4, 0, 3, 5, 7, 8, 9, 10, 11, 14, 15, 0, 1, 0, 1, 1, 0, 1, 1, 1, 0, 1, 1, 1, 0, 1, 0]
Fitness: 1618.953794 	[12, 6, 1, 0, 3, 5, 7, 8, 9, 10, 11, 14, 15, 0, 4, 0, 2, 13, 0, 1, 0, 1, 1, 0, 1, 1, 1, 0, 1, 1, 1, 0, 1, 0]
Fitness: 1618.953794 	[12, 6, 1, 0, 2, 13, 0, 4, 0, 3, 5, 7, 8, 9, 10, 11, 14, 15, 0, 1, 0, 1, 1, 0, 1, 1, 1, 0, 1, 1, 1, 0, 1, 0]
Fitness: 1618.953794 	[12, 6, 1, 0, 2, 13, 0, 4, 0, 3, 5, 7, 8, 9, 10, 11, 14, 15, 0, 1, 0, 1, 1, 0, 1, 1, 1, 0, 1, 1, 1, 0, 1, 0]
Fitness: 1618.953794 	[2, 13, 0, 12, 6, 1, 0, 4, 0, 3, 5, 7, 8, 9, 10, 11, 14, 15, 0, 1, 0, 1, 1, 0, 1, 1, 1, 0, 1, 1, 1, 0, 1, 0]
Fitness: 1618.953794 	[12, 6, 1, 0, 2, 13, 0, 4, 0, 3, 5, 7, 8, 9, 10, 11, 14, 15, 0, 1, 0, 1, 1, 0, 1, 1, 1, 0, 1, 1, 1, 0, 1, 0]
Fitness: 1618.953794 	[12, 6, 1, 0, 2, 13, 0, 4, 0, 3, 5, 7, 8, 9, 10, 11, 14, 15, 0, 1, 0, 1, 1, 0, 1, 1, 1, 0, 1, 1, 1, 0, 1, 0]
Fitness: 1618.953794 	[2, 13, 0, 3, 5, 7, 8, 9, 10, 11, 14, 15, 0, 4, 0, 1, 12, 6, 0, 1, 0, 1, 1, 0, 1, 1, 1, 0, 1, 1, 1, 0, 1, 0]
Fitness: 1618.953794 	[12, 6, 1, 0, 2, 13, 0, 4, 0, 3, 5, 7, 8, 9, 10, 11, 14, 15, 0, 1, 0, 1, 1, 0, 1, 1, 1, 0, 1, 1, 1, 0, 1, 0]
Fitness: 1618.953794 	[12, 6, 1, 0, 2, 13, 0, 4, 0, 3, 5, 7, 8, 9, 10, 11, 14, 15, 0, 1, 0, 1, 1, 0, 1, 1, 1, 0, 1, 1, 1, 0, 1, 0]
Fitness: 1618.953794 	[4, 0, 2, 13, 0, 3, 5, 7, 8, 9, 10, 11, 14, 15, 0, 12, 6, 1, 0, 1, 0, 1, 1, 0, 1, 1, 1, 0, 1, 1, 1, 0, 1, 0]
Fitness: 1618.953794 	[12, 6, 1, 0, 2, 13, 0, 4, 0, 3, 5, 7, 8, 9, 10, 11, 14, 15, 0, 1, 0, 1, 1, 0, 1, 1, 1, 0, 1, 1, 1, 0, 1, 0]
Fitness: 1618.953794 	[12, 6, 1, 0, 2, 13, 0, 4, 0, 3, 5, 7, 8, 9, 10, 11, 14, 15, 0, 1, 0, 1, 1, 0, 1, 1, 1, 0, 1, 1, 1, 0, 1, 0]
Fitness: 1618.953794 	[2, 4, 13, 0, 3, 5, 7, 8, 0, 12, 6, 1, 0, 9, 10, 11, 14, 15, 0, 1, 0, 1, 1, 0, 1, 1, 1, 0, 1, 1, 1, 0, 1, 0]
Fitness: 1618.953794 	[12, 6, 1, 0, 2, 13, 0, 4, 0, 3, 5, 7, 8, 9, 10, 11, 14, 15, 0, 1, 0, 1, 1, 0, 1, 1, 1, 0, 1, 1, 1, 0, 1, 0]
Fitness: 1618.953794 	[12, 6, 1, 0, 2, 13, 0, 4, 0, 3, 5, 7, 8, 9, 10, 11, 14, 15, 0, 1, 0, 1, 1, 0, 1, 1, 1, 0, 1, 1, 1, 0, 1, 0]
Fitness: 1618.953794 	[3, 4, 5, 0, 7, 8, 0, 2, 13, 0, 12, 6, 1, 9, 10, 11, 14, 15, 0, 1, 0, 1, 1, 0, 1, 1, 1, 0, 1, 1, 1, 0, 1, 0]
Fitness: 1618.953794 	[12, 6, 1, 0, 2, 13, 0, 4, 0, 3, 5, 7, 8, 9, 10, 11, 14, 15, 0, 1, 0, 1, 1, 0, 1, 1, 1, 0, 1, 1, 1, 0, 1, 0]
Fitness: 1618.953794 	[12, 6, 1, 0, 2, 13, 0, 4, 0, 3, 5, 7, 8, 9, 10, 11, 14, 15, 0, 1, 0, 1, 1, 0, 1, 1, 1, 0, 1, 1, 1, 0, 1, 0]
Fitness: 1618.953794 	[12, 6, 1, 0, 3, 5, 7, 8, 9, 10, 11, 14, 15, 0, 2, 13, 0, 4, 0, 1, 0, 1, 1, 0, 1, 1, 1, 0, 1, 1, 1, 0, 1, 0]
Fitness: 1618.953794 	[12, 6, 1, 0, 2, 13, 0, 4, 0, 3, 5, 7, 8, 9, 10, 11, 14, 15, 0, 1, 0, 1, 1, 0, 1, 1, 1, 0, 1, 1, 1, 0, 1, 0]
Fitness: 1618.953794 	[12, 6, 1, 0, 2, 13, 0, 4, 0, 3, 5, 7, 8, 9, 10, 11, 14, 15, 0, 1, 0, 1, 1, 0, 1, 1, 1, 0, 1, 1, 1, 0, 1, 0]
Fitness: 1618.953794 	[12, 6, 1, 0, 4, 0, 3, 5, 7, 8, 9, 10, 11, 14, 15, 0, 2, 13, 0, 1, 0, 1, 1, 0, 1, 1, 1, 0, 1, 1, 1, 0, 1, 0]
Fitness: 1618.953794 	[12, 6, 1, 0, 2, 13, 0, 4, 0, 3, 5, 7, 8, 9, 10, 11, 14, 15, 0, 1, 0, 1, 1, 0, 1, 1, 1, 0, 1, 1, 1, 0, 1, 0]
Fitness: 1618.953794 	[12, 6, 1, 0, 2, 13, 0, 4, 0, 3, 5, 7, 8, 9, 10, 11, 14, 15, 0, 1, 0, 1, 1, 0, 1, 1, 1, 0, 1, 1, 1, 0, 1, 0]
Fitness: 1618.953794 	[12, 6, 1, 0, 4, 0, 3, 5, 7, 8, 9, 10, 11, 14, 15, 0, 2, 13, 0, 1, 0, 1, 1, 0, 1, 1, 1, 0, 1, 1, 1, 0, 1, 0]
Fitness: 1618.953794 	[12, 6, 1, 0, 2, 13, 0, 4, 0, 3, 5, 7, 8, 9, 10, 11, 14, 15, 0, 1, 0, 1, 1, 0, 1, 1, 1, 0, 1, 1, 1, 0, 1, 0]
Fitness: 1618.953794 	[12, 6, 1, 0, 2, 13, 0, 4, 0, 3, 5, 7, 8, 9, 10, 11, 14, 15, 0, 1, 0, 1, 1, 0, 1, 1, 1, 0, 1, 1, 1, 0, 1, 0]
Fitness: 1618.953794 	[3, 5, 7, 8, 9, 10, 11, 14, 15, 0, 2, 13, 0, 4, 0, 1, 12, 6, 0, 1, 0, 1, 1, 0, 1, 1, 1, 0, 1, 1, 1, 0, 1, 0]
Fitness: 1618.953794 	[12, 6, 1, 0, 2, 13, 0, 4, 0, 3, 5, 7, 8, 9, 10, 11, 14, 15, 0, 1, 0, 1, 1, 0, 1, 1, 1, 0, 1, 1, 1, 0, 1, 0]
Fitness: 1618.953794 	[12, 6, 1, 0, 2, 13, 0, 4, 0, 3, 5, 7, 8, 9, 10, 11, 14, 15, 0, 1, 0, 1, 1, 0, 1, 1, 1, 0, 1, 1, 1, 0, 1, 0]
Fitness: 1618.953794 	[12, 6, 1, 0, 4, 0, 2, 13, 0, 3, 5, 7, 8, 9, 10, 11, 14, 15, 0, 1, 0, 1, 1, 0, 1, 1, 1, 0, 1, 1, 1, 0, 1, 0]
Fitness: 1618.953794 	[12, 6, 1, 0, 2, 13, 0, 4, 0, 3, 5, 7, 8, 9, 10, 11, 14, 15, 0, 1, 0, 1, 1, 0, 1, 1, 1, 0, 1, 1, 1, 0, 1, 0]
Fitness: 1618.953794 	[12, 6, 1, 0, 2, 13, 0, 4, 0, 3, 5, 7, 8, 9, 10, 11, 14, 15, 0, 1, 0, 1, 1, 0, 1, 1, 1, 0, 1, 1, 1, 0, 1, 0]
Fitness: 1618.953794 	[12, 6, 1, 0, 2, 13, 0, 4, 0, 3, 5, 7, 8, 9, 10, 11, 14, 15, 0, 1, 0, 1, 1, 0, 1, 1, 1, 0, 1, 1, 1, 0, 1, 0]
Fitness: 1618.953794 	[12, 6, 1, 0, 4, 0, 2, 13, 0, 3, 5, 7, 8, 9, 10, 11, 14, 15, 0, 1, 0, 1, 1, 0, 1, 1, 1, 0, 1, 1, 1, 0, 1, 0]
Fitness: 1618.953794 	[12, 6, 1, 0, 4, 0, 2, 13, 0, 3, 5, 7, 8, 9, 10, 11, 14, 15, 0, 1, 0, 1, 1, 0, 1, 1, 1, 0, 1, 1, 1, 0, 1, 0]
Fitness: 1618.953794 	[2, 13, 0, 4, 0, 12, 6, 1, 0, 3, 5, 7, 8, 9, 10, 11, 14, 15, 0, 1, 0, 1, 1, 0, 1, 1, 1, 0, 1, 1, 1, 0, 1, 0]
Fitness: 1618.953794 	[12, 6, 1, 0, 2, 13, 0, 4, 0, 3, 5, 7, 8, 9, 10, 11, 14, 15, 0, 1, 0, 1, 1, 0, 1, 1, 1, 0, 1, 1, 1, 0, 1, 0]
Fitness: 1618.953794 	[12, 6, 1, 0, 2, 13, 0, 4, 0, 3, 5, 7, 8, 9, 10, 11, 14, 15, 0, 1, 0, 1, 1, 0, 1, 1, 1, 0, 1, 1, 1, 0, 1, 0]
Fitness: 1618.953794 	[12, 6, 1, 0, 4, 0, 2, 13, 0, 3, 5, 7, 8, 9, 10, 11, 14, 15, 0, 1, 0, 1, 1, 0, 1, 1, 1, 0, 1, 1, 1, 0, 1, 0]
Fitness: 1618.953794 	[12, 6, 1, 0, 2, 13, 0, 4, 0, 3, 5, 7, 8, 9, 10, 11, 14, 15, 0, 1, 0, 1, 1, 0, 1, 1, 1, 0, 1, 1, 1, 0, 1, 0]
Fitness: 1618.953794 	[12, 6, 1, 0, 2, 13, 0, 4, 0, 3, 5, 7, 8, 9, 10, 11, 14, 15, 0, 1, 0, 1, 1, 0, 1, 1, 1, 0, 1, 1, 1, 0, 1, 0]
Fitness: 1618.953794 	[3, 5, 7, 0, 2, 13, 0, 4, 0, 12, 6, 1, 8, 9, 10, 11, 14, 15, 0, 1, 0, 1, 1, 0, 1, 1, 1, 0, 1, 1, 1, 0, 1, 0]
Fitness: 1618.953794 	[12, 6, 1, 0, 4, 0, 2, 13, 0, 3, 5, 7, 8, 9, 10, 11, 14, 15, 0, 1, 0, 1, 1, 1, 0, 1, 1, 0, 1, 1, 1, 0, 1, 0]
Fitness: 1618.953794 	[4, 0, 12, 6, 1, 0, 2, 13, 0, 3, 5, 7, 8, 9, 10, 11, 14, 15, 0, 1, 0, 1, 1, 1, 0, 1, 1, 0, 1, 1, 1, 0, 1, 0]
Fitness: 1618.953794 	[12, 6, 1, 0, 4, 0, 2, 13, 0, 3, 5, 7, 8, 9, 10, 11, 14, 15, 0, 1, 0, 1, 1, 0, 1, 1, 1, 0, 1, 1, 1, 0, 1, 0]
Fitness: 1618.953794 	[12, 6, 1, 0, 2, 13, 0, 4, 0, 3, 5, 7, 8, 9, 10, 11, 14, 15, 0, 1, 0, 1, 1, 0, 1, 1, 1, 0, 1, 1, 1, 0, 1, 0]
Fitness: 1618.953794 	[12, 6, 1, 0, 2, 13, 0, 4, 0, 3, 5, 7, 8, 9, 10, 11, 14, 15, 0, 1, 0, 1, 1, 0, 1, 1, 1, 0, 1, 1, 1, 0, 1, 0]
Fitness: 1618.953794 	[12, 6, 1, 0, 4, 0, 2, 13, 0, 3, 5, 7, 8, 9, 10, 11, 14, 15, 0, 1, 0, 1, 1, 0, 1, 1, 1, 0, 1, 1, 1, 0, 1, 0]
Fitness: 1618.953794 	[12, 6, 1, 0, 2, 13, 0, 4, 0, 3, 5, 7, 8, 9, 10, 11, 14, 15, 0, 1, 0, 1, 1, 0, 1, 1, 1, 0, 1, 1, 1, 0, 1, 0]
Fitness: 1618.953794 	[12, 6, 1, 0, 2, 13, 0, 4, 0, 3, 5, 7, 8, 9, 10, 11, 14, 15, 0, 1, 0, 1, 1, 0, 1, 1, 1, 0, 1, 1, 1, 0, 1, 0]
Fitness: 1618.953794 	[12, 6, 1, 0, 4, 0, 3, 5, 7, 8, 9, 10, 11, 14, 15, 0, 2, 13, 0, 1, 0, 1, 1, 0, 1, 1, 1, 0, 1, 1, 1, 0, 1, 0]
Fitness: 1618.953794 	[12, 6, 1, 0, 2, 13, 0, 4, 0, 3, 5, 7, 8, 9, 10, 11, 14, 15, 0, 1, 0, 1, 1, 0, 1, 1, 1, 0, 1, 1, 1, 0, 1, 0]
Fitness: 1618.953794 	[12, 6, 1, 0, 2, 13, 0, 4, 0, 3, 5, 7, 8, 9, 10, 11, 14, 15, 0, 1, 0, 1, 1, 0, 1, 1, 1, 0, 1, 1, 1, 0, 1, 0]
Fitness: 1618.953794 	[12, 6, 1, 0, 4, 0, 2, 0, 3, 5, 7, 8, 9, 10, 11, 14, 15, 13, 0, 1, 0, 1, 1, 0, 1, 1, 1, 0, 1, 1, 1, 0, 1, 0]
Fitness: 1618.953794 	[4, 0, 12, 6, 1, 0, 2, 13, 0, 3, 5, 7, 8, 9, 10, 11, 14, 15, 0, 1, 0, 1, 1, 0, 1, 1, 1, 0, 1, 1, 1, 0, 1, 0]
Fitness: 1618.953794 	[12, 6, 1, 0, 2, 13, 0, 4, 0, 3, 5, 7, 8, 9, 10, 11, 14, 15, 0, 1, 0, 1, 1, 0, 1, 1, 1, 0, 1, 1, 1, 0, 1, 0]
Fitness: 1618.953794 	[2, 13, 0, 12, 6, 1, 0, 4, 0, 3, 5, 7, 8, 9, 10, 11, 14, 15, 0, 1, 0, 1, 1, 1, 0, 1, 1, 0, 1, 1, 1, 0, 1, 0]
Fitness: 1618.953794 	[12, 6, 1, 0, 2, 13, 0, 4, 0, 3, 5, 7, 8, 9, 10, 11, 14, 15, 0, 1, 0, 1, 1, 0, 1, 1, 1, 0, 1, 1, 1, 0, 1, 0]
Fitness: 1618.953794 	[12, 6, 1, 0, 2, 13, 0, 4, 0, 3, 5, 7, 8, 9, 10, 11, 14, 15, 0, 1, 0, 1, 1, 0, 1, 1, 1, 0, 1, 1, 1, 0, 1, 0]
Fitness: 1618.953794 	[12, 6, 1, 0, 3, 5, 0, 2, 13, 0, 4, 7, 8, 9, 10, 11, 14, 15, 0, 1, 0, 1, 1, 0, 1, 1, 1, 0, 1, 1, 1, 0, 1, 0]
Fitness: 1618.953794 	[12, 6, 1, 0, 2, 13, 0, 4, 0, 3, 5, 7, 8, 9, 10, 11, 14, 15, 0, 1, 0, 1, 1, 0, 1, 1, 1, 0, 1, 1, 1, 0, 1, 0]
Fitness: 1618.953794 	[12, 6, 1, 0, 2, 13, 0, 4, 0, 3, 5, 7, 8, 9, 10, 11, 14, 15, 0, 1, 0, 1, 1, 0, 1, 1, 1, 0, 1, 1, 1, 0, 1, 0]
Fitness: 1618.953794 	[3, 5, 7, 8, 9, 10, 11, 14, 15, 0, 12, 6, 1, 0, 4, 0, 2, 13, 0, 1, 0, 1, 1, 0, 1, 1, 1, 0, 1, 1, 1, 0, 1, 0]
Fitness: 1618.953794 	[12, 6, 1, 0, 2, 13, 0, 4, 0, 3, 5, 7, 8, 9, 10, 11, 14, 15, 0, 1, 0, 1, 1, 0, 1, 1, 1, 0, 1, 1, 1, 0, 1, 0]
Fitness: 1618.953794 	[12, 6, 1, 0, 2, 13, 0, 4, 0, 3, 5, 7, 8, 9, 10, 11, 14, 15, 0, 1, 0, 1, 1, 0, 1, 1, 1, 0, 1, 1, 1, 0, 1, 0]
Fitness: 1618.953794 	[4, 0, 12, 6, 1, 0, 2, 13, 0, 3, 5, 7, 8, 9, 10, 11, 14, 15, 0, 1, 0, 1, 1, 0, 1, 1, 1, 0, 1, 1, 1, 0, 1, 0]
Fitness: 1618.953794 	[12, 6, 1, 0, 2, 13, 0, 4, 0, 3, 5, 7, 8, 9, 10, 11, 14, 15, 0, 1, 0, 1, 1, 0, 1, 1, 1, 0, 1, 1, 1, 0, 1, 0]
Fitness: 1618.953794 	[12, 6, 1, 0, 2, 13, 0, 4, 0, 3, 5, 7, 8, 9, 10, 11, 14, 15, 0, 1, 0, 1, 1, 0, 1, 1, 1, 0, 1, 1, 1, 0, 1, 0]
Fitness: 1618.953794 	[12, 6, 1, 0, 4, 0, 3, 5, 7, 8, 9, 10, 11, 14, 15, 0, 2, 13, 0, 1, 0, 1, 1, 0, 1, 1, 1, 0, 1, 1, 1, 0, 1, 0]
Fitness: 1618.953794 	[12, 6, 1, 0, 2, 13, 0, 4, 0, 3, 5, 7, 8, 9, 10, 11, 14, 15, 0, 1, 0, 1, 1, 0, 1, 1, 1, 0, 1, 1, 1, 0, 1, 0]
Fitness: 1618.953794 	[12, 6, 1, 0, 2, 13, 0, 4, 0, 3, 5, 7, 8, 9, 10, 11, 14, 15, 0, 1, 0, 1, 1, 0, 1, 1, 1, 0, 1, 1, 1, 0, 1, 0]
Fitness: 1618.953794 	[12, 6, 1, 0, 2, 13, 0, 3, 5, 7, 8, 9, 10, 11, 14, 15, 0, 4, 0, 1, 0, 1, 1, 0, 1, 1, 1, 0, 1, 1, 1, 0, 1, 0]
Fitness: 1618.953794 	[12, 6, 1, 0, 2, 4, 0, 13, 0, 3, 5, 7, 8, 9, 10, 11, 14, 15, 0, 1, 0, 1, 1, 0, 1, 1, 1, 0, 0, 1, 1, 1, 1, 0]
Fitness: 1618.953794 	[12, 6, 1, 0, 3, 4, 0, 2, 13, 0, 5, 7, 8, 9, 10, 11, 14, 15, 0, 1, 0, 1, 1, 1, 0, 1, 1, 0, 1, 1, 1, 0, 1, 0]
Fitness: 1618.953794 	[12, 6, 0, 2, 13, 0, 4, 0, 1, 3, 5, 7, 8, 9, 10, 11, 14, 15, 0, 1, 1, 1, 1, 0, 1, 1, 1, 0, 1, 0, 1, 0, 1, 0]
Fitness: 1618.953794 	[6, 1, 0, 2, 13, 0, 12, 4, 0, 3, 5, 7, 8, 9, 10, 11, 14, 15, 0, 1, 0, 1, 1, 0, 1, 1, 1, 1, 0, 1, 1, 0, 1, 0]
Fitness: 1618.953794 	[12, 6, 1, 0, 2, 13, 0, 4, 3, 5, 7, 8, 0, 9, 10, 11, 14, 15, 0, 1, 0, 1, 0, 1, 1, 1, 1, 0, 1, 1, 1, 0, 1, 0]
Fitness: 1618.953794 	[2, 12, 6, 1, 0, 13, 0, 4, 0, 3, 5, 7, 8, 9, 10, 11, 14, 15, 0, 1, 1, 1, 1, 0, 1, 1, 1, 0, 1, 0, 1, 0, 1, 0]
Fitness: 1618.953794 	[12, 6, 1, 0, 2, 13, 0, 4, 3, 5, 7, 8, 0, 9, 10, 11, 14, 15, 0, 1, 1, 1, 1, 0, 1, 1, 1, 0, 0, 1, 1, 0, 1, 0]
Fitness: 1618.953794 	[12, 6, 1, 0, 4, 2, 13, 0, 3, 5, 7, 8, 0, 9, 10, 11, 14, 15, 0, 1, 0, 1, 1, 1, 1, 0, 1, 0, 1, 1, 1, 0, 1, 0]
Fitness: 1618.953794 	[12, 6, 1, 0, 5, 2, 13, 0, 4, 0, 3, 7, 8, 9, 10, 11, 14, 15, 0, 1, 1, 1, 1, 0, 1, 1, 1, 0, 1, 1, 0, 0, 1, 0]
Fitness: 1618.953794 	[13, 12, 6, 1, 0, 2, 0, 4, 0, 3, 5, 7, 8, 9, 10, 11, 14, 15, 0, 1, 0, 1, 1, 1, 1, 1, 1, 0, 0, 1, 1, 0, 1, 0]
Fitness: 1618.953794 	[13, 12, 6, 1, 0, 2, 0, 4, 0, 3, 5, 7, 8, 9, 10, 11, 14, 15, 0, 1, 0, 1, 1, 1, 1, 1, 1, 0, 1, 0, 1, 0, 1, 0]
Fitness: 1618.953794 	[12, 6, 1, 0, 2, 0, 4, 0, 13, 3, 5, 7, 8, 9, 10, 11, 14, 15, 0, 1, 1, 1, 1, 0, 1, 1, 1, 0, 1, 1, 1, 0, 0, 0]
Fitness: 1618.953794 	[12, 6, 1, 0, 2, 13, 0, 4, 3, 5, 7, 8, 0, 9, 10, 11, 14, 15, 0, 1, 0, 1, 1, 0, 1, 1, 1, 1, 1, 0, 1, 0, 1, 0]
Fitness: 1618.953794 	[4, 0, 13, 0, 3, 5, 7, 8, 9, 10, 11, 14, 15, 0, 2, 12, 6, 1, 0, 1, 0, 1, 1, 1, 1, 1, 1, 0, 1, 1, 0, 0, 1, 0]
Fitness: 1618.953794 	[12, 6, 1, 0, 4, 2, 13, 0, 3, 5, 7, 8, 0, 9, 10, 11, 14, 15, 0, 1, 0, 1, 1, 0, 1, 1, 0, 0, 1, 1, 1, 1, 1, 0]
Fitness: 1618.953794 	[12, 6, 0, 1, 2, 13, 0, 4, 0, 3, 5, 7, 8, 9, 10, 11, 14, 15, 0, 0, 1, 1, 1, 0, 1, 1, 1, 0, 1, 1, 1, 0, 1, 0]
Fitness: 1618.953794 	[12, 6, 1, 0, 4, 3, 5, 7, 8, 0, 9, 10, 11, 14, 15, 0, 2, 13, 0, 1, 0, 1, 1, 0, 0, 1, 1, 1, 1, 1, 1, 0, 1, 0]
Fitness: 1618.953794 	[11, 12, 6, 1, 0, 4, 0, 2, 0, 3, 5, 7, 8, 9, 10, 14, 15, 13, 0, 1, 0, 1, 1, 0, 1, 1, 0, 1, 1, 1, 1, 0, 1, 0]
Fitness: 1618.953794 	[12, 6, 1, 0, 2, 0, 13, 4, 0, 3, 5, 7, 8, 9, 10, 11, 14, 15, 0, 1, 0, 1, 1, 1, 1, 1, 1, 0, 1, 0, 1, 0, 1, 0]
Fitness: 1618.953794 	[2, 12, 6, 1, 0, 13, 0, 4, 0, 3, 5, 7, 8, 9, 10, 11, 14, 15, 0, 1, 0, 1, 1, 0, 1, 1, 0, 0, 1, 1, 1, 1, 1, 0]
Fitness: 1618.953794 	[12, 6, 1, 0, 2, 13, 0, 4, 3, 5, 7, 8, 0, 9, 10, 11, 14, 15, 0, 1, 0, 1, 1, 1, 1, 1, 1, 0, 1, 1, 1, 0, 0, 0]
Fitness: 1618.953794 	[12, 6, 1, 0, 13, 0, 2, 4, 0, 3, 5, 7, 8, 9, 10, 11, 14, 15, 0, 1, 0, 1, 0, 0, 1, 1, 1, 0, 1, 1, 1, 1, 1, 0]
Fitness: 1618.953794 	[12, 6, 1, 0, 2, 0, 13, 4, 0, 3, 5, 7, 8, 9, 10, 11, 14, 15, 0, 1, 1, 1, 0, 0, 1, 1, 1, 0, 1, 1, 1, 0, 1, 0]
Fitness: 1618.953794 	[12, 6, 1, 0, 2, 0, 13, 4, 0, 3, 5, 7, 8, 9, 10, 11, 14, 15, 0, 1, 0, 1, 1, 0, 1, 1, 0, 0, 1, 1, 1, 1, 1, 0]
Fitness: 1618.953794 	[12, 6, 1, 0, 2, 0, 13, 4, 0, 3, 5, 7, 8, 9, 10, 11, 14, 15, 0, 1, 0, 0, 1, 0, 1, 1, 1, 0, 1, 1, 1, 1, 1, 0]
Fitness: 1618.953794 	[12, 6, 1, 0, 13, 0, 2, 4, 0, 3, 5, 7, 8, 9, 10, 11, 14, 15, 0, 1, 1, 1, 1, 0, 1, 1, 1, 0, 1, 0, 1, 0, 1, 0]
Fitness: 1618.953794 	[12, 6, 1, 0, 2, 13, 0, 4, 3, 5, 7, 8, 0, 9, 10, 11, 14, 15, 0, 1, 0, 1, 1, 0, 1, 1, 0, 0, 1, 1, 1, 1, 1, 0]
Fitness: 1618.953794 	[4, 0, 15, 12, 6, 1, 0, 2, 13, 0, 3, 5, 7, 8, 9, 10, 11, 14, 0, 1, 0, 1, 1, 1, 1, 1, 1, 0, 1, 1, 1, 0, 0, 0]
Fitness: 1618.953794 	[13, 12, 6, 1, 0, 2, 0, 4, 0, 3, 5, 7, 8, 9, 10, 11, 14, 15, 0, 1, 0, 1, 1, 0, 1, 1, 0, 0, 1, 1, 1, 1, 1, 0]
Fitness: 1618.953794 	[6, 1, 0, 2, 13, 0, 12, 4, 0, 3, 5, 7, 8, 9, 10, 11, 14, 15, 0, 1, 0, 1, 1, 0, 1, 1, 0, 1, 1, 1, 1, 0, 1, 0]
Fitness: 1618.953794 	[2, 12, 6, 1, 0, 4, 0, 13, 0, 3, 5, 7, 8, 9, 10, 11, 14, 15, 0, 1, 0, 1, 1, 0, 1, 1, 1, 0, 0, 1, 1, 1, 1, 0]
Fitness: 1618.953794 	[12, 6, 1, 0, 2, 0, 13, 4, 0, 3, 5, 7, 8, 9, 10, 11, 14, 15, 0, 1, 1, 0, 1, 0, 1, 1, 1, 0, 1, 1, 1, 0, 1, 0]
Fitness: 1618.953794 	[12, 1, 0, 6, 4, 0, 2, 13, 0, 3, 5, 7, 8, 9, 10, 11, 14, 15, 0, 0, 0, 1, 1, 1, 1, 1, 1, 0, 1, 1, 1, 0, 1, 0]
Fitness: 1618.953794 	[12, 6, 0, 1, 2, 13, 0, 4, 0, 3, 5, 7, 8, 9, 10, 11, 14, 15, 0, 1, 1, 1, 1, 0, 0, 1, 1, 0, 1, 1, 1, 0, 1, 0]
Fitness: 1618.953794 	[12, 6, 0, 1, 2, 13, 0, 4, 0, 3, 5, 7, 8, 9, 10, 11, 14, 15, 0, 1, 0, 1, 0, 1, 1, 1, 1, 0, 1, 1, 1, 0, 1, 0]
Fitness: 1618.953794 	[12, 6, 1, 0, 2, 13, 0, 4, 3, 5, 7, 8, 0, 9, 10, 11, 14, 15, 0, 1, 0, 1, 1, 0, 1, 1, 1, 0, 1, 1, 1, 1, 0, 0]
Fitness: 1618.953794 	[12, 6, 1, 0, 2, 13, 0, 4, 3, 5, 7, 8, 0, 9, 10, 11, 14, 15, 0, 1, 1, 1, 1, 0, 1, 1, 1, 0, 1, 1, 0, 0, 1, 0]
Fitness: 1618.953794 	[2, 4, 13, 0, 10, 3, 5, 7, 8, 0, 12, 6, 1, 0, 9, 11, 14, 15, 0, 1, 1, 1, 1, 0, 1, 1, 0, 0, 1, 1, 1, 0, 1, 0]
Fitness: 1618.953794 	[12, 6, 1, 0, 2, 13, 0, 4, 3, 5, 7, 8, 0, 9, 10, 11, 14, 15, 0, 1, 1, 1, 1, 0, 1, 1, 1, 0, 0, 1, 1, 0, 1, 0]
Fitness: 1618.953794 	[12, 6, 1, 0, 2, 13, 0, 11, 4, 0, 3, 5, 7, 8, 9, 10, 14, 15, 0, 1, 0, 1, 1, 0, 1, 1, 0, 0, 1, 1, 1, 1, 1, 0]
Fitness: 1618.953794 	[12, 6, 1, 0, 4, 2, 13, 0, 3, 5, 7, 8, 0, 9, 10, 11, 14, 15, 0, 1, 0, 1, 1, 0, 1, 1, 1, 0, 1, 1, 0, 1, 1, 0]
Fitness: 1618.953794 	[12, 6, 1, 0, 13, 0, 4, 0, 2, 3, 5, 7, 8, 9, 10, 11, 14, 15, 0, 1, 0, 1, 1, 0, 1, 0, 1, 1, 1, 1, 1, 0, 1, 0]
Fitness: 1618.953794 	[12, 6, 1, 0, 8, 2, 13, 0, 4, 0, 3, 5, 7, 9, 10, 11, 14, 15, 0, 1, 1, 1, 1, 0, 1, 0, 1, 0, 1, 1, 1, 0, 1, 0]
Fitness: 1618.953794 	[12, 6, 1, 0, 2, 0, 4, 0, 13, 3, 5, 7, 8, 9, 10, 11, 14, 15, 0, 1, 0, 1, 1, 0, 1, 0, 1, 1, 1, 1, 1, 0, 1, 0]
Fitness: 1618.953794 	[6, 1, 0, 12, 2, 13, 0, 4, 0, 3, 5, 7, 8, 9, 10, 11, 14, 15, 0, 1, 0, 1, 1, 1, 1, 1, 1, 0, 1, 0, 1, 0, 1, 0]
Fitness: 1618.953794 	[12, 6, 1, 0, 4, 0, 2, 3, 5, 7, 8, 9, 10, 11, 14, 15, 0, 13, 0, 1, 0, 1, 1, 0, 1, 0, 1, 0, 1, 1, 1, 1, 1, 0]
Fitness: 1618.953794 	[14, 12, 6, 1, 0, 4, 0, 2, 13, 0, 3, 5, 7, 8, 9, 10, 11, 15, 0, 1, 0, 1, 1, 0, 1, 1, 0, 1, 1, 1, 1, 0, 1, 0]
Fitness: 1618.953794 	[7, 12, 6, 1, 0, 2, 13, 0, 4, 0, 3, 5, 8, 9, 10, 11, 14, 15, 0, 1, 0, 1, 1, 0, 1, 0, 1, 1, 1, 1, 1, 0, 1, 0]
Fitness: 1618.953794 	[12, 1, 0, 2, 13, 0, 4, 0, 6, 3, 5, 7, 8, 9, 10, 11, 14, 15, 0, 1, 0, 1, 1, 1, 1, 1, 1, 0, 1, 1, 0, 0, 1, 0]
Fitness: 1618.953794 	[12, 4, 0, 6, 1, 0, 2, 13, 0, 3, 5, 7, 8, 9, 10, 11, 14, 15, 0, 1, 0, 1, 1, 1, 0, 1, 1, 0, 1, 0, 1, 1, 1, 0]
Fitness: 1618.953794 	[12, 6, 1, 0, 5, 2, 13, 0, 3, 7, 8, 9, 10, 11, 14, 15, 0, 4, 0, 1, 1, 1, 1, 0, 1, 1, 1, 0, 1, 1, 0, 0, 1, 0]
Fitness: 1618.953794 	[3, 5, 7, 8, 9, 10, 11, 14, 15, 0, 4, 0, 12, 6, 1, 0, 2, 13, 0, 1, 0, 1, 1, 0, 1, 1, 1, 0, 1, 1, 1, 0, 1, 0]
Fitness: 1618.953794 	[12, 6, 1, 0, 2, 13, 0, 3, 5, 7, 8, 9, 10, 11, 14, 15, 0, 4, 0, 1, 0, 1, 1, 0, 1, 1, 1, 0, 1, 1, 1, 0, 1, 0]
Fitness: 1618.953794 	[4, 0, 12, 6, 1, 0, 3, 5, 7, 8, 9, 10, 11, 14, 15, 0, 2, 13, 0, 1, 0, 1, 1, 0, 1, 1, 1, 0, 1, 1, 1, 0, 1, 0]
Fitness: 1618.953794 	[12, 6, 1, 0, 8, 2, 13, 0, 3, 5, 7, 9, 10, 11, 14, 15, 0, 4, 0, 1, 1, 1, 1, 0, 1, 0, 1, 0, 1, 1, 1, 0, 1, 0]
Fitness: 1618.953794 	[12, 6, 1, 0, 2, 0, 3, 5, 7, 8, 9, 10, 11, 14, 15, 0, 13, 4, 0, 1, 0, 1, 1, 1, 1, 1, 1, 0, 1, 0, 1, 0, 1, 0]
Fitness: 1618.953794 	[12, 6, 1, 0, 2, 13, 0, 3, 5, 7, 8, 9, 10, 11, 14, 15, 0, 4, 0, 1, 0, 1, 1, 0, 1, 1, 1, 0, 1, 1, 1, 0, 1, 0]
Fitness: 1618.953794 	[2, 13, 0, 3, 5, 7, 8, 9, 10, 11, 14, 15, 0, 12, 6, 1, 0, 4, 0, 1, 0, 1, 1, 0, 1, 1, 1, 0, 1, 1, 1, 0, 1, 0]
Fitness: 1618.953794 	[12, 6, 1, 0, 2, 13, 0, 3, 5, 7, 8, 9, 10, 11, 14, 15, 0, 4, 0, 1, 0, 1, 1, 0, 1, 1, 1, 0, 1, 1, 1, 0, 1, 0]
Fitness: 1618.953794 	[4, 0, 2, 13, 0, 12, 6, 1, 0, 3, 5, 7, 8, 9, 10, 11, 14, 15, 0, 1, 0, 1, 1, 0, 1, 1, 1, 0, 1, 1, 1, 0, 1, 0]
Fitness: 1618.953794 	[12, 6, 1, 0, 11, 4, 0, 2, 13, 0, 3, 5, 7, 8, 9, 10, 14, 15, 0, 1, 0, 1, 1, 0, 1, 1, 0, 0, 1, 1, 1, 1, 1, 0]
Fitness: 1618.953794 	[12, 6, 1, 0, 2, 13, 0, 3, 5, 7, 8, 9, 10, 11, 14, 15, 0, 4, 0, 1, 0, 1, 1, 0, 1, 1, 1, 0, 1, 1, 1, 0, 1, 0]
Fitness: 1618.953794 	[12, 6, 1, 0, 4, 0, 2, 13, 0, 3, 5, 7, 8, 9, 10, 11, 14, 15, 0, 1, 0, 1, 1, 0, 1, 1, 1, 0, 1, 1, 1, 0, 1, 0]
Fitness: 1618.953794 	[3, 5, 7, 8, 9, 10, 11, 14, 15, 0, 2, 13, 0, 4, 0, 12, 6, 1, 0, 1, 0, 1, 1, 0, 1, 1, 1, 0, 1, 1, 1, 0, 1, 0]
Fitness: 1618.953794 	[12, 6, 1, 0, 4, 3, 5, 7, 8, 0, 2, 13, 0, 9, 10, 11, 14, 15, 0, 1, 1, 1, 1, 0, 1, 1, 1, 0, 1, 1, 0, 0, 1, 0]
Fitness: 1618.953794 	[12, 6, 1, 0, 2, 13, 0, 3, 5, 7, 8, 9, 10, 11, 14, 15, 0, 4, 0, 1, 0, 1, 1, 0, 1, 1, 1, 0, 1, 1, 1, 0, 1, 0]
Fitness: 1618.953794 	[12, 6, 1, 0, 4, 0, 3, 5, 7, 8, 9, 10, 11, 14, 15, 0, 2, 13, 0, 1, 0, 1, 1, 0, 1, 1, 1, 0, 1, 1, 1, 0, 1, 0]
Fitness: 1618.953794 	[12, 6, 1, 0, 4, 0, 2, 13, 0, 3, 5, 7, 8, 9, 10, 11, 14, 15, 0, 1, 0, 1, 1, 0, 1, 1, 1, 0, 1, 1, 1, 0, 1, 0]
Fitness: 1618.953794 	[12, 6, 1, 0, 4, 0, 2, 13, 0, 3, 5, 7, 8, 9, 10, 11, 14, 15, 0, 1, 0, 1, 1, 1, 0, 1, 1, 0, 1, 1, 1, 0, 1, 0]
Fitness: 1618.953794 	[2, 13, 0, 12, 6, 1, 0, 4, 0, 3, 5, 7, 8, 9, 10, 11, 14, 15, 0, 1, 0, 1, 1, 0, 1, 1, 1, 0, 1, 1, 1, 0, 1, 0]
Fitness: 1618.953794 	[4, 0, 2, 13, 0, 12, 6, 1, 0, 3, 5, 7, 8, 9, 10, 11, 14, 15, 0, 1, 0, 1, 1, 0, 1, 1, 1, 0, 1, 1, 1, 0, 1, 0]
Fitness: 1618.953794 	[4, 0, 12, 6, 1, 0, 2, 13, 0, 3, 5, 7, 8, 9, 10, 11, 14, 15, 0, 1, 0, 1, 1, 0, 1, 1, 1, 0, 1, 1, 1, 0, 1, 0]
Fitness: 1618.953794 	[2, 12, 6, 1, 0, 3, 5, 7, 8, 9, 10, 11, 14, 15, 0, 4, 0, 13, 0, 1, 0, 1, 1, 0, 1, 1, 0, 0, 1, 1, 1, 1, 1, 0]
Fitness: 1618.953794 	[12, 6, 1, 0, 3, 5, 7, 8, 9, 10, 11, 14, 15, 0, 4, 0, 2, 13, 0, 1, 0, 1, 1, 0, 1, 1, 1, 0, 1, 1, 1, 0, 1, 0]
Fitness: 1618.953794 	[12, 6, 1, 0, 2, 13, 0, 3, 5, 7, 8, 9, 10, 11, 14, 15, 0, 4, 0, 1, 0, 1, 1, 0, 1, 1, 1, 0, 1, 1, 1, 0, 1, 0]
Fitness: 1618.953794 	[3, 5, 7, 8, 9, 10, 11, 14, 15, 0, 2, 13, 0, 4, 0, 12, 6, 1, 0, 1, 0, 1, 1, 0, 1, 1, 1, 0, 1, 1, 1, 0, 1, 0]
Fitness: 1618.953794 	[2, 13, 0, 12, 6, 1, 0, 4, 0, 3, 5, 7, 8, 9, 10, 11, 14, 15, 0, 1, 0, 1, 1, 0, 1, 1, 1, 0, 1, 1, 1, 0, 1, 0]
Fitness: 1618.953794 	[12, 6, 1, 0, 2, 13, 0, 3, 5, 7, 8, 9, 10, 11, 14, 15, 0, 4, 0, 1, 0, 1, 1, 0, 1, 1, 1, 0, 1, 1, 1, 0, 1, 0]
Fitness: 1618.953794 	[2, 13, 0, 12, 6, 1, 0, 4, 0, 3, 5, 7, 8, 9, 10, 11, 14, 15, 0, 1, 0, 1, 1, 0, 1, 1, 1, 0, 1, 1, 1, 0, 1, 0]
Fitness: 1618.953794 	[3, 5, 7, 8, 9, 10, 11, 14, 15, 0, 2, 13, 0, 4, 0, 12, 6, 1, 0, 1, 0, 1, 1, 0, 1, 1, 1, 0, 1, 1, 1, 0, 1, 0]
Fitness: 1618.953794 	[3, 5, 7, 8, 9, 10, 11, 14, 15, 0, 2, 13, 0, 4, 0, 12, 6, 1, 0, 1, 0, 1, 1, 0, 1, 1, 1, 0, 1, 1, 1, 0, 1, 0]
Fitness: 1618.953794 	[7, 8, 0, 3, 4, 5, 0, 2, 13, 0, 12, 6, 1, 9, 10, 11, 14, 15, 0, 1, 0, 1, 1, 0, 1, 1, 1, 0, 1, 1, 1, 0, 1, 0]
Fitness: 1618.953794 	[2, 0, 12, 6, 1, 0, 13, 4, 0, 3, 5, 7, 8, 9, 10, 11, 14, 15, 0, 1, 1, 1, 0, 0, 1, 1, 1, 0, 1, 1, 1, 0, 1, 0]
Fitness: 1618.953794 	[12, 6, 1, 0, 4, 0, 2, 13, 0, 3, 5, 7, 8, 9, 10, 11, 14, 15, 0, 1, 0, 1, 1, 0, 1, 1, 1, 0, 1, 1, 1, 0, 1, 0]
Fitness: 1618.953794 	[12, 6, 1, 0, 4, 0, 2, 13, 0, 3, 5, 7, 8, 9, 10, 11, 14, 15, 0, 1, 0, 1, 1, 0, 1, 1, 1, 0, 1, 1, 1, 0, 1, 0]
Fitness: 1618.953794 	[13, 4, 0, 2, 0, 12, 6, 1, 0, 3, 5, 7, 8, 9, 10, 11, 14, 15, 0, 1, 0, 0, 1, 0, 1, 1, 1, 0, 1, 1, 1, 1, 1, 0]
Fitness: 1618.953794 	[3, 5, 7, 8, 9, 10, 11, 14, 15, 0, 2, 13, 0, 4, 0, 12, 6, 1, 0, 1, 0, 1, 1, 0, 1, 1, 1, 0, 1, 1, 1, 0, 1, 0]
Fitness: 1618.953794 	[2, 4, 13, 0, 12, 6, 1, 0, 10, 3, 5, 7, 8, 0, 9, 11, 14, 15, 0, 1, 1, 1, 1, 0, 1, 1, 0, 0, 1, 1, 1, 0, 1, 0]
Fitness: 1618.953794 	[3, 5, 7, 8, 9, 10, 11, 14, 15, 0, 13, 0, 4, 0, 2, 12, 6, 1, 0, 1, 1, 1, 1, 0, 1, 1, 1, 0, 1, 0, 1, 0, 1, 0]
Fitness: 1618.953794 	[3, 5, 0, 12, 6, 1, 0, 2, 13, 0, 4, 7, 8, 9, 10, 11, 14, 15, 0, 1, 0, 1, 1, 0, 1, 1, 1, 0, 1, 1, 1, 0, 1, 0]
Fitness: 1618.953794 	[2, 13, 0, 12, 6, 1, 0, 4, 0, 3, 5, 7, 8, 9, 10, 11, 14, 15, 0, 1, 0, 1, 1, 0, 1, 1, 1, 0, 1, 1, 1, 0, 1, 0]
Fitness: 1618.953794 	[12, 6, 1, 0, 3, 5, 7, 8, 9, 10, 11, 14, 15, 0, 4, 0, 2, 13, 0, 1, 0, 1, 1, 0, 1, 1, 1, 0, 1, 1, 1, 0, 1, 0]
Fitness: 1618.953794 	[12, 6, 1, 0, 4, 0, 2, 13, 0, 3, 5, 7, 8, 9, 10, 11, 14, 15, 0, 1, 0, 1, 1, 0, 1, 1, 1, 0, 1, 1, 1, 0, 1, 0]
Fitness: 1618.953794 	[2, 13, 0, 12, 6, 1, 0, 4, 0, 3, 5, 7, 8, 9, 10, 11, 14, 15, 0, 1, 0, 1, 1, 0, 1, 1, 1, 0, 1, 1, 1, 0, 1, 0]
Fitness: 1618.953794 	[1, 12, 6, 0, 2, 13, 0, 4, 0, 3, 5, 7, 8, 9, 10, 11, 14, 15, 0, 1, 0, 1, 1, 0, 1, 1, 1, 0, 1, 1, 1, 0, 1, 0]
Fitness: 1618.953794 	[12, 6, 1, 0, 3, 5, 7, 8, 9, 10, 11, 14, 15, 0, 4, 0, 2, 13, 0, 1, 0, 1, 1, 0, 1, 1, 1, 0, 1, 1, 1, 0, 1, 0]
Fitness: 1618.953794 	[12, 6, 1, 0, 2, 13, 0, 4, 0, 3, 5, 7, 8, 9, 10, 11, 14, 15, 0, 1, 0, 1, 1, 0, 1, 1, 1, 0, 1, 1, 1, 0, 1, 0]
Fitness: 1618.953794 	[4, 0, 2, 13, 0, 12, 6, 1, 0, 3, 5, 7, 8, 9, 10, 11, 14, 15, 0, 1, 0, 1, 1, 0, 1, 1, 1, 0, 1, 1, 1, 0, 1, 0]
Fitness: 1618.953794 	[4, 0, 12, 6, 1, 0, 2, 13, 0, 3, 5, 7, 8, 9, 10, 11, 14, 15, 0, 1, 0, 1, 1, 0, 1, 1, 1, 0, 1, 1, 1, 0, 1, 0]
Fitness: 1618.953794 	[4, 3, 5, 7, 8, 0, 12, 6, 1, 0, 9, 10, 11, 14, 15, 0, 2, 13, 0, 1, 0, 1, 1, 0, 0, 1, 1, 1, 1, 1, 1, 0, 1, 0]
Time: 0.32227