Fitness: 1461.553949 	[6, 12, 7, 9, 0, 10, 1, 11, 3, 5, 15, 14, 8, 0, 2, 13, 0, 4, 0, 1, 0, 1, 0, 1, 0, 1, 1, 1, 1, 0, 1, 1, 1, 0]
Fitness: 1410.191540 	[12, 0, 4, 11, 0, 1, 8, 2, 9, 7, 3, 10, 0, 13, 6, 15, 5, 14, 0, 0, 1, 1, 1, 1, 0, 1, 1, 1, 0, 1, 0, 1, 1, 0]
Fitness: 1377.538070 	[1, 12, 4, 0, 15, 7, 8, 5, 6, 9, 10, 0, 14, 2, 3, 11, 0, 13, 0, 1, 1, 0, 1, 1, 1, 0, 1, 0, 1, 0, 1, 1, 1, 0]
Fitness: 1377.538070 	[1, 12, 4, 0, 15, 7, 8, 5, 6, 9, 10, 0, 14, 2, 3, 11, 0, 13, 0, 1, 1, 0, 1, 1, 1, 0, 1, 0, 1, 0, 1, 1, 1, 0]
Fitness: 1377.538070 	[1, 12, 4, 0, 15, 7, 8, 5, 6, 9, 10, 0, 14, 2, 3, 11, 0, 13, 0, 1, 1, 0, 1, 1, 1, 0, 1, 0, 1, 0, 1, 1, 1, 0]
Fitness: 1377.538070 	[13, 0, 15, 7, 8, 5, 6, 9, 10, 0, 14, 2, 3, 11, 0, 1, 12, 4, 0, 1, 1, 0, 1, 1, 1, 0, 1, 0, 1, 0, 1, 1, 1, 0]
Fitness: 1372.371985 	[1, 6, 2, 3, 0, 12, 0, 14, 4, 13, 7, 0, 11, 10, 5, 8, 9, 15, 0, 1, 0, 1, 1, 0, 1, 1, 1, 0, 1, 1, 1, 0, 1, 0]
Fitness: 1358.306500 	[13, 6, 4, 11, 0, 12, 0, 8, 2, 9, 7, 3, 10, 0, 15, 1, 5, 14, 0, 0, 1, 1, 1, 0, 1, 1, 1, 1, 0, 1, 0, 1, 1, 0]
Fitness: 1358.306500 	[13, 6, 4, 11, 0, 12, 0, 8, 2, 9, 7, 3, 10, 0, 15, 1, 5, 14, 0, 0, 1, 1, 1, 0, 1, 1, 1, 1, 0, 1, 0, 1, 1, 0]
Fitness: 1345.707022 	[4, 0, 13, 2, 7, 8, 9, 10, 11, 15, 0, 6, 5, 12, 0, 1, 3, 14, 0, 1, 0, 1, 1, 1, 1, 0, 0, 1, 1, 1, 0, 1, 1, 0]
Fitness: 1337.326123 	[7, 8, 5, 13, 14, 10, 0, 6, 11, 3, 1, 9, 0, 4, 0, 2, 12, 15, 0, 1, 1, 0, 1, 0, 1, 0, 1, 1, 1, 1, 1, 0, 1, 0]
Fitness: 1337.326123 	[15, 2, 12, 0, 7, 8, 5, 13, 14, 10, 0, 4, 0, 6, 11, 3, 1, 9, 0, 1, 1, 0, 1, 0, 1, 0, 1, 1, 1, 1, 1, 0, 1, 0]
Fitness: 1337.326123 	[15, 2, 12, 0, 7, 8, 5, 13, 14, 10, 0, 4, 0, 6, 11, 3, 1, 9, 0, 1, 1, 0, 1, 0, 1, 0, 1, 1, 1, 1, 1, 0, 1, 0]
Fitness: 1337.326123 	[15, 2, 12, 0, 7, 8, 5, 13, 14, 10, 0, 4, 0, 6, 11, 3, 1, 9, 0, 1, 1, 0, 1, 0, 1, 0, 1, 1, 1, 1, 1, 0, 1, 0]
Fitness: 1337.326123 	[15, 2, 12, 0, 7, 8, 5, 13, 14, 10, 0, 4, 0, 6, 11, 3, 1, 9, 0, 1, 1, 0, 1, 0, 1, 0, 1, 1, 1, 1, 1, 0, 1, 0]
Fitness: 1337.326123 	[7, 8, 5, 13, 14, 10, 0, 15, 2, 12, 0, 4, 0, 6, 11, 3, 1, 9, 0, 1, 1, 0, 1, 0, 1, 0, 1, 1, 1, 1, 1, 0, 1, 0]
Fitness: 1337.326123 	[7, 8, 5, 13, 14, 10, 0, 15, 2, 12, 0, 4, 0, 6, 11, 3, 1, 9, 0, 1, 1, 0, 1, 0, 1, 0, 1, 1, 1, 1, 1, 0, 1, 0]
Fitness: 1330.445406 	[4, 0, 1, 3, 14, 0, 6, 5, 12, 0, 13, 2, 7, 8, 9, 10, 11, 15, 0, 1, 0, 1, 1, 1, 1, 0, 0, 1, 1, 1, 0, 1, 1, 0]
Fitness: 1330.445406 	[4, 0, 1, 3, 14, 0, 6, 5, 12, 0, 13, 2, 7, 8, 9, 10, 11, 15, 0, 1, 0, 1, 1, 1, 1, 0, 0, 1, 1, 1, 0, 1, 1, 0]
Fitness: 1330.445406 	[4, 0, 1, 3, 14, 0, 6, 5, 12, 0, 13, 2, 7, 8, 9, 10, 11, 15, 0, 1, 0, 1, 1, 1, 1, 0, 0, 1, 1, 1, 0, 1, 1, 0]
Fitness: 1323.721421 	[9, 15, 7, 4, 1, 0, 8, 13, 3, 11, 2, 0, 6, 0, 5, 14, 12, 10, 0, 1, 0, 1, 1, 0, 1, 1, 0, 1, 1, 1, 1, 0, 1, 0]
Fitness: 1319.016794 	[3, 12, 11, 0, 7, 8, 5, 13, 14, 10, 0, 15, 1, 9, 6, 2, 0, 4, 0, 1, 1, 0, 1, 0, 1, 0, 1, 1, 0, 1, 1, 1, 1, 0]
Fitness: 1319.016794 	[3, 12, 11, 0, 7, 8, 5, 13, 14, 10, 0, 15, 1, 9, 6, 2, 0, 4, 0, 1, 1, 0, 1, 0, 1, 0, 1, 1, 0, 1, 1, 1, 1, 0]
Fitness: 1319.016794 	[3, 12, 11, 0, 7, 8, 5, 13, 14, 10, 0, 15, 1, 9, 6, 2, 0, 4, 0, 1, 1, 0, 1, 0, 1, 0, 1, 1, 0, 1, 1, 1, 1, 0]
Fitness: 1319.016794 	[3, 12, 11, 0, 7, 8, 5, 13, 14, 10, 0, 15, 1, 9, 6, 2, 0, 4, 0, 1, 1, 0, 1, 0, 1, 0, 1, 1, 0, 1, 1, 1, 1, 0]
Fitness: 1319.016794 	[3, 12, 11, 0, 7, 8, 5, 13, 14, 10, 0, 15, 1, 9, 6, 2, 0, 4, 0, 1, 1, 0, 1, 0, 1, 0, 1, 1, 0, 1, 1, 1, 1, 0]
Fitness: 1319.016794 	[3, 12, 11, 0, 7, 8, 5, 13, 14, 10, 0, 15, 1, 9, 6, 2, 0, 4, 0, 1, 1, 0, 1, 0, 1, 0, 1, 1, 0, 1, 1, 1, 1, 0]
Fitness: 1319.016794 	[3, 12, 11, 0, 7, 8, 5, 13, 14, 10, 0, 15, 1, 9, 6, 2, 0, 4, 0, 1, 1, 0, 1, 0, 1, 0, 1, 1, 0, 1, 1, 1, 1, 0]
Fitness: 1318.097411 	[2, 13, 0, 6, 12, 7, 0, 4, 0, 9, 10, 1, 11, 3, 5, 15, 14, 8, 0, 0, 1, 1, 0, 1, 1, 1, 1, 0, 1, 1, 1, 1, 0, 0]
Fitness: 1300.684053 	[3, 12, 11, 0, 15, 1, 9, 6, 2, 0, 7, 8, 5, 13, 14, 10, 0, 4, 0, 1, 1, 0, 1, 0, 1, 0, 1, 1, 0, 1, 1, 1, 1, 0]
Fitness: 1294.274475 	[4, 0, 12, 7, 9, 0, 13, 10, 1, 11, 3, 5, 15, 14, 8, 0, 6, 2, 0, 0, 1, 1, 1, 1, 0, 1, 0, 1, 1, 0, 1, 1, 1, 0]
Fitness: 1293.401346 	[1, 8, 2, 9, 7, 3, 10, 0, 6, 12, 0, 4, 11, 0, 15, 13, 5, 14, 0, 1, 1, 0, 1, 0, 1, 1, 1, 1, 0, 1, 0, 1, 1, 0]
Fitness: 1293.401346 	[1, 8, 2, 9, 7, 3, 10, 0, 6, 12, 0, 4, 11, 0, 15, 13, 5, 14, 0, 1, 1, 0, 1, 0, 1, 1, 1, 1, 0, 1, 0, 1, 1, 0]
Fitness: 1288.440305 	[14, 6, 9, 11, 3, 8, 15, 0, 13, 2, 0, 1, 4, 10, 0, 5, 7, 12, 0, 0, 1, 0, 1, 1, 1, 1, 1, 0, 1, 1, 1, 0, 1, 0]
Fitness: 1288.043803 	[13, 6, 4, 11, 0, 12, 0, 8, 2, 9, 7, 3, 10, 0, 15, 1, 5, 14, 0, 0, 1, 1, 0, 1, 1, 1, 1, 1, 0, 1, 0, 1, 1, 0]
Fitness: 1284.333182 	[5, 14, 1, 7, 10, 15, 9, 8, 0, 13, 0, 6, 4, 11, 0, 2, 3, 12, 0, 1, 1, 0, 1, 0, 1, 1, 1, 1, 0, 1, 0, 1, 1, 0]
Fitness: 1283.093377 	[5, 14, 1, 7, 10, 15, 9, 8, 0, 13, 0, 2, 3, 12, 0, 6, 4, 11, 0, 0, 1, 0, 1, 1, 1, 1, 1, 1, 0, 1, 0, 1, 1, 0]
Fitness: 1283.093377 	[5, 14, 1, 7, 10, 15, 9, 8, 0, 13, 0, 2, 3, 12, 0, 6, 4, 11, 0, 0, 1, 0, 1, 1, 1, 1, 1, 1, 0, 1, 0, 1, 1, 0]
Fitness: 1282.721868 	[2, 10, 15, 0, 6, 11, 3, 1, 9, 0, 4, 0, 7, 12, 13, 5, 8, 14, 0, 1, 1, 0, 1, 0, 1, 0, 1, 1, 1, 1, 1, 0, 1, 0]
Fitness: 1278.275440 	[6, 0, 14, 2, 11, 0, 1, 8, 9, 12, 7, 5, 10, 0, 4, 3, 13, 15, 0, 1, 0, 1, 1, 1, 1, 0, 1, 1, 1, 0, 0, 1, 1, 0]
Fitness: 1276.844768 	[3, 10, 4, 0, 6, 0, 2, 1, 12, 0, 5, 7, 11, 8, 9, 13, 14, 15, 0, 0, 1, 1, 1, 0, 1, 1, 1, 0, 1, 1, 1, 0, 1, 0]
Fitness: 1276.812042 	[1, 0, 14, 2, 3, 11, 0, 15, 7, 8, 5, 6, 9, 10, 0, 12, 13, 4, 0, 1, 1, 0, 1, 1, 1, 0, 1, 0, 1, 0, 1, 1, 1, 0]
Fitness: 1273.341610 	[15, 13, 5, 0, 6, 12, 0, 14, 11, 0, 4, 1, 8, 2, 9, 7, 3, 10, 0, 1, 0, 1, 0, 1, 1, 1, 1, 1, 0, 1, 0, 1, 1, 0]
Fitness: 1272.100826 	[7, 8, 5, 13, 10, 0, 4, 0, 6, 1, 0, 14, 9, 3, 2, 11, 12, 15, 0, 0, 1, 0, 1, 1, 1, 0, 1, 1, 0, 1, 1, 1, 1, 0]
Fitness: 1268.331427 	[6, 12, 7, 9, 0, 4, 0, 2, 13, 0, 10, 1, 11, 3, 5, 15, 14, 8, 0, 0, 1, 1, 0, 1, 1, 1, 1, 0, 1, 0, 1, 1, 1, 0]
Fitness: 1268.331427 	[6, 12, 7, 9, 0, 4, 0, 2, 13, 0, 10, 1, 11, 3, 5, 15, 14, 8, 0, 0, 1, 1, 0, 1, 1, 1, 1, 0, 1, 0, 1, 1, 1, 0]
Fitness: 1265.860227 	[14, 9, 3, 2, 11, 12, 15, 0, 4, 0, 6, 13, 0, 10, 1, 7, 5, 8, 0, 0, 1, 0, 1, 1, 1, 0, 1, 1, 0, 1, 1, 1, 1, 0]
Fitness: 1264.554535 	[5, 14, 1, 7, 10, 15, 9, 8, 0, 6, 4, 11, 0, 2, 3, 12, 0, 13, 0, 0, 1, 0, 1, 1, 1, 1, 1, 1, 0, 1, 0, 1, 1, 0]
Fitness: 1264.554535 	[5, 14, 1, 7, 10, 15, 9, 8, 0, 6, 4, 11, 0, 2, 3, 12, 0, 13, 0, 0, 1, 0, 1, 1, 1, 1, 1, 1, 0, 1, 0, 1, 1, 0]
Fitness: 1264.436136 	[15, 1, 8, 2, 9, 7, 3, 10, 0, 12, 0, 6, 4, 11, 0, 13, 5, 14, 0, 1, 1, 0, 0, 1, 1, 1, 0, 1, 1, 1, 1, 0, 1, 0]
Fitness: 1264.436136 	[15, 1, 8, 2, 9, 7, 3, 10, 0, 12, 0, 6, 4, 11, 0, 13, 5, 14, 0, 1, 1, 0, 0, 1, 1, 1, 0, 1, 1, 1, 1, 0, 1, 0]
Fitness: 1262.935125 	[6, 2, 0, 12, 7, 9, 0, 13, 10, 1, 11, 3, 5, 15, 14, 8, 0, 4, 0, 0, 1, 1, 1, 1, 0, 1, 0, 1, 1, 0, 1, 1, 1, 0]
Fitness: 1262.935125 	[6, 2, 0, 12, 7, 9, 0, 13, 10, 1, 11, 3, 5, 15, 14, 8, 0, 4, 0, 0, 1, 1, 1, 1, 0, 1, 0, 1, 1, 0, 1, 1, 1, 0]
Fitness: 1262.192867 	[1, 8, 2, 9, 7, 3, 10, 0, 12, 0, 15, 13, 5, 14, 0, 6, 4, 11, 0, 1, 1, 0, 0, 1, 1, 1, 0, 1, 0, 1, 1, 1, 1, 0]
Fitness: 1261.081839 	[14, 4, 13, 7, 0, 6, 2, 12, 0, 11, 10, 0, 9, 5, 15, 3, 8, 1, 0, 1, 0, 1, 1, 0, 1, 1, 1, 0, 1, 1, 1, 0, 1, 0]
Fitness: 1261.081839 	[14, 4, 13, 7, 0, 6, 2, 12, 0, 11, 10, 0, 9, 5, 15, 3, 8, 1, 0, 1, 0, 1, 1, 0, 1, 1, 1, 0, 1, 1, 1, 0, 1, 0]
Fitness: 1260.426687 	[4, 0, 1, 3, 14, 0, 13, 2, 7, 8, 9, 10, 11, 15, 0, 6, 5, 12, 0, 1, 0, 1, 1, 1, 1, 0, 0, 1, 1, 1, 0, 1, 1, 0]
Fitness: 1260.267658 	[4, 0, 6, 12, 7, 0, 2, 13, 0, 9, 10, 1, 11, 3, 5, 15, 14, 8, 0, 0, 1, 1, 0, 1, 1, 1, 1, 0, 1, 1, 1, 1, 0, 0]
Fitness: 1260.267658 	[4, 0, 6, 12, 7, 0, 2, 13, 0, 9, 10, 1, 11, 3, 5, 15, 14, 8, 0, 0, 1, 1, 0, 1, 1, 1, 1, 0, 1, 1, 1, 1, 0, 0]
Fitness: 1260.267658 	[4, 0, 6, 12, 7, 0, 2, 13, 0, 9, 10, 1, 11, 3, 5, 15, 14, 8, 0, 0, 1, 1, 0, 1, 1, 1, 1, 0, 1, 1, 1, 1, 0, 0]
Fitness: 1260.267658 	[4, 0, 6, 12, 7, 0, 2, 13, 0, 9, 10, 1, 11, 3, 5, 15, 14, 8, 0, 0, 1, 1, 0, 1, 1, 1, 1, 0, 1, 1, 1, 1, 0, 0]
Fitness: 1260.039275 	[1, 3, 0, 13, 2, 7, 8, 9, 10, 15, 0, 11, 4, 0, 6, 5, 12, 14, 0, 1, 0, 1, 1, 0, 1, 1, 0, 1, 1, 1, 0, 1, 1, 0]
Fitness: 1257.185090 	[12, 0, 4, 11, 0, 1, 8, 2, 9, 7, 3, 10, 0, 13, 6, 15, 5, 14, 0, 1, 1, 0, 1, 0, 1, 1, 1, 1, 0, 1, 0, 1, 1, 0]
Fitness: 1255.719980 	[1, 8, 2, 9, 7, 3, 10, 0, 6, 4, 11, 0, 15, 13, 5, 14, 0, 12, 0, 1, 1, 0, 0, 1, 1, 1, 0, 1, 0, 1, 1, 1, 1, 0]
Fitness: 1255.719980 	[1, 8, 2, 9, 7, 3, 10, 0, 6, 4, 11, 0, 15, 13, 5, 14, 0, 12, 0, 1, 1, 0, 0, 1, 1, 1, 0, 1, 0, 1, 1, 1, 1, 0]
Fitness: 1252.101056 	[12, 15, 3, 13, 6, 8, 0, 2, 0, 1, 5, 4, 0, 7, 9, 11, 10, 14, 0, 1, 0, 1, 1, 0, 1, 1, 0, 1, 1, 1, 0, 1, 1, 0]
Fitness: 1252.101056 	[12, 15, 3, 13, 6, 8, 0, 2, 0, 1, 5, 4, 0, 7, 9, 11, 10, 14, 0, 1, 0, 1, 1, 0, 1, 1, 0, 1, 1, 1, 0, 1, 1, 0]
Fitness: 1247.477376 	[4, 0, 6, 12, 7, 9, 0, 10, 1, 11, 3, 5, 15, 14, 8, 0, 2, 13, 0, 0, 1, 1, 0, 1, 1, 1, 1, 0, 1, 0, 1, 1, 1, 0]
Fitness: 1247.477376 	[4, 0, 6, 12, 7, 9, 0, 10, 1, 11, 3, 5, 15, 14, 8, 0, 2, 13, 0, 0, 1, 1, 0, 1, 1, 1, 1, 0, 1, 0, 1, 1, 1, 0]
Fitness: 1247.169469 	[14, 6, 9, 11, 3, 8, 15, 0, 13, 2, 0, 7, 10, 4, 0, 1, 5, 12, 0, 0, 1, 0, 1, 1, 1, 1, 1, 0, 1, 1, 1, 0, 1, 0]
Fitness: 1247.169469 	[14, 6, 9, 11, 3, 8, 15, 0, 13, 2, 0, 7, 10, 4, 0, 1, 5, 12, 0, 0, 1, 0, 1, 1, 1, 1, 1, 0, 1, 1, 1, 0, 1, 0]
Fitness: 1245.795473 	[14, 1, 0, 8, 10, 3, 9, 11, 0, 6, 2, 12, 0, 4, 13, 7, 5, 15, 0, 1, 0, 1, 0, 1, 0, 1, 1, 1, 1, 1, 0, 1, 1, 0]
Fitness: 1244.201875 	[4, 1, 8, 2, 9, 7, 3, 10, 0, 6, 12, 0, 14, 11, 0, 15, 13, 5, 0, 0, 1, 1, 0, 1, 1, 1, 1, 1, 0, 1, 0, 1, 1, 0]
Fitness: 1244.201875 	[4, 1, 8, 2, 9, 7, 3, 10, 0, 6, 12, 0, 14, 11, 0, 15, 13, 5, 0, 0, 1, 1, 0, 1, 1, 1, 1, 1, 0, 1, 0, 1, 1, 0]
Fitness: 1244.201875 	[15, 13, 5, 0, 6, 12, 0, 14, 11, 0, 4, 1, 8, 2, 9, 7, 3, 10, 0, 0, 1, 1, 0, 1, 1, 1, 1, 1, 0, 1, 0, 1, 1, 0]
Fitness: 1243.902226 	[1, 8, 2, 9, 7, 3, 10, 0, 11, 12, 0, 15, 13, 5, 14, 0, 6, 4, 0, 1, 1, 0, 0, 1, 1, 1, 1, 0, 1, 1, 0, 1, 1, 0]
Fitness: 1241.904499 	[14, 9, 3, 2, 11, 12, 15, 0, 6, 13, 0, 4, 0, 10, 1, 7, 5, 8, 0, 0, 1, 0, 1, 1, 1, 0, 1, 1, 0, 1, 1, 1, 1, 0]
Fitness: 1232.070127 	[15, 1, 8, 2, 9, 7, 3, 10, 0, 13, 5, 14, 0, 6, 4, 11, 0, 12, 0, 0, 1, 1, 0, 1, 1, 1, 1, 0, 1, 1, 1, 0, 1, 0]
Fitness: 1231.121808 	[7, 15, 10, 4, 0, 6, 8, 5, 2, 0, 12, 0, 14, 11, 13, 3, 1, 9, 0, 1, 0, 1, 0, 1, 0, 1, 1, 1, 1, 1, 0, 1, 1, 0]
Fitness: 1231.121808 	[7, 15, 10, 4, 0, 6, 8, 5, 2, 0, 12, 0, 14, 11, 13, 3, 1, 9, 0, 1, 0, 1, 0, 1, 0, 1, 1, 1, 1, 1, 0, 1, 1, 0]
Fitness: 1231.121808 	[7, 15, 10, 4, 0, 6, 8, 5, 2, 0, 12, 0, 14, 11, 13, 3, 1, 9, 0, 1, 0, 1, 0, 1, 0, 1, 1, 1, 1, 1, 0, 1, 1, 0]
Fitness: 1227.755849 	[1, 12, 4, 0, 7, 8, 5, 6, 9, 10, 0, 14, 2, 3, 11, 0, 13, 15, 0, 0, 1, 1, 1, 0, 1, 0, 1, 1, 1, 0, 1, 1, 1, 0]
Fitness: 1227.755849 	[1, 12, 4, 0, 7, 8, 5, 6, 9, 10, 0, 14, 2, 3, 11, 0, 13, 15, 0, 0, 1, 1, 1, 0, 1, 0, 1, 1, 1, 0, 1, 1, 1, 0]
Fitness: 1227.755849 	[14, 2, 3, 11, 0, 7, 8, 5, 6, 9, 10, 0, 1, 12, 4, 0, 13, 15, 0, 0, 1, 1, 1, 0, 1, 0, 1, 1, 1, 0, 1, 1, 1, 0]
Fitness: 1227.755849 	[14, 2, 3, 11, 0, 7, 8, 5, 6, 9, 10, 0, 1, 12, 4, 0, 13, 15, 0, 0, 1, 1, 1, 0, 1, 0, 1, 1, 1, 0, 1, 1, 1, 0]
Fitness: 1227.755849 	[14, 2, 3, 11, 0, 7, 8, 5, 6, 9, 10, 0, 1, 12, 4, 0, 13, 15, 0, 0, 1, 1, 1, 0, 1, 0, 1, 1, 1, 0, 1, 1, 1, 0]
Fitness: 1226.593989 	[5, 14, 1, 7, 10, 15, 9, 8, 0, 13, 0, 2, 3, 12, 0, 6, 4, 11, 0, 1, 1, 0, 0, 1, 1, 1, 1, 1, 0, 1, 0, 1, 1, 0]
Fitness: 1226.593989 	[5, 14, 1, 7, 10, 15, 9, 8, 0, 13, 0, 2, 3, 12, 0, 6, 4, 11, 0, 1, 1, 0, 0, 1, 1, 1, 1, 1, 0, 1, 0, 1, 1, 0]
Fitness: 1226.593989 	[5, 14, 1, 7, 10, 15, 9, 8, 0, 13, 0, 2, 3, 12, 0, 6, 4, 11, 0, 1, 1, 0, 0, 1, 1, 1, 1, 1, 0, 1, 0, 1, 1, 0]
Fitness: 1226.593989 	[5, 14, 1, 7, 10, 15, 9, 8, 0, 13, 0, 2, 3, 12, 0, 6, 4, 11, 0, 1, 1, 0, 0, 1, 1, 1, 1, 1, 0, 1, 0, 1, 1, 0]
Fitness: 1226.593989 	[5, 14, 1, 7, 10, 15, 9, 8, 0, 13, 0, 2, 3, 12, 0, 6, 4, 11, 0, 1, 1, 0, 0, 1, 1, 1, 1, 1, 0, 1, 0, 1, 1, 0]
Fitness: 1226.394486 	[6, 0, 3, 10, 4, 0, 7, 2, 12, 0, 13, 14, 11, 8, 15, 1, 9, 5, 0, 0, 1, 1, 1, 0, 1, 1, 1, 0, 1, 1, 1, 0, 1, 0]
Fitness: 1226.394486 	[6, 0, 3, 10, 4, 0, 7, 2, 12, 0, 13, 14, 11, 8, 15, 1, 9, 5, 0, 0, 1, 1, 1, 0, 1, 1, 1, 0, 1, 1, 1, 0, 1, 0]
Fitness: 1226.394486 	[6, 0, 3, 10, 4, 0, 7, 2, 12, 0, 13, 14, 11, 8, 15, 1, 9, 5, 0, 0, 1, 1, 1, 0, 1, 1, 1, 0, 1, 1, 1, 0, 1, 0]
Fitness: 1226.394486 	[6, 0, 3, 10, 4, 0, 7, 2, 12, 0, 13, 14, 11, 8, 15, 1, 9, 5, 0, 0, 1, 1, 1, 0, 1, 1, 1, 0, 1, 1, 1, 0, 1, 0]
Fitness: 1225.680842 	[8, 2, 9, 7, 3, 10, 0, 6, 4, 11, 0, 12, 14, 5, 15, 0, 13, 1, 0, 1, 1, 0, 0, 1, 1, 1, 1, 1, 0, 1, 0, 1, 1, 0]
Fitness: 1225.680842 	[8, 2, 9, 7, 3, 10, 0, 6, 4, 11, 0, 12, 14, 5, 15, 0, 13, 1, 0, 1, 1, 0, 0, 1, 1, 1, 1, 1, 0, 1, 0, 1, 1, 0]
Fitness: 1225.241677 	[4, 0, 12, 7, 9, 0, 13, 10, 1, 11, 3, 5, 15, 14, 8, 0, 6, 2, 0, 0, 1, 1, 1, 0, 1, 0, 1, 1, 1, 0, 1, 1, 1, 0]
Fitness: 1223.067666 	[12, 14, 1, 7, 10, 6, 9, 8, 0, 13, 0, 2, 4, 0, 11, 3, 5, 15, 0, 1, 0, 0, 1, 1, 1, 1, 0, 1, 1, 0, 1, 1, 1, 0]
Fitness: 1218.890370 	[3, 12, 11, 0, 7, 8, 5, 13, 14, 10, 0, 9, 2, 1, 4, 15, 0, 6, 0, 1, 1, 0, 1, 0, 1, 0, 1, 1, 0, 1, 1, 1, 1, 0]
Fitness: 1318.097411 	[2, 13, 0, 6, 12, 7, 0, 4, 0, 9, 10, 1, 11, 3, 5, 15, 14, 8, 0, 0, 1, 0, 1, 1, 1, 1, 1, 0, 1, 1, 1, 1, 0, 0]
Fitness: 1319.016794 	[3, 12, 11, 0, 7, 8, 5, 13, 14, 10, 0, 15, 1, 9, 6, 2, 0, 4, 0, 1, 1, 0, 1, 0, 1, 0, 1, 1, 0, 1, 1, 1, 1, 0]
Fitness: 1318.097411 	[4, 12, 6, 0, 7, 0, 2, 13, 0, 9, 10, 1, 11, 3, 5, 15, 14, 8, 0, 0, 1, 1, 0, 1, 1, 1, 1, 0, 1, 1, 1, 1, 0, 0]
Fitness: 1300.684053 	[3, 12, 11, 0, 15, 1, 9, 6, 2, 0, 7, 8, 5, 13, 14, 10, 0, 4, 0, 1, 1, 0, 1, 0, 1, 0, 1, 1, 0, 1, 1, 1, 1, 0]
Fitness: 1319.016794 	[3, 12, 11, 0, 7, 8, 5, 13, 14, 10, 0, 15, 1, 9, 6, 2, 0, 4, 0, 1, 1, 0, 1, 0, 1, 0, 1, 1, 0, 1, 1, 1, 1, 0]
Fitness: 1300.684053 	[7, 8, 5, 13, 14, 10, 0, 3, 12, 11, 0, 15, 1, 9, 6, 2, 0, 4, 0, 1, 1, 0, 1, 0, 1, 0, 1, 1, 0, 1, 1, 1, 1, 0]
Fitness: 1283.093377 	[5, 14, 1, 7, 10, 15, 9, 8, 0, 13, 0, 2, 3, 12, 0, 6, 4, 11, 0, 0, 0, 1, 1, 1, 1, 1, 1, 1, 0, 1, 0, 1, 1, 0]
Fitness: 1273.341610 	[15, 13, 5, 0, 6, 12, 0, 14, 11, 0, 4, 1, 8, 2, 9, 7, 3, 10, 0, 1, 0, 1, 0, 1, 1, 1, 1, 1, 0, 1, 0, 1, 1, 0]
Fitness: 1283.093377 	[6, 4, 11, 0, 13, 0, 14, 12, 0, 5, 1, 8, 2, 9, 7, 3, 10, 15, 0, 0, 1, 0, 1, 1, 1, 1, 1, 1, 0, 1, 0, 1, 1, 0]
Fitness: 1377.538070 	[13, 0, 15, 7, 8, 5, 6, 9, 10, 0, 14, 2, 3, 11, 0, 1, 12, 4, 0, 1, 1, 0, 1, 1, 1, 0, 1, 0, 1, 0, 1, 1, 1, 0]
Fitness: 1260.267658 	[4, 0, 6, 12, 7, 0, 2, 13, 0, 9, 10, 1, 11, 3, 5, 15, 14, 8, 0, 0, 1, 1, 0, 1, 1, 1, 1, 0, 1, 1, 1, 1, 0, 0]
Fitness: 1377.538070 	[4, 0, 15, 7, 8, 5, 6, 9, 10, 0, 13, 0, 2, 12, 1, 11, 3, 14, 0, 1, 1, 0, 1, 1, 1, 0, 1, 0, 1, 0, 1, 1, 1, 0]
Fitness: 1247.169469 	[14, 6, 9, 11, 3, 8, 15, 0, 13, 2, 0, 7, 10, 4, 0, 1, 5, 12, 0, 0, 1, 0, 1, 1, 1, 1, 1, 0, 1, 1, 1, 0, 1, 0]
Fitness: 1247.169469 	[14, 6, 9, 11, 3, 8, 15, 0, 13, 2, 0, 7, 10, 4, 0, 1, 5, 12, 0, 0, 1, 0, 1, 1, 1, 1, 1, 0, 1, 1, 1, 0, 1, 0]
Fitness: 1247.169469 	[10, 4, 7, 0, 14, 6, 9, 11, 3, 8, 15, 0, 13, 2, 0, 1, 5, 12, 0, 0, 1, 0, 1, 1, 1, 1, 1, 0, 1, 1, 1, 0, 1, 0]
Fitness: 1358.306500 	[13, 6, 4, 11, 0, 12, 0, 8, 2, 9, 7, 3, 10, 0, 15, 1, 5, 14, 0, 0, 1, 1, 1, 0, 1, 1, 1, 1, 0, 1, 0, 1, 1, 0]
Fitness: 1226.593989 	[5, 14, 1, 7, 10, 15, 9, 8, 0, 13, 0, 2, 3, 12, 0, 6, 4, 11, 0, 1, 1, 0, 0, 1, 1, 1, 1, 1, 0, 1, 0, 1, 1, 0]
Fitness: 1358.306500 	[12, 13, 0, 8, 2, 9, 7, 3, 10, 0, 15, 1, 5, 14, 0, 6, 4, 11, 0, 0, 1, 1, 1, 0, 1, 1, 1, 1, 0, 1, 0, 1, 1, 0]
Fitness: 1226.394486 	[6, 0, 3, 10, 4, 0, 7, 2, 12, 0, 13, 14, 11, 8, 15, 1, 9, 5, 0, 0, 1, 1, 1, 0, 1, 1, 1, 1, 0, 1, 1, 0, 1, 0]
Fitness: 1319.016794 	[3, 12, 11, 0, 7, 8, 5, 13, 14, 10, 0, 15, 1, 9, 6, 2, 0, 4, 0, 1, 1, 0, 1, 0, 1, 0, 1, 1, 0, 1, 1, 1, 1, 0]
Fitness: 1226.394486 	[1, 5, 11, 0, 3, 10, 4, 0, 7, 2, 12, 0, 6, 8, 9, 13, 14, 15, 0, 0, 1, 1, 1, 0, 1, 1, 1, 0, 1, 1, 1, 0, 1, 0]
Fitness: 1377.538070 	[1, 12, 4, 0, 15, 7, 8, 5, 6, 9, 10, 0, 14, 2, 3, 11, 0, 13, 0, 1, 1, 0, 0, 1, 1, 1, 0, 1, 1, 0, 1, 1, 1, 0]
Fitness: 1262.192867 	[1, 8, 2, 9, 7, 3, 10, 0, 12, 0, 15, 13, 5, 14, 0, 6, 4, 11, 0, 1, 1, 0, 0, 1, 1, 1, 0, 1, 0, 1, 1, 1, 1, 0]
Fitness: 1377.538070 	[13, 8, 5, 9, 7, 15, 10, 0, 14, 2, 3, 11, 0, 1, 12, 4, 0, 6, 0, 1, 1, 0, 1, 1, 1, 0, 1, 0, 1, 0, 1, 1, 1, 0]
Fitness: 1294.274475 	[4, 12, 7, 9, 0, 3, 5, 15, 14, 8, 0, 6, 2, 0, 13, 10, 1, 11, 0, 0, 1, 1, 1, 1, 0, 1, 0, 1, 1, 0, 1, 1, 1, 0]
Fitness: 1226.394486 	[6, 0, 3, 10, 4, 0, 7, 2, 12, 0, 13, 14, 11, 8, 15, 1, 9, 5, 0, 0, 1, 1, 1, 0, 1, 1, 1, 1, 0, 1, 1, 0, 1, 0]
Fitness: 1264.554535 	[5, 14, 1, 7, 10, 15, 9, 8, 0, 6, 4, 11, 0, 2, 3, 12, 0, 13, 0, 0, 1, 0, 1, 1, 1, 1, 1, 1, 0, 1, 0, 1, 1, 0]
Fitness: 1226.394486 	[7, 2, 12, 0, 6, 0, 1, 3, 4, 0, 13, 5, 8, 9, 10, 11, 14, 15, 0, 0, 1, 1, 1, 0, 1, 1, 1, 0, 1, 1, 1, 0, 1, 0]
Fitness: 1358.306500 	[13, 6, 4, 11, 0, 12, 0, 8, 2, 9, 7, 3, 10, 0, 15, 1, 5, 14, 0, 0, 1, 1, 1, 0, 1, 1, 1, 1, 0, 1, 0, 1, 1, 0]
Fitness: 1243.902226 	[1, 8, 2, 9, 7, 3, 10, 0, 11, 12, 0, 15, 13, 5, 14, 0, 6, 4, 0, 1, 1, 0, 0, 1, 1, 1, 1, 0, 1, 1, 0, 1, 1, 0]
Fitness: 1358.306500 	[15, 1, 5, 14, 0, 12, 0, 2, 13, 3, 7, 0, 6, 4, 8, 9, 10, 11, 0, 0, 1, 1, 1, 0, 1, 1, 1, 1, 0, 1, 0, 1, 1, 0]
Fitness: 1337.326123 	[15, 2, 12, 0, 7, 8, 5, 13, 14, 10, 0, 4, 0, 6, 11, 3, 1, 9, 0, 1, 1, 0, 1, 1, 1, 0, 1, 1, 0, 1, 1, 0, 1, 0]
Fitness: 1272.100826 	[7, 8, 5, 13, 10, 0, 4, 0, 6, 1, 0, 14, 9, 3, 2, 11, 12, 15, 0, 0, 1, 0, 1, 1, 1, 0, 1, 1, 0, 1, 1, 1, 1, 0]
Fitness: 1337.326123 	[15, 2, 12, 0, 6, 11, 3, 1, 9, 0, 4, 5, 0, 14, 7, 8, 10, 13, 0, 1, 1, 0, 1, 0, 1, 0, 1, 1, 1, 1, 1, 0, 1, 0]
Fitness: 1226.593989 	[12, 2, 4, 6, 0, 13, 0, 5, 14, 1, 7, 10, 15, 9, 8, 0, 11, 3, 0, 1, 1, 0, 0, 1, 1, 1, 1, 1, 0, 1, 0, 1, 1, 0]
Fitness: 1337.326123 	[7, 8, 5, 13, 14, 10, 0, 6, 11, 3, 1, 9, 0, 4, 0, 2, 12, 15, 0, 1, 1, 0, 1, 0, 1, 0, 1, 1, 1, 1, 1, 0, 1, 0]
Fitness: 1293.401346 	[1, 8, 2, 9, 7, 3, 10, 0, 6, 12, 0, 4, 11, 0, 15, 13, 5, 14, 0, 1, 1, 0, 1, 0, 1, 1, 1, 1, 0, 1, 0, 1, 1, 0]
Fitness: 1337.326123 	[1, 11, 4, 9, 3, 0, 6, 0, 7, 8, 5, 13, 14, 10, 0, 2, 12, 15, 0, 1, 1, 0, 1, 0, 1, 0, 1, 1, 1, 1, 1, 0, 1, 0]
Fitness: 1276.812042 	[1, 0, 14, 2, 3, 11, 0, 15, 7, 8, 5, 6, 9, 10, 0, 12, 13, 4, 0, 1, 1, 1, 0, 1, 1, 0, 1, 0, 1, 0, 1, 1, 1, 0]
Fitness: 1244.201875 	[4, 1, 8, 2, 9, 7, 3, 10, 0, 6, 12, 0, 14, 11, 0, 15, 13, 5, 0, 0, 1, 1, 0, 1, 1, 1, 1, 1, 0, 1, 0, 1, 1, 0]
Fitness: 1276.812042 	[4, 1, 12, 0, 15, 7, 8, 5, 6, 9, 10, 0, 14, 2, 3, 11, 0, 13, 0, 1, 1, 0, 1, 1, 1, 0, 1, 0, 1, 0, 1, 1, 1, 0]
Fitness: 1227.755849 	[14, 2, 3, 11, 0, 7, 8, 5, 6, 9, 10, 0, 1, 12, 4, 0, 13, 15, 0, 0, 1, 1, 1, 1, 0, 1, 0, 1, 1, 0, 1, 1, 1, 0]
Fitness: 1262.935125 	[6, 2, 0, 12, 7, 9, 0, 13, 10, 1, 11, 3, 5, 15, 14, 8, 0, 4, 0, 0, 1, 1, 1, 1, 0, 1, 0, 1, 1, 0, 1, 1, 1, 0]
Fitness: 1227.755849 	[14, 2, 3, 11, 0, 13, 15, 0, 9, 10, 1, 12, 6, 5, 7, 8, 0, 4, 0, 0, 1, 1, 1, 0, 1, 0, 1, 1, 1, 0, 1, 1, 1, 0]
Fitness: 1260.426687 	[4, 0, 1, 3, 14, 0, 13, 2, 7, 8, 9, 10, 11, 15, 0, 6, 5, 12, 0, 1, 0, 1, 1, 1, 1, 0, 0, 1, 1, 1, 0, 1, 1, 0]
Fitness: 1345.707022 	[4, 0, 13, 2, 7, 8, 9, 10, 11, 15, 0, 6, 5, 12, 0, 1, 3, 14, 0, 1, 0, 1, 1, 1, 1, 0, 0, 1, 1, 1, 0, 1, 1, 0]
Fitness: 1260.426687 	[4, 0, 6, 5, 12, 0, 1, 3, 14, 0, 2, 7, 8, 9, 10, 11, 13, 15, 0, 1, 0, 1, 1, 1, 1, 0, 0, 1, 1, 1, 0, 1, 1, 0]
Fitness: 1262.935125 	[6, 2, 0, 12, 7, 9, 0, 13, 10, 1, 11, 3, 5, 15, 14, 8, 0, 4, 0, 0, 1, 1, 1, 1, 0, 1, 0, 1, 0, 1, 1, 1, 1, 0]
Fitness: 1265.860227 	[14, 9, 3, 2, 11, 12, 15, 0, 4, 0, 6, 13, 0, 10, 1, 7, 5, 8, 0, 0, 1, 0, 1, 1, 1, 0, 1, 1, 0, 1, 1, 1, 1, 0]
Fitness: 1262.935125 	[7, 9, 12, 0, 4, 0, 13, 10, 1, 11, 3, 5, 15, 14, 8, 0, 6, 2, 0, 0, 1, 1, 1, 1, 0, 1, 0, 1, 1, 0, 1, 1, 1, 0]
Fitness: 1226.593989 	[5, 14, 1, 7, 10, 15, 9, 8, 0, 13, 0, 2, 3, 12, 0, 6, 4, 11, 0, 1, 1, 0, 0, 1, 1, 1, 0, 1, 1, 1, 0, 1, 1, 0]
Fitness: 1264.436136 	[15, 1, 8, 2, 9, 7, 3, 10, 0, 12, 0, 6, 4, 11, 0, 13, 5, 14, 0, 1, 1, 0, 0, 1, 1, 1, 0, 1, 1, 1, 1, 0, 1, 0]
Fitness: 1226.593989 	[15, 1, 8, 2, 9, 7, 3, 10, 0, 6, 4, 11, 0, 13, 0, 12, 5, 14, 0, 1, 1, 0, 0, 1, 1, 1, 1, 1, 0, 1, 0, 1, 1, 0]
Fitness: 1337.326123 	[1, 9, 3, 2, 11, 12, 15, 0, 6, 0, 4, 0, 7, 8, 5, 13, 14, 10, 0, 1, 1, 0, 1, 0, 1, 0, 1, 1, 1, 1, 1, 0, 1, 0]
Fitness: 1227.755849 	[4, 0, 7, 8, 5, 6, 9, 10, 0, 14, 2, 3, 11, 0, 1, 13, 12, 15, 0, 0, 1, 1, 1, 0, 1, 0, 1, 1, 1, 0, 1, 1, 1, 0]
Fitness: 1226.394486 	[6, 0, 3, 10, 4, 0, 7, 2, 12, 0, 13, 14, 11, 8, 15, 1, 9, 5, 0, 0, 1, 1, 1, 0, 1, 1, 1, 1, 0, 1, 0, 1, 1, 0]
Fitness: 1225.680842 	[8, 2, 9, 7, 3, 10, 0, 6, 4, 11, 0, 12, 14, 5, 15, 0, 13, 1, 0, 1, 1, 0, 0, 1, 1, 1, 1, 1, 0, 1, 0, 1, 1, 0]
Fitness: 1226.394486 	[12, 2, 7, 3, 10, 0, 4, 0, 6, 0, 13, 14, 11, 8, 15, 1, 9, 5, 0, 0, 1, 1, 1, 0, 1, 1, 1, 0, 1, 1, 1, 0, 1, 0]
Fitness: 1461.553949 	[6, 12, 7, 9, 0, 10, 1, 11, 3, 5, 15, 14, 8, 0, 2, 13, 0, 4, 0, 1, 0, 1, 0, 1, 0, 1, 1, 1, 1, 0, 1, 1, 1, 0]
Fitness: 1227.755849 	[1, 12, 4, 0, 7, 8, 5, 6, 9, 10, 0, 14, 2, 3, 11, 0, 13, 15, 0, 0, 1, 1, 1, 0, 1, 0, 1, 1, 1, 0, 1, 1, 1, 0]
Fitness: 1461.553949 	[2, 13, 0, 10, 1, 11, 3, 5, 15, 14, 8, 0, 4, 6, 7, 9, 0, 12, 0, 1, 0, 1, 0, 1, 0, 1, 1, 1, 1, 0, 1, 1, 1, 0]
Fitness: 1337.326123 	[15, 2, 12, 0, 7, 8, 5, 13, 14, 10, 0, 4, 0, 6, 11, 3, 1, 9, 0, 1, 1, 0, 1, 0, 1, 0, 1, 1, 1, 1, 1, 0, 1, 0]
Fitness: 1283.093377 	[5, 14, 1, 7, 10, 15, 9, 8, 0, 13, 0, 2, 3, 12, 0, 6, 4, 11, 0, 0, 1, 0, 1, 1, 1, 1, 1, 1, 0, 1, 0, 1, 1, 0]
Fitness: 1337.326123 	[2, 3, 1, 12, 15, 9, 0, 4, 0, 7, 8, 5, 13, 14, 10, 0, 6, 11, 0, 1, 1, 0, 1, 0, 1, 0, 1, 1, 1, 1, 1, 0, 1, 0]
Fitness: 1252.101056 	[12, 15, 3, 13, 6, 8, 0, 2, 0, 1, 5, 4, 0, 7, 9, 11, 10, 14, 0, 1, 0, 1, 1, 0, 1, 1, 0, 1, 1, 1, 1, 0, 1, 0]
Fitness: 1323.721421 	[9, 15, 7, 4, 1, 0, 8, 13, 3, 11, 2, 0, 6, 0, 5, 14, 12, 10, 0, 1, 0, 1, 1, 0, 1, 1, 0, 1, 1, 1, 1, 0, 1, 0]
Fitness: 1252.101056 	[2, 0, 12, 15, 3, 13, 6, 8, 0, 1, 0, 5, 14, 4, 10, 7, 9, 11, 0, 1, 0, 1, 1, 0, 1, 1, 0, 1, 1, 1, 0, 1, 1, 0]
Fitness: 1226.593989 	[5, 14, 1, 7, 10, 15, 9, 8, 0, 2, 13, 0, 3, 12, 0, 6, 4, 11, 0, 1, 1, 1, 0, 0, 1, 1, 1, 1, 0, 1, 0, 1, 1, 0]
Fitness: 1272.100826 	[7, 5, 13, 10, 0, 4, 0, 6, 1, 0, 8, 14, 9, 3, 2, 11, 12, 15, 0, 0, 1, 0, 1, 1, 1, 1, 1, 1, 0, 1, 1, 0, 1, 0]
Fitness: 1226.593989 	[9, 7, 3, 10, 0, 6, 4, 11, 0, 15, 1, 8, 2, 0, 13, 12, 5, 14, 0, 1, 1, 0, 1, 0, 1, 1, 1, 1, 0, 1, 0, 1, 1, 0]
Fitness: 1319.016794 	[3, 11, 0, 7, 8, 5, 13, 14, 10, 0, 15, 1, 9, 6, 2, 0, 12, 4, 0, 0, 1, 0, 1, 1, 1, 0, 1, 1, 0, 1, 1, 1, 1, 0]
Fitness: 1284.333182 	[5, 14, 1, 7, 10, 9, 8, 0, 13, 0, 15, 6, 4, 11, 0, 2, 3, 12, 0, 1, 1, 0, 1, 0, 1, 1, 1, 1, 1, 1, 0, 1, 0, 0]
Fitness: 1410.191540 	[1, 8, 2, 0, 12, 4, 11, 0, 9, 7, 3, 10, 0, 13, 6, 15, 5, 14, 0, 0, 0, 1, 1, 1, 0, 1, 1, 1, 0, 1, 1, 1, 1, 0]
Fitness: 1261.081839 	[14, 4, 13, 7, 0, 6, 2, 12, 0, 10, 0, 11, 9, 5, 15, 3, 8, 1, 0, 1, 0, 1, 0, 0, 1, 1, 1, 1, 1, 1, 1, 0, 1, 0]
Fitness: 1262.192867 	[1, 8, 2, 9, 7, 3, 10, 0, 14, 12, 0, 15, 13, 5, 0, 6, 4, 11, 0, 1, 1, 1, 0, 1, 1, 1, 0, 1, 0, 1, 1, 0, 1, 0]
Fitness: 1264.436136 	[15, 8, 2, 9, 7, 3, 10, 0, 1, 12, 0, 6, 4, 11, 0, 13, 5, 14, 0, 1, 1, 0, 0, 0, 1, 1, 1, 1, 1, 1, 1, 0, 1, 0]
Fitness: 1260.267658 	[9, 10, 1, 11, 0, 6, 12, 7, 0, 4, 2, 13, 0, 3, 5, 15, 14, 8, 0, 0, 1, 1, 0, 1, 1, 1, 1, 0, 0, 1, 1, 1, 1, 0]
Fitness: 1337.326123 	[15, 2, 0, 12, 6, 11, 3, 1, 9, 0, 4, 5, 0, 14, 7, 8, 10, 13, 0, 1, 0, 0, 1, 0, 1, 1, 1, 1, 1, 1, 1, 0, 1, 0]
Fitness: 1377.538070 	[7, 13, 0, 15, 8, 5, 6, 9, 10, 0, 14, 2, 3, 11, 0, 1, 12, 4, 0, 1, 0, 0, 1, 1, 1, 0, 1, 1, 1, 0, 1, 1, 1, 0]
Fitness: 1265.860227 	[14, 9, 3, 2, 11, 12, 15, 0, 6, 4, 0, 13, 0, 10, 1, 7, 5, 8, 0, 0, 1, 1, 1, 1, 1, 0, 1, 0, 0, 1, 1, 1, 1, 0]
Fitness: 1226.593989 	[12, 4, 6, 0, 2, 13, 0, 5, 14, 1, 7, 10, 15, 9, 8, 0, 11, 3, 0, 1, 1, 0, 0, 1, 0, 1, 1, 1, 0, 1, 1, 1, 1, 0]
Fitness: 1358.306500 	[12, 13, 6, 4, 11, 0, 8, 2, 9, 0, 7, 3, 10, 0, 15, 1, 5, 14, 0, 0, 1, 1, 1, 0, 1, 1, 1, 0, 1, 1, 0, 1, 1, 0]
Fitness: 1377.538070 	[1, 4, 0, 15, 7, 8, 5, 6, 9, 10, 0, 14, 2, 3, 11, 0, 12, 13, 0, 1, 1, 1, 0, 1, 1, 1, 0, 0, 1, 0, 1, 1, 1, 0]
Fitness: 1461.553949 	[2, 13, 0, 10, 1, 11, 3, 5, 15, 14, 8, 0, 4, 6, 7, 0, 9, 12, 0, 0, 0, 1, 0, 1, 1, 1, 1, 1, 1, 0, 1, 1, 1, 0]
Fitness: 1323.721421 	[9, 15, 7, 4, 1, 0, 3, 11, 2, 0, 6, 8, 13, 0, 5, 14, 12, 10, 0, 1, 0, 1, 1, 0, 1, 1, 1, 1, 1, 1, 0, 0, 1, 0]
Fitness: 1226.394486 	[7, 2, 12, 0, 6, 13, 5, 8, 0, 1, 3, 4, 0, 9, 10, 11, 14, 15, 0, 0, 1, 1, 1, 1, 1, 1, 1, 0, 0, 1, 1, 0, 1, 0]
Fitness: 1231.121808 	[7, 15, 10, 4, 0, 6, 5, 2, 0, 8, 12, 0, 14, 11, 13, 3, 1, 9, 0, 1, 1, 1, 0, 1, 0, 0, 1, 1, 1, 1, 0, 1, 1, 0]
Fitness: 1226.394486 	[6, 13, 14, 11, 0, 3, 10, 4, 0, 7, 2, 12, 0, 8, 15, 1, 9, 5, 0, 0, 1, 1, 1, 1, 1, 1, 1, 0, 1, 1, 1, 0, 0, 0]
Fitness: 1272.100826 	[7, 8, 5, 10, 0, 4, 0, 13, 6, 1, 0, 14, 9, 3, 2, 11, 12, 15, 0, 0, 1, 0, 1, 0, 1, 1, 1, 1, 0, 1, 1, 1, 1, 0]
Fitness: 1227.755849 	[5, 1, 12, 4, 0, 7, 8, 6, 9, 10, 0, 14, 2, 3, 11, 0, 13, 15, 0, 1, 1, 1, 1, 0, 0, 0, 1, 1, 1, 0, 1, 1, 1, 0]
Fitness: 1319.016794 	[4, 3, 12, 11, 0, 13, 14, 10, 0, 15, 1, 9, 6, 2, 0, 7, 8, 5, 0, 1, 1, 1, 0, 0, 1, 0, 1, 1, 0, 1, 1, 1, 1, 0]
Fitness: 1226.394486 	[6, 0, 3, 10, 0, 7, 2, 12, 0, 4, 13, 14, 11, 8, 15, 1, 9, 5, 0, 1, 1, 1, 1, 0, 1, 1, 1, 0, 1, 0, 1, 0, 1, 0]
Fitness: 1319.016794 	[3, 11, 0, 12, 7, 8, 5, 13, 14, 10, 0, 15, 1, 9, 6, 2, 0, 4, 0, 1, 1, 0, 1, 1, 1, 0, 1, 1, 0, 0, 1, 1, 1, 0]
Fitness: 1337.326123 	[7, 8, 5, 13, 14, 10, 0, 6, 3, 1, 9, 0, 11, 4, 0, 2, 12, 15, 0, 0, 1, 1, 1, 0, 1, 0, 1, 1, 1, 1, 1, 0, 1, 0]
Fitness: 1255.719980 	[1, 8, 2, 9, 7, 10, 0, 3, 6, 4, 11, 0, 15, 13, 5, 14, 0, 12, 0, 1, 1, 0, 0, 1, 0, 1, 1, 1, 0, 1, 1, 1, 1, 0]
Fitness: 1226.394486 	[6, 0, 13, 3, 10, 4, 0, 7, 2, 12, 0, 14, 11, 8, 15, 1, 9, 5, 0, 0, 1, 1, 1, 0, 1, 0, 1, 1, 0, 1, 1, 1, 1, 0]
Fitness: 1319.016794 	[3, 12, 11, 0, 7, 8, 5, 13, 14, 10, 0, 15, 9, 6, 2, 0, 1, 4, 0, 1, 1, 0, 1, 0, 1, 1, 0, 1, 0, 1, 1, 1, 1, 0]
Fitness: 1282.721868 	[2, 10, 15, 0, 6, 3, 1, 9, 0, 11, 4, 0, 7, 12, 13, 5, 8, 14, 0, 1, 1, 0, 1, 0, 1, 1, 1, 1, 0, 1, 1, 0, 1, 0]
Fitness: 1226.593989 	[5, 14, 1, 7, 10, 15, 8, 0, 13, 0, 2, 3, 12, 0, 9, 6, 4, 11, 0, 1, 1, 0, 0, 1, 0, 1, 1, 1, 1, 1, 0, 1, 1, 0]
Fitness: 1319.016794 	[5, 3, 12, 11, 0, 7, 8, 13, 14, 10, 0, 15, 1, 9, 6, 2, 0, 4, 0, 1, 1, 0, 0, 1, 1, 0, 1, 1, 0, 1, 1, 1, 1, 0]
Fitness: 1227.755849 	[14, 2, 3, 11, 0, 7, 5, 6, 9, 10, 0, 1, 12, 4, 0, 8, 13, 15, 0, 0, 1, 0, 1, 0, 1, 0, 1, 1, 1, 1, 1, 1, 1, 0]
Fitness: 1358.306500 	[12, 15, 1, 5, 14, 0, 6, 4, 8, 0, 2, 13, 3, 7, 0, 9, 10, 11, 0, 0, 1, 1, 1, 0, 1, 0, 1, 1, 1, 1, 0, 1, 1, 0]
Fitness: 1226.394486 	[3, 6, 0, 10, 4, 0, 7, 2, 12, 0, 13, 14, 11, 8, 15, 1, 9, 5, 0, 0, 0, 1, 1, 1, 1, 1, 1, 1, 0, 1, 1, 0, 1, 0]
Fitness: 1260.267658 	[4, 0, 14, 6, 12, 7, 0, 2, 13, 0, 9, 10, 1, 11, 3, 5, 15, 8, 0, 0, 1, 1, 1, 1, 0, 1, 1, 0, 1, 1, 1, 1, 0, 0]
Fitness: 1227.755849 	[1, 12, 4, 0, 7, 8, 5, 6, 9, 10, 0, 14, 2, 3, 0, 11, 13, 15, 0, 0, 1, 1, 1, 0, 1, 0, 1, 0, 1, 1, 1, 1, 1, 0]
Fitness: 1330.445406 	[4, 0, 1, 3, 14, 0, 13, 6, 5, 12, 0, 2, 7, 8, 9, 10, 11, 15, 0, 1, 0, 1, 1, 1, 0, 0, 0, 1, 1, 1, 1, 1, 1, 0]
Fitness: 1227.755849 	[1, 12, 4, 0, 7, 8, 5, 6, 9, 10, 0, 14, 2, 11, 0, 3, 13, 15, 0, 1, 1, 1, 1, 0, 0, 0, 1, 1, 1, 0, 1, 1, 1, 0]
Fitness: 1319.016794 	[3, 12, 11, 0, 8, 5, 13, 14, 10, 0, 7, 15, 1, 9, 6, 2, 0, 4, 0, 1, 1, 0, 1, 1, 0, 0, 1, 1, 0, 1, 1, 1, 1, 0]
Fitness: 1225.680842 	[8, 9, 7, 3, 10, 0, 6, 4, 11, 0, 2, 12, 14, 5, 15, 0, 13, 1, 0, 1, 0, 1, 0, 1, 1, 1, 1, 1, 0, 1, 0, 1, 1, 0]
Fitness: 1247.477376 	[2, 4, 0, 6, 12, 7, 9, 0, 10, 1, 11, 3, 5, 15, 14, 8, 0, 13, 0, 0, 1, 1, 0, 0, 1, 1, 1, 1, 1, 0, 1, 1, 1, 0]
Fitness: 1293.401346 	[1, 8, 2, 9, 7, 10, 0, 6, 12, 0, 4, 11, 0, 3, 15, 13, 5, 14, 0, 1, 1, 0, 0, 1, 1, 1, 1, 1, 0, 1, 0, 1, 1, 0]
Fitness: 1247.169469 	[14, 6, 9, 11, 8, 15, 0, 13, 2, 0, 3, 7, 10, 4, 0, 1, 5, 12, 0, 0, 1, 0, 1, 1, 1, 1, 1, 0, 1, 1, 0, 1, 1, 0]
Fitness: 1244.201875 	[6, 15, 13, 5, 0, 12, 0, 14, 11, 0, 4, 1, 8, 2, 9, 7, 3, 10, 0, 0, 1, 1, 0, 1, 1, 1, 0, 1, 0, 1, 1, 1, 1, 0]
Fitness: 1218.890370 	[3, 12, 0, 7, 8, 5, 13, 14, 10, 0, 11, 9, 2, 1, 4, 15, 0, 6, 0, 1, 1, 0, 1, 0, 1, 1, 1, 1, 0, 1, 0, 1, 1, 0]
Fitness: 1243.902226 	[1, 8, 2, 9, 7, 3, 10, 0, 13, 11, 12, 0, 15, 5, 14, 0, 6, 4, 0, 1, 0, 1, 0, 1, 1, 1, 1, 0, 1, 1, 0, 1, 1, 0]
Fitness: 1227.755849 	[14, 2, 3, 0, 13, 15, 0, 11, 9, 10, 1, 12, 6, 5, 7, 8, 0, 4, 0, 0, 1, 1, 1, 1, 1, 0, 1, 1, 1, 0, 1, 1, 0, 0]
Fitness: 1300.684053 	[3, 12, 11, 0, 15, 1, 6, 2, 0, 7, 8, 5, 13, 14, 10, 0, 9, 4, 0, 1, 1, 1, 1, 0, 1, 0, 1, 1, 0, 1, 1, 0, 1, 0]
Fitness: 1282.721868 	[2, 10, 15, 0, 6, 11, 3, 1, 9, 0, 7, 12, 13, 5, 8, 14, 0, 4, 0, 1, 1, 0, 1, 0, 1, 0, 1, 1, 1, 1, 1, 0, 1, 0]
Fitness: 1272.100826 	[4, 0, 7, 8, 5, 13, 10, 0, 6, 1, 0, 14, 9, 3, 2, 11, 12, 15, 0, 0, 1, 0, 1, 1, 1, 0, 1, 1, 0, 1, 1, 1, 1, 0]
Fitness: 1377.538070 	[13, 0, 1, 12, 4, 0, 14, 2, 3, 11, 0, 15, 7, 8, 5, 6, 9, 10, 0, 1, 1, 0, 1, 1, 1, 0, 1, 0, 1, 0, 1, 1, 1, 0]
Fitness: 1272.100826 	[6, 1, 0, 4, 0, 7, 5, 13, 10, 0, 8, 14, 9, 3, 2, 11, 12, 15, 0, 0, 1, 0, 1, 1, 1, 1, 1, 1, 0, 1, 1, 0, 1, 0]
Fitness: 1243.902226 	[6, 4, 0, 11, 12, 0, 15, 13, 5, 14, 0, 1, 8, 2, 9, 7, 3, 10, 0, 1, 1, 0, 0, 1, 1, 1, 1, 0, 1, 1, 0, 1, 1, 0]
Fitness: 1272.100826 	[6, 1, 0, 4, 0, 7, 8, 5, 13, 10, 0, 14, 9, 3, 2, 11, 12, 15, 0, 0, 1, 0, 1, 1, 1, 0, 1, 1, 0, 1, 1, 1, 1, 0]
Fitness: 1218.890370 	[7, 8, 5, 13, 14, 10, 0, 3, 12, 11, 0, 9, 2, 1, 4, 15, 0, 6, 0, 1, 1, 0, 1, 0, 1, 0, 1, 1, 0, 1, 1, 1, 1, 0]
Fitness: 1227.755849 	[7, 8, 5, 6, 9, 10, 0, 14, 2, 3, 11, 0, 1, 12, 4, 0, 13, 15, 0, 0, 1, 1, 1, 0, 1, 0, 1, 1, 1, 0, 1, 1, 1, 0]
Fitness: 1410.191540 	[1, 8, 2, 0, 9, 7, 3, 10, 0, 12, 4, 11, 0, 13, 6, 15, 5, 14, 0, 0, 0, 1, 1, 1, 0, 1, 1, 1, 0, 1, 1, 1, 1, 0]
Fitness: 1337.326123 	[6, 11, 3, 1, 9, 0, 15, 2, 12, 0, 4, 5, 0, 14, 7, 8, 10, 13, 0, 1, 1, 0, 1, 0, 1, 0, 1, 1, 1, 1, 1, 0, 1, 0]
Fitness: 1265.860227 	[14, 9, 3, 2, 11, 12, 15, 0, 6, 4, 0, 10, 1, 7, 5, 8, 0, 13, 0, 0, 1, 1, 1, 1, 1, 0, 1, 0, 0, 1, 1, 1, 1, 0]
Fitness: 1255.719980 	[15, 13, 5, 14, 0, 3, 6, 4, 11, 0, 1, 8, 2, 9, 7, 10, 0, 12, 0, 1, 1, 0, 0, 1, 0, 1, 1, 1, 0, 1, 1, 1, 1, 0]
Fitness: 1227.755849 	[14, 2, 3, 11, 0, 7, 8, 5, 6, 9, 10, 0, 13, 15, 0, 1, 12, 4, 0, 0, 1, 1, 1, 0, 1, 0, 1, 1, 1, 0, 1, 1, 1, 0]
Fitness: 1255.719980 	[1, 8, 2, 9, 7, 3, 10, 0, 15, 13, 5, 14, 0, 6, 4, 11, 0, 12, 0, 1, 1, 0, 0, 1, 1, 1, 0, 1, 0, 1, 1, 1, 1, 0]
Fitness: 1319.016794 	[3, 12, 11, 0, 15, 1, 9, 6, 2, 0, 7, 8, 5, 13, 14, 10, 0, 4, 0, 1, 1, 0, 1, 0, 1, 0, 1, 1, 0, 1, 1, 1, 1, 0]
Fitness: 1252.101056 	[1, 5, 4, 0, 2, 0, 12, 15, 3, 13, 6, 8, 0, 7, 9, 11, 10, 14, 0, 1, 0, 1, 1, 0, 1, 1, 0, 1, 1, 1, 0, 1, 1, 0]
Fitness: 1377.538070 	[13, 0, 15, 7, 8, 5, 6, 9, 10, 0, 14, 2, 3, 11, 0, 1, 12, 4, 0, 1, 1, 0, 0, 1, 1, 1, 0, 1, 1, 0, 1, 1, 1, 0]
Fitness: 1247.169469 	[14, 6, 9, 11, 3, 8, 15, 0, 1, 5, 12, 0, 7, 10, 4, 0, 13, 2, 0, 0, 1, 0, 1, 1, 1, 1, 1, 0, 1, 1, 1, 0, 1, 0]
Fitness: 1226.593989 	[15, 1, 8, 2, 9, 7, 3, 10, 0, 6, 4, 11, 0, 12, 5, 14, 0, 13, 0, 1, 1, 0, 0, 1, 1, 1, 1, 1, 0, 1, 0, 1, 1, 0]
Fitness: 1226.394486 	[1, 3, 4, 0, 6, 13, 5, 8, 0, 7, 2, 12, 0, 9, 10, 11, 14, 15, 0, 0, 1, 1, 1, 1, 1, 1, 1, 0, 0, 1, 1, 0, 1, 0]
Fitness: 1226.593989 	[5, 14, 1, 7, 10, 15, 9, 8, 0, 13, 0, 6, 4, 11, 0, 2, 3, 12, 0, 1, 1, 0, 0, 1, 1, 1, 1, 1, 0, 1, 0, 1, 1, 0]
Fitness: 1319.016794 	[8, 5, 13, 14, 10, 0, 3, 12, 11, 0, 7, 15, 1, 9, 6, 2, 0, 4, 0, 1, 1, 0, 1, 1, 0, 0, 1, 1, 0, 1, 1, 1, 1, 0]
Fitness: 1265.860227 	[14, 9, 3, 2, 11, 12, 15, 0, 10, 1, 7, 5, 8, 0, 6, 13, 0, 4, 0, 0, 1, 0, 1, 1, 1, 0, 1, 1, 0, 1, 1, 1, 1, 0]
Fitness: 1225.680842 	[6, 4, 11, 0, 8, 9, 7, 3, 10, 0, 2, 12, 14, 5, 15, 0, 13, 1, 0, 1, 0, 1, 0, 1, 1, 1, 1, 1, 0, 1, 0, 1, 1, 0]
Fitness: 1247.477376 	[4, 0, 10, 1, 11, 3, 5, 15, 14, 8, 0, 6, 12, 7, 9, 0, 2, 13, 0, 0, 1, 1, 0, 1, 1, 1, 1, 0, 1, 0, 1, 1, 1, 0]
Fitness: 1272.100826 	[4, 0, 7, 8, 5, 10, 0, 13, 6, 1, 0, 14, 9, 3, 2, 11, 12, 15, 0, 0, 1, 0, 1, 0, 1, 1, 1, 1, 0, 1, 1, 1, 1, 0]
Fitness: 1260.426687 	[4, 0, 1, 3, 14, 0, 6, 5, 12, 0, 2, 7, 8, 9, 10, 11, 13, 15, 0, 1, 0, 1, 1, 1, 1, 0, 0, 1, 1, 1, 0, 1, 1, 0]
Fitness: 1227.755849 	[14, 2, 3, 11, 0, 7, 8, 5, 6, 9, 10, 0, 4, 0, 1, 13, 12, 15, 0, 0, 1, 1, 1, 0, 1, 0, 1, 1, 1, 0, 1, 1, 1, 0]
Fitness: 1377.538070 	[7, 13, 0, 15, 8, 5, 6, 9, 10, 0, 1, 12, 4, 0, 14, 2, 3, 11, 0, 1, 0, 0, 1, 1, 1, 0, 1, 1, 1, 0, 1, 1, 1, 0]
Fitness: 1330.445406 	[1, 3, 14, 0, 4, 0, 13, 6, 5, 12, 0, 2, 7, 8, 9, 10, 11, 15, 0, 1, 0, 1, 1, 1, 0, 0, 0, 1, 1, 1, 1, 1, 1, 0]
Fitness: 1260.267658 	[4, 0, 9, 10, 1, 11, 3, 5, 15, 14, 8, 0, 2, 13, 0, 6, 12, 7, 0, 0, 1, 1, 0, 1, 1, 1, 1, 0, 1, 1, 1, 1, 0, 0]
Fitness: 1226.593989 	[2, 3, 12, 0, 13, 0, 5, 14, 1, 7, 10, 15, 9, 8, 0, 6, 4, 11, 0, 1, 1, 0, 0, 1, 1, 1, 1, 1, 0, 1, 0, 1, 1, 0]
Fitness: 1260.267658 	[4, 0, 14, 6, 12, 7, 0, 9, 10, 1, 11, 3, 5, 15, 8, 0, 2, 13, 0, 0, 1, 1, 1, 1, 0, 1, 1, 0, 1, 1, 1, 1, 0, 0]
Fitness: 1319.016794 	[7, 8, 5, 13, 14, 10, 0, 3, 12, 11, 0, 15, 1, 9, 6, 2, 0, 4, 0, 1, 1, 0, 1, 0, 1, 0, 1, 1, 0, 1, 1, 1, 1, 0]
Fitness: 1226.593989 	[5, 14, 1, 7, 10, 15, 9, 8, 0, 13, 0, 6, 4, 11, 0, 2, 3, 12, 0, 1, 1, 0, 0, 1, 1, 1, 1, 1, 0, 1, 0, 1, 1, 0]
Fitness: 1318.097411 	[4, 12, 6, 0, 9, 10, 1, 11, 3, 5, 15, 14, 8, 0, 2, 13, 0, 7, 0, 0, 1, 1, 0, 1, 1, 1, 1, 0, 1, 1, 1, 1, 0, 0]
Fitness: 1227.755849 	[11, 9, 10, 1, 12, 6, 5, 7, 8, 0, 13, 15, 0, 14, 2, 3, 0, 4, 0, 0, 1, 1, 1, 1, 1, 0, 1, 1, 1, 0, 1, 1, 0, 0]
Fitness: 1330.445406 	[6, 5, 12, 0, 1, 3, 14, 0, 4, 0, 13, 2, 7, 8, 9, 10, 11, 15, 0, 1, 0, 1, 1, 1, 1, 0, 0, 1, 1, 1, 0, 1, 1, 0]
Fitness: 1319.016794 	[15, 1, 9, 6, 2, 0, 7, 8, 5, 13, 14, 10, 0, 3, 12, 11, 0, 4, 0, 1, 1, 0, 1, 0, 1, 0, 1, 1, 0, 1, 1, 1, 1, 0]
Fitness: 1345.707022 	[13, 2, 7, 8, 9, 10, 11, 15, 0, 4, 0, 6, 5, 12, 0, 1, 3, 14, 0, 1, 0, 1, 1, 1, 1, 0, 0, 1, 1, 1, 0, 1, 1, 0]
Fitness: 1260.267658 	[4, 0, 6, 12, 7, 0, 9, 10, 1, 11, 3, 5, 15, 14, 8, 0, 2, 13, 0, 0, 1, 1, 0, 1, 1, 1, 1, 0, 1, 1, 1, 1, 0, 0]
Fitness: 1265.860227 	[6, 13, 0, 4, 0, 14, 9, 3, 2, 11, 12, 15, 0, 10, 1, 7, 5, 8, 0, 0, 1, 0, 1, 1, 1, 0, 1, 1, 0, 1, 1, 1, 1, 0]
Fitness: 1227.755849 	[1, 12, 4, 0, 14, 2, 3, 11, 0, 7, 8, 5, 6, 9, 10, 0, 13, 15, 0, 0, 1, 1, 1, 0, 1, 0, 1, 1, 1, 0, 1, 1, 1, 0]
Fitness: 1319.016794 	[3, 12, 11, 0, 15, 1, 9, 6, 2, 0, 7, 8, 5, 13, 14, 10, 0, 4, 0, 1, 1, 0, 1, 0, 1, 0, 1, 1, 0, 1, 1, 1, 1, 0]
Fitness: 1264.554535 	[5, 14, 1, 7, 10, 15, 9, 8, 0, 2, 3, 12, 0, 6, 4, 11, 0, 13, 0, 0, 1, 0, 1, 1, 1, 1, 1, 1, 0, 1, 0, 1, 1, 0]
Fitness: 1260.426687 	[4, 0, 13, 2, 7, 8, 9, 10, 11, 15, 0, 1, 3, 14, 0, 6, 5, 12, 0, 1, 0, 1, 1, 1, 1, 0, 0, 1, 1, 1, 0, 1, 1, 0]
Fitness: 1264.554535 	[2, 3, 12, 0, 6, 4, 11, 0, 5, 14, 1, 7, 10, 15, 9, 8, 0, 13, 0, 0, 1, 0, 1, 1, 1, 1, 1, 1, 0, 1, 0, 1, 1, 0]
Fitness: 1226.593989 	[5, 14, 1, 7, 10, 15, 9, 8, 0, 2, 3, 12, 0, 13, 0, 6, 4, 11, 0, 1, 1, 0, 0, 1, 1, 1, 1, 1, 0, 1, 0, 1, 1, 0]
Fitness: 1319.016794 	[4, 0, 7, 8, 5, 13, 14, 10, 0, 15, 1, 9, 6, 2, 0, 3, 12, 11, 0, 1, 1, 0, 1, 0, 1, 0, 1, 1, 0, 1, 1, 1, 1, 0]
Fitness: 1319.016794 	[3, 12, 11, 0, 7, 8, 5, 13, 14, 10, 0, 4, 0, 15, 1, 9, 6, 2, 0, 1, 1, 0, 1, 0, 1, 0, 1, 1, 0, 1, 1, 1, 1, 0]
Time: 0.42936