Fitness: 1630.033465 	[4, 0, 1, 2, 13, 0, 12, 6, 0, 3, 5, 7, 8, 9, 10, 11, 14, 15, 0, 1, 0, 1, 1, 1, 0, 1, 1, 0, 1, 1, 1, 0, 1, 0]
Fitness: 1630.033465 	[4, 0, 1, 2, 13, 0, 12, 6, 0, 3, 5, 7, 8, 9, 10, 11, 14, 15, 0, 1, 0, 1, 1, 1, 0, 1, 1, 0, 1, 1, 1, 0, 1, 0]
Fitness: 1630.033465 	[4, 0, 1, 2, 13, 0, 12, 6, 0, 3, 5, 7, 8, 9, 10, 11, 14, 15, 0, 1, 0, 1, 1, 1, 0, 1, 1, 0, 1, 1, 1, 0, 1, 0]
Fitness: 1630.033465 	[4, 0, 1, 2, 13, 0, 12, 6, 0, 3, 5, 7, 8, 9, 10, 11, 14, 15, 0, 1, 0, 1, 1, 1, 0, 1, 1, 0, 1, 1, 1, 0, 1, 0]
Fitness: 1630.033465 	[1, 2, 13, 0, 4, 0, 12, 6, 0, 3, 5, 7, 8, 9, 10, 11, 14, 15, 0, 1, 0, 1, 1, 0, 1, 1, 1, 0, 1, 1, 1, 0, 1, 0]
Fitness: 1630.033465 	[4, 0, 1, 2, 13, 0, 12, 6, 0, 3, 5, 7, 8, 9, 10, 11, 14, 15, 0, 1, 0, 1, 1, 1, 0, 1, 1, 0, 1, 1, 1, 0, 1, 0]
Fitness: 1630.033465 	[4, 0, 1, 2, 13, 0, 12, 6, 0, 3, 5, 7, 8, 9, 10, 11, 14, 15, 0, 1, 0, 1, 1, 1, 0, 1, 1, 0, 1, 1, 1, 0, 1, 0]
Fitness: 1630.033465 	[4, 0, 1, 2, 13, 0, 12, 6, 0, 3, 5, 7, 8, 9, 10, 11, 14, 15, 0, 1, 0, 1, 1, 1, 0, 1, 1, 0, 1, 1, 1, 0, 1, 0]
Fitness: 1630.033465 	[4, 0, 1, 2, 13, 0, 12, 6, 0, 3, 5, 7, 8, 9, 10, 11, 14, 15, 0, 1, 0, 1, 1, 1, 0, 1, 1, 0, 1, 1, 1, 0, 1, 0]
Fitness: 1630.033465 	[4, 0, 1, 2, 13, 0, 12, 6, 0, 3, 5, 7, 8, 9, 10, 11, 14, 15, 0, 1, 0, 1, 1, 1, 0, 1, 1, 0, 1, 1, 1, 0, 1, 0]
Fitness: 1630.033465 	[4, 0, 1, 2, 13, 0, 12, 6, 0, 3, 5, 7, 8, 9, 10, 11, 14, 15, 0, 1, 0, 1, 1, 1, 0, 1, 1, 0, 1, 1, 1, 0, 1, 0]
Fitness: 1630.033465 	[12, 6, 0, 1, 2, 13, 0, 4, 0, 3, 5, 7, 8, 9, 10, 11, 14, 15, 0, 1, 0, 1, 1, 1, 0, 1, 1, 0, 1, 1, 1, 0, 1, 0]
Fitness: 1630.033465 	[12, 6, 0, 1, 2, 13, 0, 4, 0, 3, 5, 7, 8, 9, 10, 11, 14, 15, 0, 1, 0, 1, 1, 1, 0, 1, 1, 0, 1, 1, 1, 0, 1, 0]
Fitness: 1630.033465 	[12, 6, 0, 1, 2, 13, 0, 4, 0, 3, 5, 7, 8, 9, 10, 11, 14, 15, 0, 1, 0, 1, 1, 1, 0, 1, 1, 0, 1, 1, 1, 0, 1, 0]
Fitness: 1630.033465 	[12, 6, 0, 1, 2, 13, 0, 4, 0, 3, 5, 7, 8, 9, 10, 11, 14, 15, 0, 1, 0, 1, 1, 1, 0, 1, 1, 0, 1, 1, 1, 0, 1, 0]
Fitness: 1630.033465 	[12, 6, 0, 1, 2, 13, 0, 4, 0, 3, 5, 7, 8, 9, 10, 11, 14, 15, 0, 1, 0, 1, 1, 1, 0, 1, 1, 0, 1, 1, 1, 0, 1, 0]
Fitness: 1630.033465 	[12, 6, 0, 1, 2, 13, 0, 4, 0, 3, 5, 7, 8, 9, 10, 11, 14, 15, 0, 1, 0, 1, 1, 1, 0, 1, 1, 0, 1, 1, 1, 0, 1, 0]
Fitness: 1630.033465 	[12, 6, 0, 1, 2, 13, 0, 4, 0, 3, 5, 7, 8, 9, 10, 11, 14, 15, 0, 1, 0, 1, 1, 1, 0, 1, 1, 0, 1, 1, 1, 0, 1, 0]
Fitness: 1630.033465 	[12, 6, 0, 1, 2, 13, 0, 4, 0, 3, 5, 7, 8, 9, 10, 11, 14, 15, 0, 1, 0, 1, 1, 1, 0, 1, 1, 0, 1, 1, 1, 0, 1, 0]
Fitness: 1630.033465 	[12, 6, 0, 1, 2, 13, 0, 4, 0, 3, 5, 7, 8, 9, 10, 11, 14, 15, 0, 1, 0, 1, 1, 1, 0, 1, 1, 0, 1, 1, 1, 0, 1, 0]
Fitness: 1630.033465 	[12, 6, 0, 1, 2, 13, 0, 4, 0, 3, 5, 7, 8, 9, 10, 11, 14, 15, 0, 1, 0, 1, 1, 1, 0, 1, 1, 0, 1, 1, 1, 0, 1, 0]
Fitness: 1630.033465 	[12, 6, 0, 1, 2, 13, 0, 4, 0, 3, 5, 7, 8, 9, 10, 11, 14, 15, 0, 1, 0, 1, 1, 1, 0, 1, 1, 0, 1, 1, 1, 0, 1, 0]
Fitness: 1630.033465 	[12, 6, 0, 1, 2, 13, 0, 4, 0, 3, 5, 7, 8, 9, 10, 11, 14, 15, 0, 1, 0, 1, 1, 1, 0, 1, 1, 0, 1, 1, 1, 0, 1, 0]
Fitness: 1630.033465 	[12, 6, 0, 1, 2, 13, 0, 4, 0, 3, 5, 7, 8, 9, 10, 11, 14, 15, 0, 1, 0, 1, 1, 1, 0, 1, 1, 0, 1, 1, 1, 0, 1, 0]
Fitness: 1630.033465 	[12, 6, 0, 1, 2, 13, 0, 4, 0, 3, 5, 7, 8, 9, 10, 11, 14, 15, 0, 1, 0, 1, 1, 1, 0, 1, 1, 0, 1, 1, 1, 0, 1, 0]
Fitness: 1630.033465 	[12, 6, 0, 1, 2, 13, 0, 4, 0, 3, 5, 7, 8, 9, 10, 11, 14, 15, 0, 1, 0, 1, 1, 1, 0, 1, 1, 0, 1, 1, 1, 0, 1, 0]
Fitness: 1630.033465 	[12, 6, 0, 1, 2, 13, 0, 4, 0, 3, 5, 7, 8, 9, 10, 11, 14, 15, 0, 1, 0, 1, 1, 1, 0, 1, 1, 0, 1, 1, 1, 0, 1, 0]
Fitness: 1630.033465 	[12, 6, 0, 1, 2, 13, 0, 4, 0, 3, 5, 7, 8, 9, 10, 11, 14, 15, 0, 1, 0, 1, 1, 1, 0, 1, 1, 0, 1, 1, 1, 0, 1, 0]
Fitness: 1630.033465 	[12, 6, 0, 1, 2, 13, 0, 4, 0, 3, 5, 7, 8, 9, 10, 11, 14, 15, 0, 1, 0, 1, 1, 1, 0, 1, 1, 0, 1, 1, 1, 0, 1, 0]
Fitness: 1630.033465 	[12, 6, 0, 1, 2, 13, 0, 4, 0, 3, 5, 7, 8, 9, 10, 11, 14, 15, 0, 1, 0, 1, 1, 1, 0, 1, 1, 0, 1, 1, 1, 0, 1, 0]
Fitness: 1630.033465 	[12, 6, 0, 1, 2, 13, 0, 4, 0, 3, 5, 7, 8, 9, 10, 11, 14, 15, 0, 1, 0, 1, 1, 1, 0, 1, 1, 0, 1, 1, 1, 0, 1, 0]
Fitness: 1630.033465 	[12, 6, 0, 1, 2, 13, 0, 4, 0, 3, 5, 7, 8, 9, 10, 11, 14, 15, 0, 1, 0, 1, 1, 1, 0, 1, 1, 0, 1, 1, 1, 0, 1, 0]
Fitness: 1618.953794 	[12, 6, 1, 0, 2, 13, 0, 4, 0, 3, 5, 7, 8, 9, 10, 11, 14, 15, 0, 1, 0, 1, 1, 0, 1, 1, 1, 0, 1, 1, 1, 0, 1, 0]
Fitness: 1618.953794 	[12, 6, 1, 0, 2, 13, 0, 4, 0, 3, 5, 7, 8, 9, 10, 11, 14, 15, 0, 1, 0, 1, 1, 0, 1, 1, 1, 0, 1, 1, 1, 0, 1, 0]
Fitness: 1618.953794 	[12, 6, 1, 0, 2, 13, 0, 4, 0, 3, 5, 7, 8, 9, 10, 11, 14, 15, 0, 1, 0, 1, 1, 0, 1, 1, 1, 0, 1, 1, 1, 0, 1, 0]
Fitness: 1618.953794 	[12, 6, 1, 0, 2, 13, 0, 4, 0, 3, 5, 7, 8, 9, 10, 11, 14, 15, 0, 1, 0, 1, 1, 0, 1, 1, 1, 0, 1, 1, 1, 0, 1, 0]
Fitness: 1618.953794 	[12, 6, 1, 0, 2, 13, 0, 4, 0, 3, 5, 7, 8, 9, 10, 11, 14, 15, 0, 1, 0, 1, 1, 0, 1, 1, 1, 0, 1, 1, 1, 0, 1, 0]
Fitness: 1618.953794 	[12, 6, 1, 0, 2, 13, 0, 4, 0, 3, 5, 7, 8, 9, 10, 11, 14, 15, 0, 1, 0, 1, 1, 0, 1, 1, 1, 0, 1, 1, 1, 0, 1, 0]
Fitness: 1618.953794 	[12, 6, 1, 0, 2, 13, 0, 4, 0, 3, 5, 7, 8, 9, 10, 11, 14, 15, 0, 1, 0, 1, 1, 0, 1, 1, 1, 0, 1, 1, 1, 0, 1, 0]
Fitness: 1618.953794 	[12, 6, 1, 0, 2, 13, 0, 4, 0, 3, 5, 7, 8, 9, 10, 11, 14, 15, 0, 1, 0, 1, 1, 0, 1, 1, 1, 0, 1, 1, 1, 0, 1, 0]
Fitness: 1618.953794 	[12, 6, 1, 0, 2, 13, 0, 4, 0, 3, 5, 7, 8, 9, 10, 11, 14, 15, 0, 1, 0, 1, 1, 0, 1, 1, 1, 0, 1, 1, 1, 0, 1, 0]
Fitness: 1618.953794 	[12, 6, 1, 0, 2, 13, 0, 4, 0, 3, 5, 7, 8, 9, 10, 11, 14, 15, 0, 1, 0, 1, 1, 0, 1, 1, 1, 0, 1, 1, 1, 0, 1, 0]
Fitness: 1618.953794 	[12, 6, 1, 0, 2, 13, 0, 4, 0, 3, 5, 7, 8, 9, 10, 11, 14, 15, 0, 1, 0, 1, 1, 0, 1, 1, 1, 0, 1, 1, 1, 0, 1, 0]
Fitness: 1618.953794 	[12, 6, 1, 0, 4, 0, 2, 13, 0, 3, 5, 7, 8, 9, 10, 11, 14, 15, 0, 1, 0, 1, 1, 0, 1, 1, 1, 0, 1, 1, 1, 0, 1, 0]
Fitness: 1618.953794 	[12, 6, 1, 0, 2, 13, 0, 4, 0, 3, 5, 7, 8, 9, 10, 11, 14, 15, 0, 1, 0, 1, 1, 0, 1, 1, 1, 0, 1, 1, 1, 0, 1, 0]
Fitness: 1618.953794 	[12, 6, 1, 0, 2, 13, 0, 4, 0, 3, 5, 7, 8, 9, 10, 11, 14, 15, 0, 1, 0, 1, 1, 0, 1, 1, 1, 0, 1, 1, 1, 0, 1, 0]
Fitness: 1618.953794 	[12, 6, 1, 0, 2, 13, 0, 4, 0, 3, 5, 7, 8, 9, 10, 11, 14, 15, 0, 1, 0, 1, 1, 0, 1, 1, 1, 0, 1, 1, 1, 0, 1, 0]
Fitness: 1618.953794 	[12, 6, 1, 0, 2, 13, 0, 4, 0, 3, 5, 7, 8, 9, 10, 11, 14, 15, 0, 1, 0, 1, 1, 0, 1, 1, 1, 0, 1, 1, 1, 0, 1, 0]
Fitness: 1618.953794 	[12, 6, 1, 0, 2, 13, 0, 4, 0, 3, 5, 7, 8, 9, 10, 11, 14, 15, 0, 1, 0, 1, 1, 0, 1, 1, 1, 0, 1, 1, 1, 0, 1, 0]
Fitness: 1618.953794 	[12, 6, 1, 0, 2, 13, 0, 4, 0, 3, 5, 7, 8, 9, 10, 11, 14, 15, 0, 1, 0, 1, 1, 0, 1, 1, 1, 0, 1, 1, 1, 0, 1, 0]
Fitness: 1618.953794 	[12, 6, 1, 0, 2, 13, 0, 4, 0, 3, 5, 7, 8, 9, 10, 11, 14, 15, 0, 1, 0, 1, 1, 0, 1, 1, 1, 0, 1, 1, 1, 0, 1, 0]
Fitness: 1618.953794 	[12, 6, 1, 0, 2, 13, 0, 4, 0, 3, 5, 7, 8, 9, 10, 11, 14, 15, 0, 1, 0, 1, 1, 0, 1, 1, 1, 0, 1, 1, 1, 0, 1, 0]
Fitness: 1618.953794 	[12, 6, 1, 0, 2, 13, 0, 4, 0, 3, 5, 7, 8, 9, 10, 11, 14, 15, 0, 1, 0, 1, 1, 0, 1, 1, 1, 0, 1, 1, 1, 0, 1, 0]
Fitness: 1618.953794 	[12, 6, 1, 0, 2, 13, 0, 4, 0, 3, 5, 7, 8, 9, 10, 11, 14, 15, 0, 1, 0, 1, 1, 0, 1, 1, 1, 0, 1, 1, 1, 0, 1, 0]
Fitness: 1618.953794 	[12, 6, 1, 0, 2, 13, 0, 4, 0, 3, 5, 7, 8, 9, 10, 11, 14, 15, 0, 1, 0, 1, 1, 0, 1, 1, 1, 0, 1, 1, 1, 0, 1, 0]
Fitness: 1618.953794 	[12, 6, 1, 0, 2, 13, 0, 4, 0, 3, 5, 7, 8, 9, 10, 11, 14, 15, 0, 1, 0, 1, 1, 0, 1, 1, 1, 0, 1, 1, 1, 0, 1, 0]
Fitness: 1618.953794 	[12, 6, 1, 0, 2, 13, 0, 4, 0, 3, 5, 7, 8, 9, 10, 11, 14, 15, 0, 1, 0, 1, 1, 0, 1, 1, 1, 0, 1, 1, 1, 0, 1, 0]
Fitness: 1618.953794 	[12, 6, 1, 0, 2, 13, 0, 4, 0, 3, 5, 7, 8, 9, 10, 11, 14, 15, 0, 1, 0, 1, 1, 0, 1, 1, 1, 0, 1, 1, 1, 0, 1, 0]
Fitness: 1618.953794 	[12, 6, 1, 0, 2, 13, 0, 4, 0, 3, 5, 7, 8, 9, 10, 11, 14, 15, 0, 1, 0, 1, 1, 0, 1, 1, 1, 0, 1, 1, 1, 0, 1, 0]
Fitness: 1618.953794 	[12, 6, 1, 0, 2, 13, 0, 4, 0, 3, 5, 7, 8, 9, 10, 11, 14, 15, 0, 1, 0, 1, 1, 0, 1, 1, 1, 0, 1, 1, 1, 0, 1, 0]
Fitness: 1618.953794 	[12, 6, 1, 0, 4, 0, 2, 13, 0, 3, 5, 7, 8, 9, 10, 11, 14, 15, 0, 1, 0, 1, 1, 0, 1, 1, 1, 0, 1, 1, 1, 0, 1, 0]
Fitness: 1618.953794 	[12, 6, 1, 0, 2, 13, 0, 4, 0, 3, 5, 7, 8, 9, 10, 11, 14, 15, 0, 1, 0, 1, 1, 0, 1, 1, 1, 0, 1, 1, 1, 0, 1, 0]
Fitness: 1618.953794 	[12, 6, 1, 0, 2, 13, 0, 4, 0, 3, 5, 7, 8, 9, 10, 11, 14, 15, 0, 1, 0, 1, 1, 0, 1, 1, 1, 0, 1, 1, 1, 0, 1, 0]
Fitness: 1618.953794 	[12, 6, 1, 0, 4, 0, 2, 13, 0, 3, 5, 7, 8, 9, 10, 11, 14, 15, 0, 1, 0, 1, 1, 0, 1, 1, 1, 0, 1, 1, 1, 0, 1, 0]
Fitness: 1618.953794 	[12, 6, 1, 0, 2, 13, 0, 4, 0, 3, 5, 7, 8, 9, 10, 11, 14, 15, 0, 1, 0, 1, 1, 0, 1, 1, 1, 0, 1, 1, 1, 0, 1, 0]
Fitness: 1618.953794 	[12, 6, 1, 0, 2, 13, 0, 4, 0, 3, 5, 7, 8, 9, 10, 11, 14, 15, 0, 1, 0, 1, 1, 0, 1, 1, 1, 0, 1, 1, 1, 0, 1, 0]
Fitness: 1618.953794 	[12, 6, 1, 0, 2, 13, 0, 4, 0, 3, 5, 7, 8, 9, 10, 11, 14, 15, 0, 1, 0, 1, 1, 0, 1, 1, 1, 0, 1, 1, 1, 0, 1, 0]
Fitness: 1618.953794 	[12, 6, 1, 0, 2, 13, 0, 4, 0, 3, 5, 7, 8, 9, 10, 11, 14, 15, 0, 1, 0, 1, 1, 0, 1, 1, 1, 0, 1, 1, 1, 0, 1, 0]
Fitness: 1618.953794 	[12, 6, 1, 0, 2, 13, 0, 4, 0, 3, 5, 7, 8, 9, 10, 11, 14, 15, 0, 1, 0, 1, 1, 0, 1, 1, 1, 0, 1, 1, 1, 0, 1, 0]
Fitness: 1618.953794 	[12, 6, 1, 0, 2, 13, 0, 4, 0, 3, 5, 7, 8, 9, 10, 11, 14, 15, 0, 1, 0, 1, 1, 0, 1, 1, 1, 0, 1, 1, 1, 0, 1, 0]
Fitness: 1618.953794 	[12, 6, 1, 0, 2, 13, 0, 4, 0, 3, 5, 7, 8, 9, 10, 11, 14, 15, 0, 1, 0, 1, 1, 0, 1, 1, 1, 0, 1, 1, 1, 0, 1, 0]
Fitness: 1618.953794 	[12, 6, 1, 0, 2, 13, 0, 4, 0, 3, 5, 7, 8, 9, 10, 11, 14, 15, 0, 1, 0, 1, 1, 0, 1, 1, 1, 0, 1, 1, 1, 0, 1, 0]
Fitness: 1618.953794 	[12, 6, 1, 0, 2, 13, 0, 4, 0, 3, 5, 7, 8, 9, 10, 11, 14, 15, 0, 1, 0, 1, 1, 0, 1, 1, 1, 0, 1, 1, 1, 0, 1, 0]
Fitness: 1618.953794 	[12, 6, 1, 0, 2, 13, 0, 4, 0, 3, 5, 7, 8, 9, 10, 11, 14, 15, 0, 1, 0, 1, 1, 0, 1, 1, 1, 0, 1, 1, 1, 0, 1, 0]
Fitness: 1618.953794 	[12, 6, 1, 0, 2, 13, 0, 4, 0, 3, 5, 7, 8, 9, 10, 11, 14, 15, 0, 1, 0, 1, 1, 0, 1, 1, 1, 0, 1, 1, 1, 0, 1, 0]
Fitness: 1618.953794 	[12, 6, 1, 0, 2, 13, 0, 4, 0, 3, 5, 7, 8, 9, 10, 11, 14, 15, 0, 1, 0, 1, 1, 0, 1, 1, 1, 0, 1, 1, 1, 0, 1, 0]
Fitness: 1618.953794 	[12, 6, 1, 0, 2, 13, 0, 4, 0, 3, 5, 7, 8, 9, 10, 11, 14, 15, 0, 1, 0, 1, 1, 0, 1, 1, 1, 0, 1, 1, 1, 0, 1, 0]
Fitness: 1618.953794 	[12, 6, 1, 0, 2, 13, 0, 4, 0, 3, 5, 7, 8, 9, 10, 11, 14, 15, 0, 1, 0, 1, 1, 0, 1, 1, 1, 0, 1, 1, 1, 0, 1, 0]
Fitness: 1618.953794 	[12, 6, 1, 0, 2, 13, 0, 4, 0, 3, 5, 7, 8, 9, 10, 11, 14, 15, 0, 1, 0, 1, 1, 0, 1, 1, 1, 0, 1, 1, 1, 0, 1, 0]
Fitness: 1618.953794 	[12, 6, 1, 0, 2, 13, 0, 4, 0, 3, 5, 7, 8, 9, 10, 11, 14, 15, 0, 1, 0, 1, 1, 0, 1, 1, 1, 0, 1, 1, 1, 0, 1, 0]
Fitness: 1618.953794 	[4, 0, 12, 6, 1, 0, 2, 13, 0, 3, 5, 7, 8, 9, 10, 11, 14, 15, 0, 1, 0, 1, 1, 1, 0, 1, 1, 0, 1, 1, 1, 0, 1, 0]
Fitness: 1618.953794 	[4, 0, 12, 6, 1, 0, 2, 13, 0, 3, 5, 7, 8, 9, 10, 11, 14, 15, 0, 1, 0, 1, 1, 1, 0, 1, 1, 0, 1, 1, 1, 0, 1, 0]
Fitness: 1618.953794 	[12, 6, 1, 0, 4, 0, 2, 13, 0, 3, 5, 7, 8, 9, 10, 11, 14, 15, 0, 1, 0, 1, 1, 0, 1, 1, 1, 0, 1, 1, 1, 0, 1, 0]
Fitness: 1618.953794 	[12, 6, 1, 0, 4, 0, 2, 13, 0, 3, 5, 7, 8, 9, 10, 11, 14, 15, 0, 1, 0, 1, 1, 0, 1, 1, 1, 0, 1, 1, 1, 0, 1, 0]
Fitness: 1618.953794 	[12, 6, 1, 0, 4, 0, 2, 13, 0, 3, 5, 7, 8, 9, 10, 11, 14, 15, 0, 1, 0, 1, 1, 0, 1, 1, 1, 0, 1, 1, 1, 0, 1, 0]
Fitness: 1618.953794 	[12, 6, 1, 0, 2, 13, 0, 4, 0, 3, 5, 7, 8, 9, 10, 11, 14, 15, 0, 1, 0, 1, 1, 0, 1, 1, 1, 0, 1, 1, 1, 0, 1, 0]
Fitness: 1618.953794 	[12, 6, 1, 0, 2, 13, 0, 4, 0, 3, 5, 7, 8, 9, 10, 11, 14, 15, 0, 1, 0, 1, 1, 0, 1, 1, 1, 0, 1, 1, 1, 0, 1, 0]
Fitness: 1618.953794 	[12, 6, 1, 0, 2, 13, 0, 4, 0, 3, 5, 7, 8, 9, 10, 11, 14, 15, 0, 1, 0, 1, 1, 0, 1, 1, 1, 0, 1, 1, 1, 0, 1, 0]
Fitness: 1618.953794 	[12, 6, 1, 0, 2, 13, 0, 4, 0, 3, 5, 7, 8, 9, 10, 11, 14, 15, 0, 1, 0, 1, 1, 0, 1, 1, 1, 0, 1, 1, 1, 0, 1, 0]
Fitness: 1618.953794 	[12, 6, 1, 0, 4, 0, 2, 13, 0, 3, 5, 7, 8, 9, 10, 11, 14, 15, 0, 1, 0, 1, 1, 0, 1, 1, 1, 0, 1, 1, 1, 0, 1, 0]
Fitness: 1618.953794 	[12, 6, 1, 0, 2, 13, 0, 4, 0, 3, 5, 7, 8, 9, 10, 11, 14, 15, 0, 1, 0, 1, 1, 0, 1, 1, 1, 0, 1, 1, 1, 0, 1, 0]
Fitness: 1618.953794 	[12, 6, 1, 0, 2, 13, 0, 4, 0, 3, 5, 7, 8, 9, 10, 11, 14, 15, 0, 1, 0, 1, 1, 0, 1, 1, 1, 0, 1, 1, 1, 0, 1, 0]
Fitness: 1618.953794 	[12, 6, 1, 0, 2, 13, 0, 4, 0, 3, 5, 7, 8, 9, 10, 11, 14, 15, 0, 1, 0, 1, 1, 0, 1, 1, 1, 0, 1, 1, 1, 0, 1, 0]
Fitness: 1618.953794 	[12, 6, 1, 0, 2, 13, 0, 4, 0, 3, 5, 7, 8, 9, 10, 11, 14, 15, 0, 1, 0, 1, 1, 0, 1, 1, 1, 0, 1, 1, 1, 0, 1, 0]
Fitness: 1618.953794 	[12, 6, 1, 0, 4, 0, 2, 13, 0, 3, 5, 7, 8, 9, 10, 11, 14, 15, 0, 1, 0, 1, 1, 0, 1, 1, 1, 0, 1, 1, 1, 0, 1, 0]
Fitness: 1618.953794 	[4, 0, 12, 6, 1, 0, 2, 13, 0, 3, 5, 7, 8, 9, 10, 11, 14, 15, 0, 1, 0, 1, 1, 1, 0, 1, 1, 0, 1, 1, 1, 0, 1, 0]
Fitness: 1618.953794 	[12, 6, 1, 0, 2, 13, 0, 4, 0, 3, 5, 7, 8, 9, 10, 11, 14, 15, 0, 1, 0, 1, 1, 0, 1, 1, 1, 0, 1, 1, 1, 0, 1, 0]
Fitness: 1618.953794 	[12, 6, 1, 0, 2, 13, 0, 4, 0, 3, 5, 7, 8, 9, 10, 11, 14, 15, 0, 1, 0, 1, 1, 0, 1, 1, 1, 0, 1, 1, 1, 0, 1, 0]
Fitness: 1618.953794 	[12, 6, 1, 0, 2, 13, 0, 4, 0, 3, 5, 7, 8, 9, 10, 11, 14, 15, 0, 1, 0, 1, 1, 0, 1, 1, 1, 0, 1, 1, 1, 0, 1, 0]
Fitness: 1618.953794 	[12, 6, 1, 0, 2, 13, 0, 4, 0, 3, 5, 7, 8, 9, 10, 11, 14, 15, 0, 1, 0, 1, 1, 0, 1, 1, 1, 0, 1, 1, 1, 0, 1, 0]
Fitness: 1630.033465 	[12, 6, 0, 1, 2, 13, 0, 4, 0, 3, 5, 7, 8, 9, 10, 11, 14, 15, 0, 1, 0, 1, 1, 1, 0, 1, 1, 0, 1, 1, 1, 0, 1, 0]
Fitness: 1618.953794 	[4, 0, 12, 6, 1, 0, 2, 13, 0, 3, 5, 7, 8, 9, 10, 11, 14, 15, 0, 1, 0, 1, 1, 1, 0, 1, 1, 0, 1, 1, 1, 0, 1, 0]
Fitness: 1630.033465 	[4, 0, 1, 2, 13, 0, 12, 6, 0, 3, 5, 7, 8, 9, 10, 11, 14, 15, 0, 1, 0, 1, 1, 1, 0, 1, 1, 0, 1, 1, 1, 0, 1, 0]
Fitness: 1630.033465 	[4, 0, 1, 2, 13, 0, 12, 6, 0, 3, 5, 7, 8, 9, 10, 11, 14, 15, 0, 1, 0, 1, 1, 0, 1, 1, 1, 0, 1, 1, 1, 0, 1, 0]
Fitness: 1618.953794 	[12, 6, 1, 0, 2, 13, 0, 4, 0, 3, 5, 7, 8, 9, 10, 11, 14, 15, 0, 1, 0, 1, 1, 0, 1, 1, 1, 0, 1, 1, 1, 0, 1, 0]
Fitness: 1630.033465 	[3, 5, 7, 8, 9, 10, 11, 14, 15, 0, 1, 2, 13, 0, 4, 0, 12, 6, 0, 1, 0, 1, 1, 1, 0, 1, 1, 0, 1, 1, 1, 0, 1, 0]
Fitness: 1618.953794 	[12, 6, 1, 0, 2, 13, 0, 4, 0, 3, 5, 7, 8, 9, 10, 11, 14, 15, 0, 1, 0, 1, 1, 0, 1, 1, 1, 0, 1, 1, 1, 0, 1, 0]
Fitness: 1618.953794 	[12, 6, 1, 0, 2, 13, 0, 4, 0, 3, 5, 7, 8, 9, 10, 11, 14, 15, 0, 1, 0, 1, 1, 0, 1, 1, 1, 0, 1, 1, 1, 0, 1, 0]
Fitness: 1618.953794 	[3, 5, 7, 8, 9, 10, 11, 14, 15, 0, 2, 13, 0, 4, 0, 1, 12, 6, 0, 1, 0, 1, 1, 0, 1, 1, 1, 0, 1, 1, 1, 0, 1, 0]
Fitness: 1618.953794 	[12, 6, 1, 0, 2, 13, 0, 4, 0, 3, 5, 7, 8, 9, 10, 11, 14, 15, 0, 1, 0, 1, 1, 1, 0, 1, 1, 0, 1, 1, 1, 0, 1, 0]
Fitness: 1630.033465 	[4, 0, 1, 2, 13, 0, 12, 6, 0, 3, 5, 7, 8, 9, 10, 11, 14, 15, 0, 1, 0, 1, 1, 1, 0, 1, 1, 0, 1, 1, 1, 0, 1, 0]
Fitness: 1618.953794 	[1, 0, 4, 0, 2, 13, 0, 3, 5, 7, 8, 9, 10, 11, 14, 15, 12, 6, 0, 1, 0, 1, 1, 0, 1, 1, 1, 0, 1, 1, 1, 0, 1, 0]
Fitness: 1618.953794 	[12, 6, 1, 0, 2, 13, 0, 4, 0, 3, 5, 7, 8, 9, 10, 11, 14, 15, 0, 1, 0, 1, 1, 0, 1, 1, 1, 0, 1, 1, 1, 0, 1, 0]
Fitness: 1630.033465 	[4, 0, 1, 2, 13, 0, 12, 6, 0, 3, 5, 7, 8, 9, 10, 11, 14, 15, 0, 1, 0, 1, 1, 1, 0, 1, 1, 0, 1, 1, 1, 0, 1, 0]
Fitness: 1618.953794 	[1, 0, 2, 13, 0, 4, 0, 3, 5, 7, 8, 9, 10, 11, 14, 15, 12, 6, 0, 1, 0, 1, 1, 0, 1, 1, 1, 0, 1, 1, 1, 0, 1, 0]
Fitness: 1618.953794 	[12, 6, 1, 0, 2, 13, 0, 4, 0, 3, 5, 7, 8, 9, 10, 11, 14, 15, 0, 1, 0, 1, 1, 1, 0, 1, 1, 0, 1, 1, 1, 0, 1, 0]
Fitness: 1630.033465 	[12, 6, 0, 1, 2, 13, 0, 4, 0, 3, 5, 7, 8, 9, 10, 11, 14, 15, 0, 1, 0, 1, 1, 1, 0, 1, 1, 0, 1, 1, 1, 0, 1, 0]
Fitness: 1618.953794 	[12, 6, 1, 0, 2, 13, 0, 4, 0, 3, 5, 7, 8, 9, 10, 11, 14, 15, 0, 1, 0, 1, 1, 0, 1, 1, 1, 0, 1, 1, 1, 0, 1, 0]
Fitness: 1630.033465 	[12, 6, 0, 1, 2, 13, 0, 4, 0, 3, 5, 7, 8, 9, 10, 11, 14, 15, 0, 1, 0, 1, 1, 1, 0, 1, 1, 0, 1, 1, 1, 0, 1, 0]
Fitness: 1618.953794 	[12, 6, 1, 0, 4, 0, 2, 13, 0, 3, 5, 7, 8, 9, 10, 11, 14, 15, 0, 1, 0, 1, 1, 0, 1, 1, 1, 0, 1, 1, 1, 0, 1, 0]
Fitness: 1630.033465 	[12, 6, 3, 0, 5, 0, 1, 2, 13, 0, 4, 7, 8, 9, 10, 11, 14, 15, 0, 1, 0, 1, 1, 1, 0, 1, 1, 0, 1, 1, 1, 0, 1, 0]
Fitness: 1618.953794 	[12, 6, 1, 0, 2, 13, 0, 4, 0, 3, 5, 7, 8, 9, 10, 11, 14, 15, 0, 1, 0, 1, 1, 0, 1, 1, 1, 0, 1, 1, 1, 0, 1, 0]
Fitness: 1618.953794 	[12, 6, 1, 0, 2, 13, 0, 4, 0, 3, 5, 7, 8, 9, 10, 11, 14, 15, 0, 1, 0, 1, 1, 0, 1, 1, 1, 0, 1, 1, 1, 0, 1, 0]
Fitness: 1618.953794 	[12, 6, 1, 0, 4, 0, 2, 13, 0, 3, 5, 7, 8, 9, 10, 11, 14, 15, 0, 1, 0, 1, 1, 0, 1, 1, 1, 0, 1, 1, 1, 0, 1, 0]
Fitness: 1618.953794 	[4, 0, 12, 6, 1, 0, 2, 13, 0, 3, 5, 7, 8, 9, 10, 11, 14, 15, 0, 1, 0, 1, 1, 1, 0, 1, 1, 0, 1, 1, 1, 0, 1, 0]
Fitness: 1618.953794 	[12, 6, 1, 0, 4, 0, 2, 13, 0, 3, 5, 7, 8, 9, 10, 11, 14, 15, 0, 1, 0, 1, 1, 0, 1, 1, 1, 0, 1, 1, 1, 0, 1, 0]
Fitness: 1618.953794 	[3, 5, 7, 8, 9, 10, 11, 14, 15, 0, 2, 13, 0, 1, 12, 0, 4, 6, 0, 1, 0, 1, 1, 1, 0, 1, 1, 0, 1, 1, 1, 0, 1, 0]
Fitness: 1618.953794 	[12, 6, 1, 0, 2, 13, 0, 4, 0, 3, 5, 7, 8, 9, 10, 11, 14, 15, 0, 1, 0, 1, 1, 0, 1, 1, 1, 0, 1, 1, 1, 0, 1, 0]
Fitness: 1618.953794 	[12, 6, 1, 0, 2, 13, 0, 4, 0, 3, 5, 7, 8, 9, 10, 11, 14, 15, 0, 1, 0, 1, 1, 0, 1, 1, 1, 0, 1, 1, 1, 0, 1, 0]
Fitness: 1618.953794 	[2, 13, 0, 4, 0, 1, 0, 3, 5, 7, 8, 9, 10, 11, 14, 15, 12, 6, 0, 1, 0, 1, 1, 0, 1, 1, 1, 0, 1, 1, 1, 0, 1, 0]
Fitness: 1618.953794 	[12, 6, 1, 0, 2, 13, 0, 4, 0, 3, 5, 7, 8, 9, 10, 11, 14, 15, 0, 1, 0, 1, 1, 0, 1, 1, 1, 0, 1, 1, 1, 0, 1, 0]
Fitness: 1618.953794 	[12, 6, 1, 0, 2, 13, 0, 4, 0, 3, 5, 7, 8, 9, 10, 11, 14, 15, 0, 1, 0, 1, 1, 0, 1, 1, 1, 0, 1, 1, 1, 0, 1, 0]
Fitness: 1618.953794 	[12, 6, 1, 0, 3, 5, 7, 8, 9, 10, 11, 14, 15, 0, 4, 0, 2, 13, 0, 1, 0, 1, 1, 0, 1, 1, 1, 0, 1, 1, 1, 0, 1, 0]
Fitness: 1630.033465 	[12, 6, 0, 1, 2, 13, 0, 4, 0, 3, 5, 7, 8, 9, 10, 11, 14, 15, 0, 1, 0, 1, 1, 1, 0, 1, 1, 0, 1, 1, 1, 0, 1, 0]
Fitness: 1630.033465 	[12, 6, 0, 1, 2, 13, 0, 4, 0, 3, 5, 7, 8, 9, 10, 11, 14, 15, 0, 1, 0, 1, 1, 1, 0, 1, 1, 0, 1, 1, 1, 0, 1, 0]
Fitness: 1630.033465 	[12, 6, 0, 1, 2, 13, 0, 3, 5, 7, 8, 9, 10, 11, 14, 15, 0, 4, 0, 1, 0, 1, 1, 1, 0, 1, 1, 0, 1, 1, 1, 0, 1, 0]
Fitness: 1630.033465 	[3, 5, 7, 8, 9, 10, 11, 14, 15, 0, 4, 0, 1, 0, 2, 6, 12, 13, 0, 1, 0, 1, 1, 1, 0, 1, 1, 0, 1, 1, 1, 0, 1, 0]
Fitness: 1618.953794 	[12, 6, 1, 0, 2, 13, 0, 4, 0, 3, 5, 7, 8, 9, 10, 11, 14, 15, 0, 1, 0, 1, 1, 0, 1, 1, 1, 0, 1, 1, 1, 0, 1, 0]
Fitness: 1618.953794 	[12, 6, 1, 0, 2, 13, 0, 4, 0, 3, 5, 7, 8, 9, 10, 11, 14, 15, 0, 1, 0, 1, 1, 0, 1, 1, 1, 0, 1, 1, 1, 0, 1, 0]
Fitness: 1618.953794 	[12, 6, 1, 0, 2, 13, 0, 3, 5, 7, 8, 9, 10, 11, 14, 15, 0, 4, 0, 1, 0, 1, 1, 0, 1, 1, 1, 0, 1, 1, 1, 0, 1, 0]
Fitness: 1618.953794 	[4, 0, 12, 6, 1, 0, 2, 13, 0, 3, 5, 7, 8, 9, 10, 11, 14, 15, 0, 1, 0, 1, 1, 0, 1, 1, 1, 0, 1, 1, 1, 0, 1, 0]
Fitness: 1618.953794 	[12, 6, 1, 0, 2, 13, 0, 4, 0, 3, 5, 7, 8, 9, 10, 11, 14, 15, 0, 1, 0, 1, 1, 0, 1, 1, 1, 0, 1, 1, 1, 0, 1, 0]
Fitness: 1618.953794 	[12, 6, 1, 0, 3, 5, 0, 2, 13, 0, 4, 7, 8, 9, 10, 11, 14, 15, 0, 1, 0, 1, 1, 1, 0, 1, 1, 0, 1, 1, 1, 0, 1, 0]
Fitness: 1618.953794 	[12, 6, 1, 0, 2, 13, 0, 4, 0, 3, 5, 7, 8, 9, 10, 11, 14, 15, 0, 1, 0, 1, 1, 1, 0, 1, 1, 0, 1, 1, 1, 0, 1, 0]
Fitness: 1630.033465 	[12, 6, 0, 1, 2, 13, 0, 4, 0, 3, 5, 7, 8, 9, 10, 11, 14, 15, 0, 1, 0, 1, 1, 1, 0, 1, 1, 0, 1, 1, 1, 0, 1, 0]
Fitness: 1618.953794 	[2, 13, 0, 3, 5, 7, 8, 9, 10, 11, 14, 15, 0, 4, 0, 1, 12, 6, 0, 1, 0, 1, 1, 0, 1, 1, 1, 0, 1, 1, 1, 0, 1, 0]
Fitness: 1618.953794 	[12, 6, 1, 0, 2, 13, 0, 4, 0, 3, 5, 7, 8, 9, 10, 11, 14, 15, 0, 1, 0, 1, 1, 0, 1, 1, 1, 0, 1, 1, 1, 0, 1, 0]
Fitness: 1630.033465 	[12, 6, 0, 1, 2, 13, 0, 4, 0, 3, 5, 7, 8, 9, 10, 11, 14, 15, 0, 1, 0, 1, 1, 1, 0, 1, 1, 0, 1, 1, 1, 0, 1, 0]
Fitness: 1618.953794 	[4, 0, 12, 6, 1, 0, 2, 0, 3, 5, 7, 8, 9, 10, 11, 14, 15, 13, 0, 1, 0, 1, 1, 0, 1, 1, 1, 0, 1, 1, 1, 0, 1, 0]
Fitness: 1618.953794 	[4, 0, 2, 13, 0, 3, 5, 7, 8, 9, 10, 11, 14, 15, 0, 12, 6, 1, 0, 1, 0, 1, 1, 0, 1, 1, 1, 0, 1, 1, 1, 0, 1, 0]
Fitness: 1630.033465 	[12, 6, 0, 1, 2, 13, 0, 4, 0, 3, 5, 7, 8, 9, 10, 11, 14, 15, 0, 1, 0, 1, 1, 1, 0, 1, 1, 0, 1, 1, 1, 0, 1, 0]
Fitness: 1618.953794 	[12, 6, 1, 0, 4, 0, 2, 13, 0, 3, 5, 7, 8, 9, 10, 11, 14, 15, 0, 1, 0, 1, 1, 0, 1, 1, 1, 0, 1, 1, 1, 0, 1, 0]
Fitness: 1630.033465 	[12, 6, 0, 1, 2, 13, 0, 4, 0, 3, 5, 7, 8, 9, 10, 11, 14, 15, 0, 1, 0, 1, 1, 1, 0, 1, 1, 0, 1, 1, 1, 0, 1, 0]
Fitness: 1618.953794 	[12, 6, 1, 0, 2, 13, 0, 4, 0, 3, 5, 7, 8, 9, 10, 11, 14, 15, 0, 1, 0, 1, 1, 0, 1, 1, 1, 0, 1, 1, 1, 0, 1, 0]
Fitness: 1618.953794 	[12, 6, 1, 0, 2, 13, 0, 4, 0, 3, 5, 7, 8, 9, 10, 11, 14, 15, 0, 1, 0, 1, 1, 0, 1, 1, 1, 0, 1, 1, 1, 0, 1, 0]
Fitness: 1618.953794 	[4, 0, 2, 13, 0, 1, 0, 3, 5, 7, 8, 9, 10, 11, 14, 15, 12, 6, 0, 1, 0, 1, 1, 0, 1, 1, 1, 0, 1, 1, 1, 0, 1, 0]
Fitness: 1618.953794 	[12, 6, 1, 0, 2, 13, 0, 4, 0, 3, 5, 7, 8, 9, 10, 11, 14, 15, 0, 1, 0, 1, 1, 0, 1, 1, 1, 0, 1, 1, 1, 0, 1, 0]
Fitness: 1630.033465 	[1, 2, 13, 0, 4, 0, 12, 6, 0, 3, 5, 7, 8, 9, 10, 11, 14, 15, 0, 1, 0, 1, 1, 0, 1, 1, 1, 0, 1, 1, 1, 0, 1, 0]
Fitness: 1618.953794 	[1, 12, 6, 0, 2, 13, 0, 4, 0, 3, 5, 7, 8, 9, 10, 11, 14, 15, 0, 1, 0, 1, 1, 0, 1, 1, 1, 0, 1, 1, 1, 0, 1, 0]
Fitness: 1618.953794 	[12, 6, 1, 0, 2, 13, 0, 4, 0, 3, 5, 7, 8, 9, 10, 11, 14, 15, 0, 1, 0, 1, 1, 0, 1, 1, 1, 0, 1, 1, 1, 0, 1, 0]
Fitness: 1618.953794 	[12, 6, 1, 0, 2, 13, 0, 4, 0, 3, 5, 7, 8, 9, 10, 11, 14, 15, 0, 1, 0, 1, 1, 0, 1, 1, 1, 0, 1, 1, 1, 0, 1, 0]
Fitness: 1618.953794 	[12, 6, 1, 0, 2, 13, 0, 4, 0, 3, 5, 7, 8, 9, 10, 11, 14, 15, 0, 1, 0, 1, 1, 0, 1, 1, 1, 0, 1, 1, 1, 0, 1, 0]
Fitness: 1630.033465 	[12, 6, 4, 0, 1, 2, 13, 0, 3, 5, 7, 8, 0, 9, 10, 11, 14, 15, 0, 1, 0, 1, 1, 1, 0, 1, 1, 0, 1, 1, 1, 0, 1, 0]
Fitness: 1618.953794 	[12, 6, 1, 0, 2, 13, 0, 4, 0, 3, 5, 7, 8, 9, 10, 11, 14, 15, 0, 1, 0, 1, 1, 0, 1, 1, 1, 0, 1, 1, 1, 0, 1, 0]
Fitness: 1618.953794 	[12, 6, 1, 0, 2, 13, 0, 4, 0, 3, 5, 7, 8, 9, 10, 11, 14, 15, 0, 1, 0, 1, 1, 0, 1, 1, 1, 0, 1, 1, 1, 0, 1, 0]
Fitness: 1618.953794 	[3, 5, 7, 0, 2, 13, 0, 12, 6, 1, 0, 4, 8, 9, 10, 11, 14, 15, 0, 1, 0, 1, 1, 0, 1, 1, 1, 0, 1, 1, 1, 0, 1, 0]
Fitness: 1618.953794 	[12, 6, 1, 0, 2, 13, 0, 4, 0, 3, 5, 7, 8, 9, 10, 11, 14, 15, 0, 1, 0, 1, 1, 1, 0, 1, 1, 0, 1, 1, 1, 0, 1, 0]
Fitness: 1630.033465 	[4, 0, 1, 2, 13, 0, 12, 6, 0, 3, 5, 7, 8, 9, 10, 11, 14, 15, 0, 1, 0, 1, 1, 1, 0, 1, 1, 0, 1, 1, 1, 0, 1, 0]
Fitness: 1618.953794 	[4, 0, 3, 5, 7, 8, 9, 10, 11, 14, 15, 0, 2, 13, 0, 1, 12, 6, 0, 1, 0, 1, 1, 0, 1, 1, 1, 0, 1, 1, 1, 0, 1, 0]
Fitness: 1618.953794 	[1, 6, 0, 2, 13, 0, 4, 0, 12, 3, 5, 7, 8, 9, 10, 11, 14, 15, 0, 0, 1, 1, 1, 0, 1, 1, 1, 0, 1, 1, 1, 0, 1, 0]
Fitness: 1618.953794 	[14, 12, 6, 1, 0, 2, 13, 0, 4, 0, 3, 5, 7, 8, 9, 10, 11, 15, 0, 0, 1, 1, 1, 0, 1, 1, 1, 0, 1, 1, 1, 0, 1, 0]
Fitness: 1618.953794 	[12, 6, 0, 2, 13, 0, 1, 4, 0, 3, 5, 7, 8, 9, 10, 11, 14, 15, 0, 1, 0, 1, 1, 0, 1, 1, 0, 0, 1, 1, 1, 1, 1, 0]
Fitness: 1618.953794 	[3, 5, 7, 8, 0, 4, 12, 6, 1, 0, 2, 13, 0, 9, 10, 11, 14, 15, 0, 1, 0, 1, 1, 0, 1, 1, 1, 0, 1, 1, 1, 0, 1, 0]
Fitness: 1630.033465 	[4, 0, 1, 2, 13, 0, 14, 12, 6, 0, 3, 5, 7, 8, 9, 10, 11, 15, 0, 1, 0, 1, 1, 1, 1, 1, 1, 0, 0, 1, 1, 0, 1, 0]
Fitness: 1618.953794 	[4, 12, 6, 1, 0, 2, 13, 0, 3, 5, 7, 8, 0, 9, 10, 11, 14, 15, 0, 1, 0, 1, 1, 0, 0, 1, 1, 1, 1, 1, 1, 0, 1, 0]
Fitness: 1630.033465 	[6, 0, 12, 1, 2, 13, 0, 4, 0, 3, 5, 7, 8, 9, 10, 11, 14, 15, 0, 1, 0, 1, 1, 1, 0, 1, 0, 0, 1, 1, 1, 1, 1, 0]
Fitness: 1618.953794 	[12, 6, 1, 0, 2, 13, 0, 9, 4, 0, 3, 5, 7, 8, 10, 11, 14, 15, 0, 1, 0, 1, 1, 0, 1, 1, 1, 0, 1, 1, 0, 1, 1, 0]
Fitness: 1618.953794 	[3, 7, 8, 9, 10, 11, 14, 15, 0, 5, 2, 13, 0, 1, 12, 0, 4, 6, 0, 1, 0, 1, 1, 1, 0, 1, 1, 0, 1, 1, 1, 1, 0, 0]
Fitness: 1630.033465 	[12, 6, 0, 1, 13, 0, 2, 4, 0, 3, 5, 7, 8, 9, 10, 11, 14, 15, 0, 0, 0, 1, 1, 1, 1, 1, 1, 0, 1, 1, 1, 0, 1, 0]
Fitness: 1618.953794 	[12, 6, 1, 0, 4, 3, 5, 7, 8, 0, 2, 13, 0, 9, 10, 11, 14, 15, 0, 1, 1, 1, 1, 0, 1, 0, 1, 0, 1, 1, 1, 0, 1, 0]
Fitness: 1618.953794 	[8, 12, 6, 1, 0, 2, 13, 0, 4, 0, 3, 5, 7, 9, 10, 11, 14, 15, 0, 1, 1, 1, 1, 0, 1, 1, 1, 0, 1, 0, 1, 0, 1, 0]
Fitness: 1618.953794 	[12, 6, 1, 0, 2, 0, 13, 4, 0, 3, 5, 7, 8, 9, 10, 11, 14, 15, 0, 1, 0, 0, 1, 0, 1, 1, 1, 1, 1, 1, 1, 0, 1, 0]
Fitness: 1618.953794 	[12, 6, 1, 0, 14, 2, 13, 0, 4, 0, 3, 5, 7, 8, 9, 10, 11, 15, 0, 1, 0, 1, 1, 0, 1, 0, 1, 1, 1, 1, 1, 0, 1, 0]
Fitness: 1630.033465 	[12, 6, 0, 4, 1, 2, 13, 0, 3, 5, 7, 8, 0, 9, 10, 11, 14, 15, 0, 1, 0, 1, 1, 1, 0, 1, 1, 1, 1, 0, 1, 0, 1, 0]
Fitness: 1630.033465 	[12, 6, 0, 10, 1, 2, 13, 0, 4, 0, 3, 5, 7, 8, 9, 11, 14, 15, 0, 1, 0, 1, 1, 0, 0, 1, 1, 1, 1, 1, 1, 0, 1, 0]
Fitness: 1630.033465 	[1, 12, 6, 0, 2, 13, 0, 4, 0, 3, 5, 7, 8, 9, 10, 11, 14, 15, 0, 1, 1, 1, 1, 1, 0, 0, 1, 0, 1, 1, 1, 0, 1, 0]
Fitness: 1630.033465 	[12, 6, 0, 1, 2, 13, 0, 9, 10, 11, 14, 15, 0, 4, 3, 5, 7, 8, 0, 1, 1, 1, 1, 1, 0, 1, 1, 0, 0, 1, 1, 0, 1, 0]
Fitness: 1618.953794 	[12, 6, 1, 0, 13, 0, 2, 4, 0, 3, 5, 7, 8, 9, 10, 11, 14, 15, 0, 0, 0, 1, 1, 0, 1, 1, 1, 1, 1, 1, 1, 0, 1, 0]
Fitness: 1618.953794 	[3, 5, 7, 0, 13, 0, 2, 12, 6, 1, 0, 4, 8, 9, 10, 11, 14, 15, 0, 1, 0, 1, 1, 0, 1, 1, 1, 0, 1, 1, 1, 1, 0, 0]
Fitness: 1618.953794 	[4, 0, 12, 6, 1, 0, 2, 0, 13, 3, 5, 7, 8, 9, 10, 11, 14, 15, 0, 1, 0, 1, 1, 1, 0, 1, 1, 0, 1, 1, 0, 1, 1, 0]
Fitness: 1618.953794 	[3, 5, 7, 8, 0, 12, 6, 1, 0, 4, 2, 13, 0, 9, 10, 11, 14, 15, 0, 1, 0, 1, 1, 1, 1, 1, 1, 0, 1, 0, 1, 0, 1, 0]
Fitness: 1618.953794 	[6, 1, 0, 2, 13, 0, 12, 4, 0, 3, 5, 7, 8, 9, 10, 11, 14, 15, 0, 1, 0, 0, 1, 0, 1, 1, 1, 1, 1, 1, 1, 0, 1, 0]
Fitness: 1630.033465 	[6, 4, 0, 1, 2, 13, 0, 12, 0, 3, 5, 7, 8, 9, 10, 11, 14, 15, 0, 1, 1, 1, 1, 0, 0, 1, 1, 0, 1, 1, 1, 0, 1, 0]
Fitness: 1618.953794 	[12, 6, 1, 0, 2, 13, 0, 4, 3, 5, 7, 8, 0, 9, 10, 11, 14, 15, 0, 1, 0, 1, 0, 0, 1, 1, 1, 1, 1, 1, 1, 0, 1, 0]
Fitness: 1618.953794 	[12, 6, 1, 0, 2, 13, 0, 4, 3, 5, 7, 8, 0, 9, 10, 11, 14, 15, 0, 1, 0, 1, 1, 0, 1, 1, 1, 1, 1, 1, 1, 0, 0, 0]
Fitness: 1618.953794 	[12, 6, 1, 0, 2, 13, 0, 9, 4, 0, 3, 5, 7, 8, 10, 11, 14, 15, 0, 1, 0, 1, 1, 0, 1, 1, 1, 0, 1, 1, 0, 1, 1, 0]
Fitness: 1630.033465 	[4, 3, 5, 7, 8, 0, 1, 2, 13, 0, 12, 6, 0, 9, 10, 11, 14, 15, 0, 1, 0, 1, 1, 1, 1, 1, 1, 0, 0, 1, 1, 0, 1, 0]
Fitness: 1630.033465 	[6, 0, 12, 1, 2, 13, 0, 4, 0, 3, 5, 7, 8, 9, 10, 11, 14, 15, 0, 1, 1, 1, 1, 1, 0, 0, 1, 0, 1, 1, 1, 0, 1, 0]
Fitness: 1618.953794 	[12, 6, 1, 0, 10, 2, 13, 0, 4, 0, 3, 5, 7, 8, 9, 11, 14, 15, 0, 1, 0, 1, 1, 0, 1, 1, 1, 0, 1, 0, 1, 1, 1, 0]
Fitness: 1630.033465 	[4, 3, 5, 7, 8, 0, 1, 2, 13, 0, 12, 6, 0, 9, 10, 11, 14, 15, 0, 1, 1, 1, 1, 1, 0, 1, 1, 0, 1, 1, 1, 0, 0, 0]
Fitness: 1618.953794 	[12, 6, 1, 0, 7, 2, 13, 0, 4, 0, 3, 5, 8, 9, 10, 11, 14, 15, 0, 1, 0, 1, 1, 0, 1, 1, 1, 0, 1, 1, 0, 1, 1, 0]
Fitness: 1618.953794 	[2, 12, 6, 1, 0, 13, 0, 4, 0, 3, 5, 7, 8, 9, 10, 11, 14, 15, 0, 1, 1, 1, 1, 0, 1, 1, 1, 0, 1, 1, 1, 0, 0, 0]
Fitness: 1618.953794 	[12, 6, 1, 0, 2, 13, 0, 4, 3, 5, 7, 8, 0, 9, 10, 11, 14, 15, 0, 0, 0, 1, 1, 0, 1, 1, 1, 1, 1, 1, 1, 0, 1, 0]
Fitness: 1630.033465 	[12, 6, 0, 4, 1, 2, 13, 0, 3, 5, 7, 8, 0, 9, 10, 11, 14, 15, 0, 1, 0, 1, 1, 1, 1, 1, 1, 0, 1, 0, 1, 0, 1, 0]
Fitness: 1618.953794 	[2, 12, 6, 1, 0, 13, 0, 4, 0, 3, 5, 7, 8, 9, 10, 11, 14, 15, 0, 1, 0, 1, 1, 0, 1, 1, 1, 1, 1, 0, 1, 0, 1, 0]
Fitness: 1618.953794 	[12, 6, 1, 0, 3, 5, 7, 8, 0, 4, 2, 13, 0, 9, 10, 11, 14, 15, 0, 1, 0, 1, 1, 0, 1, 0, 1, 0, 1, 1, 1, 1, 1, 0]
Fitness: 1618.953794 	[2, 13, 0, 3, 5, 7, 8, 10, 11, 14, 15, 0, 9, 4, 0, 1, 12, 6, 0, 1, 1, 1, 1, 0, 1, 0, 1, 0, 1, 1, 1, 0, 1, 0]
Fitness: 1618.953794 	[12, 6, 1, 0, 2, 13, 0, 10, 4, 0, 3, 5, 7, 8, 9, 11, 14, 15, 0, 1, 0, 0, 1, 0, 1, 1, 1, 1, 1, 1, 1, 0, 1, 0]
Fitness: 1618.953794 	[4, 12, 6, 1, 0, 2, 13, 0, 3, 5, 7, 8, 0, 9, 10, 11, 14, 15, 0, 0, 0, 1, 1, 0, 1, 1, 1, 1, 1, 1, 1, 0, 1, 0]
Fitness: 1618.953794 	[4, 12, 6, 1, 0, 2, 13, 0, 3, 5, 7, 8, 0, 9, 10, 11, 14, 15, 0, 1, 0, 1, 1, 1, 1, 0, 1, 0, 1, 1, 1, 0, 1, 0]
Fitness: 1618.953794 	[12, 6, 1, 0, 9, 10, 11, 14, 15, 0, 4, 3, 5, 7, 8, 0, 2, 13, 0, 1, 0, 1, 1, 0, 1, 1, 0, 1, 1, 1, 1, 0, 1, 0]
Fitness: 1630.033465 	[10, 4, 0, 1, 2, 13, 0, 12, 6, 0, 3, 5, 7, 8, 9, 11, 14, 15, 0, 1, 0, 1, 1, 0, 0, 1, 1, 0, 1, 1, 1, 1, 1, 0]
Fitness: 1618.953794 	[6, 1, 0, 2, 13, 0, 4, 0, 12, 3, 5, 7, 8, 9, 10, 11, 14, 15, 0, 1, 1, 1, 1, 0, 1, 1, 1, 0, 1, 1, 1, 0, 0, 0]
Fitness: 1618.953794 	[13, 3, 5, 7, 8, 9, 10, 11, 14, 15, 0, 2, 0, 4, 0, 1, 12, 6, 0, 1, 1, 1, 1, 0, 1, 0, 1, 0, 1, 1, 1, 0, 1, 0]
Fitness: 1618.953794 	[12, 6, 1, 0, 4, 2, 13, 0, 3, 5, 7, 8, 0, 9, 10, 11, 14, 15, 0, 1, 0, 1, 1, 1, 1, 1, 1, 0, 1, 1, 0, 0, 1, 0]
Fitness: 1618.953794 	[4, 0, 2, 13, 0, 12, 3, 5, 7, 8, 9, 10, 11, 14, 15, 0, 6, 1, 0, 1, 0, 1, 1, 1, 1, 1, 0, 0, 1, 1, 1, 0, 1, 0]
Fitness: 1618.953794 	[6, 1, 0, 2, 13, 0, 12, 4, 0, 3, 5, 7, 8, 9, 10, 11, 14, 15, 0, 1, 0, 0, 1, 1, 1, 1, 1, 0, 1, 1, 1, 0, 1, 0]
Fitness: 1630.033465 	[4, 3, 5, 7, 8, 0, 1, 2, 13, 0, 12, 6, 0, 9, 10, 11, 14, 15, 0, 1, 0, 1, 0, 1, 0, 1, 1, 0, 1, 1, 1, 1, 1, 0]
Fitness: 1618.953794 	[12, 6, 1, 0, 13, 0, 2, 4, 0, 3, 5, 7, 8, 9, 10, 11, 14, 15, 0, 1, 0, 1, 1, 0, 0, 1, 1, 0, 1, 1, 1, 1, 1, 0]
Fitness: 1618.953794 	[3, 5, 7, 8, 9, 10, 11, 14, 15, 0, 2, 13, 0, 4, 0, 12, 6, 1, 0, 1, 0, 1, 1, 0, 1, 1, 1, 0, 1, 1, 1, 0, 1, 0]
Fitness: 1618.953794 	[9, 10, 11, 14, 15, 0, 2, 13, 0, 3, 5, 7, 8, 0, 4, 12, 6, 1, 0, 1, 0, 1, 1, 0, 0, 1, 1, 1, 1, 1, 1, 0, 1, 0]
Fitness: 1618.953794 	[4, 0, 1, 12, 6, 0, 2, 13, 0, 3, 5, 7, 8, 9, 10, 11, 14, 15, 0, 1, 0, 1, 1, 0, 1, 1, 1, 0, 1, 1, 1, 0, 1, 0]
Fitness: 1630.033465 	[4, 0, 3, 5, 7, 8, 9, 10, 11, 14, 15, 0, 12, 6, 0, 1, 2, 13, 0, 1, 0, 1, 1, 1, 0, 1, 1, 0, 1, 1, 1, 0, 1, 0]
Fitness: 1618.953794 	[2, 13, 0, 12, 6, 1, 0, 4, 0, 3, 5, 7, 8, 9, 10, 11, 14, 15, 0, 1, 0, 1, 1, 0, 1, 1, 1, 0, 1, 1, 1, 0, 1, 0]
Fitness: 1618.953794 	[2, 13, 0, 12, 6, 1, 0, 4, 0, 3, 5, 7, 8, 9, 10, 11, 14, 15, 0, 1, 0, 1, 1, 1, 0, 1, 1, 0, 1, 1, 1, 0, 1, 0]
Fitness: 1618.953794 	[12, 6, 1, 0, 3, 5, 7, 8, 9, 10, 11, 14, 15, 0, 4, 0, 2, 13, 0, 1, 0, 1, 1, 1, 0, 1, 1, 0, 1, 1, 1, 0, 1, 0]
Fitness: 1618.953794 	[4, 0, 1, 0, 2, 13, 0, 3, 5, 7, 8, 9, 10, 11, 14, 15, 12, 6, 0, 1, 0, 1, 1, 0, 1, 1, 1, 0, 1, 1, 1, 0, 1, 0]
Fitness: 1618.953794 	[12, 6, 1, 0, 2, 13, 0, 3, 5, 7, 8, 9, 10, 11, 14, 15, 0, 4, 0, 1, 0, 1, 1, 0, 1, 1, 1, 0, 1, 1, 1, 0, 1, 0]
Fitness: 1618.953794 	[12, 6, 1, 0, 4, 0, 2, 13, 0, 3, 5, 7, 8, 9, 10, 11, 14, 15, 0, 1, 0, 1, 1, 0, 1, 1, 1, 0, 1, 1, 1, 0, 1, 0]
Fitness: 1618.953794 	[3, 5, 7, 8, 9, 10, 11, 14, 15, 0, 1, 12, 0, 2, 13, 0, 4, 6, 0, 1, 0, 1, 1, 1, 0, 1, 1, 0, 1, 1, 1, 0, 1, 0]
Fitness: 1630.033465 	[12, 6, 0, 1, 2, 13, 0, 4, 3, 5, 7, 8, 0, 9, 10, 11, 14, 15, 0, 1, 0, 1, 0, 1, 0, 1, 1, 0, 1, 1, 1, 1, 1, 0]
Fitness: 1630.033465 	[1, 2, 13, 0, 3, 5, 7, 8, 9, 10, 11, 14, 15, 0, 4, 0, 12, 6, 0, 1, 0, 1, 1, 1, 0, 1, 1, 0, 1, 1, 1, 0, 1, 0]
Fitness: 1618.953794 	[2, 13, 0, 4, 0, 1, 0, 3, 5, 7, 8, 9, 10, 11, 14, 15, 12, 6, 0, 1, 0, 1, 1, 0, 1, 1, 1, 0, 1, 1, 1, 0, 1, 0]
Fitness: 1630.033465 	[12, 6, 0, 1, 2, 13, 0, 4, 0, 3, 5, 7, 8, 9, 10, 11, 14, 15, 0, 1, 0, 1, 1, 1, 0, 1, 1, 0, 1, 1, 1, 0, 1, 0]
Fitness: 1630.033465 	[12, 6, 0, 4, 0, 1, 2, 13, 0, 3, 5, 7, 8, 9, 10, 11, 14, 15, 0, 1, 0, 1, 1, 1, 0, 1, 1, 0, 1, 1, 1, 0, 1, 0]
Fitness: 1618.953794 	[4, 0, 2, 13, 0, 12, 6, 1, 0, 3, 5, 7, 8, 9, 10, 11, 14, 15, 0, 1, 0, 1, 1, 0, 1, 1, 1, 0, 1, 1, 1, 0, 1, 0]
Fitness: 1618.953794 	[12, 6, 1, 0, 2, 13, 0, 3, 5, 7, 8, 9, 10, 11, 14, 15, 0, 4, 0, 1, 0, 1, 1, 0, 1, 1, 1, 0, 1, 1, 1, 0, 1, 0]
Fitness: 1618.953794 	[2, 13, 0, 12, 6, 1, 0, 4, 0, 3, 5, 7, 8, 9, 10, 11, 14, 15, 0, 1, 0, 1, 1, 0, 1, 1, 1, 0, 1, 1, 1, 0, 1, 0]
Fitness: 1630.033465 	[1, 2, 13, 0, 3, 5, 7, 8, 9, 10, 11, 14, 15, 0, 12, 6, 0, 4, 0, 1, 0, 1, 1, 0, 1, 1, 1, 0, 1, 1, 1, 0, 1, 0]
Fitness: 1618.953794 	[12, 6, 1, 0, 3, 5, 7, 8, 9, 10, 11, 14, 15, 0, 4, 0, 2, 13, 0, 1, 0, 1, 1, 0, 1, 1, 1, 0, 1, 1, 1, 0, 1, 0]
Fitness: 1618.953794 	[1, 4, 0, 2, 13, 0, 12, 6, 0, 3, 5, 7, 8, 9, 10, 11, 14, 15, 0, 1, 0, 1, 1, 0, 1, 1, 0, 0, 1, 1, 1, 1, 1, 0]
Fitness: 1618.953794 	[14, 12, 6, 1, 0, 3, 5, 7, 8, 9, 10, 11, 15, 0, 4, 0, 2, 13, 0, 0, 1, 1, 1, 0, 1, 1, 1, 0, 1, 1, 1, 0, 1, 0]
Fitness: 1618.953794 	[12, 6, 1, 0, 4, 0, 2, 13, 0, 3, 5, 7, 8, 9, 10, 11, 14, 15, 0, 1, 0, 1, 1, 0, 1, 1, 1, 0, 1, 1, 1, 0, 1, 0]
Fitness: 1618.953794 	[12, 6, 1, 0, 4, 0, 2, 13, 0, 3, 5, 7, 8, 9, 10, 11, 14, 15, 0, 1, 0, 1, 1, 0, 1, 1, 1, 0, 1, 1, 1, 0, 1, 0]
Fitness: 1630.033465 	[3, 5, 7, 8, 0, 4, 1, 2, 13, 0, 12, 6, 0, 9, 10, 11, 14, 15, 0, 1, 0, 1, 1, 1, 0, 1, 1, 1, 1, 0, 1, 0, 1, 0]
Fitness: 1618.953794 	[12, 6, 1, 0, 3, 5, 7, 8, 9, 10, 11, 14, 15, 0, 4, 0, 2, 13, 0, 1, 0, 1, 1, 0, 1, 1, 1, 0, 1, 1, 1, 0, 1, 0]
Fitness: 1630.033465 	[4, 0, 1, 2, 13, 0, 12, 6, 0, 3, 5, 7, 8, 9, 10, 11, 14, 15, 0, 1, 0, 1, 1, 1, 0, 1, 1, 0, 1, 1, 1, 0, 1, 0]
Fitness: 1618.953794 	[4, 0, 2, 13, 0, 12, 6, 1, 0, 3, 5, 7, 8, 9, 10, 11, 14, 15, 0, 1, 0, 1, 1, 0, 1, 1, 1, 0, 1, 1, 1, 0, 1, 0]
Fitness: 1618.953794 	[3, 5, 7, 8, 9, 10, 11, 14, 15, 0, 2, 13, 0, 4, 0, 12, 6, 1, 0, 1, 0, 1, 1, 0, 1, 1, 1, 0, 1, 1, 1, 0, 1, 0]
Fitness: 1630.033465 	[4, 0, 12, 6, 0, 1, 2, 13, 0, 3, 5, 7, 8, 9, 10, 11, 14, 15, 0, 1, 0, 1, 1, 1, 0, 1, 1, 0, 1, 1, 1, 0, 1, 0]
Fitness: 1618.953794 	[2, 13, 0, 1, 12, 6, 0, 4, 0, 3, 5, 7, 8, 9, 10, 11, 14, 15, 0, 1, 0, 1, 1, 0, 1, 1, 1, 0, 1, 1, 1, 0, 1, 0]
Fitness: 1618.953794 	[2, 13, 0, 12, 6, 1, 0, 4, 0, 3, 5, 7, 8, 9, 10, 11, 14, 15, 0, 1, 0, 1, 1, 0, 1, 1, 1, 0, 1, 1, 1, 0, 1, 0]
Fitness: 1630.033465 	[12, 6, 0, 3, 5, 7, 8, 9, 10, 11, 14, 15, 0, 4, 0, 1, 2, 13, 0, 1, 0, 1, 1, 1, 0, 1, 1, 0, 1, 1, 1, 0, 1, 0]
Fitness: 1618.953794 	[4, 0, 2, 13, 0, 1, 12, 6, 0, 3, 5, 7, 8, 9, 10, 11, 14, 15, 0, 1, 0, 1, 1, 0, 1, 1, 1, 0, 1, 1, 1, 0, 1, 0]
Fitness: 1618.953794 	[4, 0, 2, 13, 0, 12, 6, 1, 0, 3, 5, 7, 8, 9, 10, 11, 14, 15, 0, 1, 0, 1, 1, 1, 0, 1, 1, 0, 1, 1, 1, 0, 1, 0]
Fitness: 1618.953794 	[12, 6, 1, 0, 3, 5, 7, 8, 9, 10, 11, 14, 15, 0, 13, 4, 0, 2, 0, 1, 0, 0, 1, 0, 1, 1, 1, 1, 1, 1, 1, 0, 1, 0]
Fitness: 1618.953794 	[12, 6, 1, 0, 2, 13, 0, 3, 5, 7, 8, 9, 10, 11, 14, 15, 0, 4, 0, 1, 0, 1, 1, 0, 1, 1, 1, 0, 1, 1, 1, 0, 1, 0]
Fitness: 1630.033465 	[12, 6, 0, 4, 0, 1, 2, 13, 0, 3, 5, 7, 8, 9, 10, 11, 14, 15, 0, 1, 0, 1, 1, 1, 0, 1, 1, 0, 1, 1, 1, 0, 1, 0]
Fitness: 1618.953794 	[12, 6, 1, 0, 4, 0, 3, 5, 7, 8, 9, 10, 11, 14, 15, 0, 2, 13, 0, 1, 0, 1, 1, 0, 1, 1, 1, 0, 1, 1, 1, 0, 1, 0]
Fitness: 1630.033465 	[4, 0, 3, 5, 7, 8, 9, 10, 11, 14, 15, 0, 12, 6, 0, 1, 2, 13, 0, 1, 0, 1, 1, 1, 0, 1, 1, 0, 1, 1, 1, 0, 1, 0]
Fitness: 1618.953794 	[9, 10, 11, 14, 15, 0, 2, 13, 0, 4, 3, 5, 7, 8, 0, 12, 6, 1, 0, 1, 0, 1, 1, 0, 1, 1, 1, 1, 1, 1, 1, 0, 0, 0]
Fitness: 1630.033465 	[3, 5, 7, 8, 9, 10, 11, 14, 15, 0, 1, 2, 13, 0, 4, 0, 12, 6, 0, 1, 0, 1, 1, 1, 0, 1, 1, 0, 1, 1, 1, 0, 1, 0]
Fitness: 1618.953794 	[12, 6, 1, 0, 2, 13, 0, 3, 5, 7, 8, 10, 11, 14, 15, 0, 9, 4, 0, 1, 0, 1, 1, 0, 1, 1, 1, 0, 1, 1, 0, 1, 1, 0]
Fitness: 1618.953794 	[1, 12, 6, 0, 2, 0, 4, 0, 13, 3, 5, 7, 8, 9, 10, 11, 14, 15, 0, 1, 1, 1, 1, 0, 1, 0, 1, 0, 1, 1, 1, 0, 1, 0]
Fitness: 1618.953794 	[9, 10, 11, 14, 15, 0, 2, 13, 0, 4, 3, 5, 7, 8, 0, 12, 6, 1, 0, 0, 0, 1, 1, 0, 1, 1, 1, 1, 1, 1, 1, 0, 1, 0]
Fitness: 1618.953794 	[12, 6, 1, 0, 3, 5, 7, 8, 9, 10, 11, 14, 15, 0, 4, 0, 2, 13, 0, 1, 0, 1, 1, 0, 1, 1, 1, 0, 1, 1, 1, 0, 1, 0]
Fitness: 1618.953794 	[4, 12, 6, 1, 0, 9, 10, 11, 14, 15, 0, 3, 5, 7, 8, 0, 2, 13, 0, 1, 0, 1, 1, 1, 1, 0, 1, 0, 1, 1, 1, 0, 1, 0]
Fitness: 1618.953794 	[2, 13, 0, 12, 6, 1, 0, 4, 0, 3, 5, 7, 8, 9, 10, 11, 14, 15, 0, 1, 0, 1, 1, 0, 1, 1, 1, 0, 1, 1, 1, 0, 1, 0]
Fitness: 1630.033465 	[4, 0, 3, 5, 7, 8, 9, 10, 11, 14, 15, 0, 12, 6, 0, 1, 2, 13, 0, 1, 0, 1, 1, 1, 0, 1, 1, 0, 1, 1, 1, 0, 1, 0]
Time: 0.33128