Fitness: 1630.033465 	[4, 0, 1, 2, 13, 0, 12, 6, 0, 3, 5, 7, 8, 9, 10, 11, 14, 15, 0, 1, 0, 1, 1, 1, 0, 1, 1, 0, 1, 1, 1, 0, 1, 0]
Fitness: 1630.033465 	[4, 0, 1, 2, 13, 0, 12, 6, 0, 3, 5, 7, 8, 9, 10, 11, 14, 15, 0, 1, 0, 1, 1, 1, 0, 1, 1, 0, 1, 1, 1, 0, 1, 0]
Fitness: 1630.033465 	[4, 0, 1, 2, 13, 0, 12, 6, 0, 3, 5, 7, 8, 9, 10, 11, 14, 15, 0, 1, 0, 1, 1, 1, 0, 1, 1, 0, 1, 1, 1, 0, 1, 0]
Fitness: 1630.033465 	[4, 0, 1, 2, 13, 0, 12, 6, 0, 3, 5, 7, 8, 9, 10, 11, 14, 15, 0, 1, 0, 1, 1, 1, 0, 1, 1, 0, 1, 1, 1, 0, 1, 0]
Fitness: 1630.033465 	[1, 2, 13, 0, 4, 0, 12, 6, 0, 3, 5, 7, 8, 9, 10, 11, 14, 15, 0, 1, 0, 1, 1, 0, 1, 1, 1, 0, 1, 1, 1, 0, 1, 0]
Fitness: 1630.033465 	[4, 0, 1, 2, 13, 0, 12, 6, 0, 3, 5, 7, 8, 9, 10, 11, 14, 15, 0, 1, 0, 1, 1, 1, 0, 1, 1, 0, 1, 1, 1, 0, 1, 0]
Fitness: 1630.033465 	[4, 0, 1, 2, 13, 0, 12, 6, 0, 3, 5, 7, 8, 9, 10, 11, 14, 15, 0, 1, 0, 1, 1, 1, 0, 1, 1, 0, 1, 1, 1, 0, 1, 0]
Fitness: 1630.033465 	[4, 0, 1, 2, 13, 0, 12, 6, 0, 3, 5, 7, 8, 9, 10, 11, 14, 15, 0, 1, 0, 1, 1, 1, 0, 1, 1, 0, 1, 1, 1, 0, 1, 0]
Fitness: 1630.033465 	[4, 0, 1, 2, 13, 0, 12, 6, 0, 3, 5, 7, 8, 9, 10, 11, 14, 15, 0, 1, 0, 1, 1, 1, 0, 1, 1, 0, 1, 1, 1, 0, 1, 0]
Fitness: 1630.033465 	[4, 0, 1, 2, 13, 0, 12, 6, 0, 3, 5, 7, 8, 9, 10, 11, 14, 15, 0, 1, 0, 1, 1, 1, 0, 1, 1, 0, 1, 1, 1, 0, 1, 0]
Fitness: 1630.033465 	[4, 0, 1, 2, 13, 0, 12, 6, 0, 3, 5, 7, 8, 9, 10, 11, 14, 15, 0, 1, 0, 1, 1, 1, 0, 1, 1, 0, 1, 1, 1, 0, 1, 0]
Fitness: 1630.033465 	[4, 0, 1, 2, 13, 0, 12, 6, 0, 3, 5, 7, 8, 9, 10, 11, 14, 15, 0, 1, 0, 1, 1, 1, 0, 1, 1, 0, 1, 1, 1, 0, 1, 0]
Fitness: 1630.033465 	[4, 0, 1, 2, 13, 0, 12, 6, 0, 3, 5, 7, 8, 9, 10, 11, 14, 15, 0, 1, 0, 1, 1, 1, 0, 1, 1, 0, 1, 1, 1, 0, 1, 0]
Fitness: 1630.033465 	[4, 0, 1, 2, 13, 0, 12, 6, 0, 3, 5, 7, 8, 9, 10, 11, 14, 15, 0, 1, 0, 1, 1, 1, 0, 1, 1, 0, 1, 1, 1, 0, 1, 0]
Fitness: 1630.033465 	[1, 2, 13, 0, 4, 0, 12, 6, 0, 3, 5, 7, 8, 9, 10, 11, 14, 15, 0, 1, 0, 1, 1, 0, 1, 1, 1, 0, 1, 1, 1, 0, 1, 0]
Fitness: 1630.033465 	[4, 0, 1, 2, 13, 0, 12, 6, 0, 3, 5, 7, 8, 9, 10, 11, 14, 15, 0, 1, 0, 1, 1, 1, 0, 1, 1, 0, 1, 1, 1, 0, 1, 0]
Fitness: 1630.033465 	[4, 0, 1, 2, 13, 0, 12, 6, 0, 3, 5, 7, 8, 9, 10, 11, 14, 15, 0, 1, 0, 1, 1, 1, 0, 1, 1, 0, 1, 1, 1, 0, 1, 0]
Fitness: 1630.033465 	[4, 0, 1, 2, 13, 0, 12, 6, 0, 3, 5, 7, 8, 9, 10, 11, 14, 15, 0, 1, 0, 1, 1, 1, 0, 1, 1, 0, 1, 1, 1, 0, 1, 0]
Fitness: 1630.033465 	[4, 0, 1, 2, 13, 0, 12, 6, 0, 3, 5, 7, 8, 9, 10, 11, 14, 15, 0, 1, 0, 1, 1, 1, 0, 1, 1, 0, 1, 1, 1, 0, 1, 0]
Fitness: 1630.033465 	[4, 0, 1, 2, 13, 0, 12, 6, 0, 3, 5, 7, 8, 9, 10, 11, 14, 15, 0, 1, 0, 1, 1, 1, 0, 1, 1, 0, 1, 1, 1, 0, 1, 0]
Fitness: 1630.033465 	[4, 0, 1, 2, 13, 0, 12, 6, 0, 3, 5, 7, 8, 9, 10, 11, 14, 15, 0, 1, 0, 1, 1, 1, 0, 1, 1, 0, 1, 1, 1, 0, 1, 0]
Fitness: 1630.033465 	[4, 0, 1, 2, 13, 0, 12, 6, 0, 3, 5, 7, 8, 9, 10, 11, 14, 15, 0, 1, 0, 1, 1, 1, 0, 1, 1, 0, 1, 1, 1, 0, 1, 0]
Fitness: 1630.033465 	[1, 2, 13, 0, 4, 0, 12, 6, 0, 3, 5, 7, 8, 9, 10, 11, 14, 15, 0, 1, 0, 1, 1, 0, 1, 1, 1, 0, 1, 1, 1, 0, 1, 0]
Fitness: 1630.033465 	[4, 0, 1, 2, 13, 0, 12, 6, 0, 3, 5, 7, 8, 9, 10, 11, 14, 15, 0, 1, 0, 1, 1, 1, 0, 1, 1, 0, 1, 1, 1, 0, 1, 0]
Fitness: 1630.033465 	[4, 0, 1, 2, 13, 0, 12, 6, 0, 3, 5, 7, 8, 9, 10, 11, 14, 15, 0, 1, 0, 1, 1, 1, 0, 1, 1, 0, 1, 1, 1, 0, 1, 0]
Fitness: 1630.033465 	[4, 0, 1, 2, 13, 0, 12, 6, 0, 3, 5, 7, 8, 9, 10, 11, 14, 15, 0, 1, 0, 1, 1, 1, 0, 1, 1, 0, 1, 1, 1, 0, 1, 0]
Fitness: 1630.033465 	[4, 0, 1, 2, 13, 0, 12, 6, 0, 3, 5, 7, 8, 9, 10, 11, 14, 15, 0, 1, 0, 1, 1, 1, 0, 1, 1, 0, 1, 1, 1, 0, 1, 0]
Fitness: 1630.033465 	[1, 2, 13, 0, 12, 6, 0, 4, 0, 3, 5, 7, 8, 9, 10, 11, 14, 15, 0, 1, 0, 1, 1, 0, 1, 1, 1, 0, 1, 1, 1, 0, 1, 0]
Fitness: 1630.033465 	[4, 0, 1, 2, 13, 0, 12, 6, 0, 3, 5, 7, 8, 9, 10, 11, 14, 15, 0, 1, 0, 1, 1, 1, 0, 1, 1, 0, 1, 1, 1, 0, 1, 0]
Fitness: 1630.033465 	[4, 0, 1, 2, 13, 0, 12, 6, 0, 3, 5, 7, 8, 9, 10, 11, 14, 15, 0, 1, 0, 1, 1, 1, 0, 1, 1, 0, 1, 1, 1, 0, 1, 0]
Fitness: 1630.033465 	[4, 0, 1, 2, 13, 0, 12, 6, 0, 3, 5, 7, 8, 9, 10, 11, 14, 15, 0, 1, 0, 1, 1, 1, 0, 1, 1, 0, 1, 1, 1, 0, 1, 0]
Fitness: 1630.033465 	[4, 0, 1, 2, 13, 0, 12, 6, 0, 3, 5, 7, 8, 9, 10, 11, 14, 15, 0, 1, 0, 1, 1, 1, 0, 1, 1, 0, 1, 1, 1, 0, 1, 0]
Fitness: 1630.033465 	[4, 0, 1, 2, 13, 0, 12, 6, 0, 3, 5, 7, 8, 9, 10, 11, 14, 15, 0, 1, 0, 1, 1, 1, 0, 1, 1, 0, 1, 1, 1, 0, 1, 0]
Fitness: 1630.033465 	[4, 0, 1, 2, 13, 0, 12, 6, 0, 3, 5, 7, 8, 9, 10, 11, 14, 15, 0, 1, 0, 1, 1, 1, 0, 1, 1, 0, 1, 1, 1, 0, 1, 0]
Fitness: 1630.033465 	[4, 0, 1, 2, 13, 0, 12, 6, 0, 3, 5, 7, 8, 9, 10, 11, 14, 15, 0, 1, 0, 1, 1, 1, 0, 1, 1, 0, 1, 1, 1, 0, 1, 0]
Fitness: 1630.033465 	[4, 0, 1, 2, 13, 0, 12, 6, 0, 3, 5, 7, 8, 9, 10, 11, 14, 15, 0, 1, 0, 1, 1, 1, 0, 1, 1, 0, 1, 1, 1, 0, 1, 0]
Fitness: 1630.033465 	[4, 0, 1, 2, 13, 0, 12, 6, 0, 3, 5, 7, 8, 9, 10, 11, 14, 15, 0, 1, 0, 1, 1, 1, 0, 1, 1, 0, 1, 1, 1, 0, 1, 0]
Fitness: 1630.033465 	[4, 0, 1, 2, 13, 0, 12, 6, 0, 3, 5, 7, 8, 9, 10, 11, 14, 15, 0, 1, 0, 1, 1, 1, 0, 1, 1, 0, 1, 1, 1, 0, 1, 0]
Fitness: 1630.033465 	[1, 2, 13, 0, 4, 0, 12, 6, 0, 3, 5, 7, 8, 9, 10, 11, 14, 15, 0, 1, 0, 1, 1, 0, 1, 1, 1, 0, 1, 1, 1, 0, 1, 0]
Fitness: 1630.033465 	[4, 0, 1, 2, 13, 0, 12, 6, 0, 3, 5, 7, 8, 9, 10, 11, 14, 15, 0, 1, 0, 1, 1, 1, 0, 1, 1, 0, 1, 1, 1, 0, 1, 0]
Fitness: 1630.033465 	[4, 0, 1, 2, 13, 0, 12, 6, 0, 3, 5, 7, 8, 9, 10, 11, 14, 15, 0, 1, 0, 1, 1, 1, 0, 1, 1, 0, 1, 1, 1, 0, 1, 0]
Fitness: 1630.033465 	[4, 0, 1, 2, 13, 0, 12, 6, 0, 3, 5, 7, 8, 9, 10, 11, 14, 15, 0, 1, 0, 1, 1, 1, 0, 1, 1, 0, 1, 1, 1, 0, 1, 0]
Fitness: 1630.033465 	[4, 0, 1, 2, 13, 0, 12, 6, 0, 3, 5, 7, 8, 9, 10, 11, 14, 15, 0, 1, 0, 1, 1, 1, 0, 1, 1, 0, 1, 1, 1, 0, 1, 0]
Fitness: 1630.033465 	[4, 0, 1, 2, 13, 0, 12, 6, 0, 3, 5, 7, 8, 9, 10, 11, 14, 15, 0, 1, 0, 1, 1, 1, 0, 1, 1, 0, 1, 1, 1, 0, 1, 0]
Fitness: 1630.033465 	[1, 2, 13, 0, 4, 0, 12, 6, 0, 3, 5, 7, 8, 9, 10, 11, 14, 15, 0, 1, 0, 1, 1, 0, 1, 1, 1, 0, 1, 1, 1, 0, 1, 0]
Fitness: 1630.033465 	[4, 0, 1, 2, 13, 0, 12, 6, 0, 3, 5, 7, 8, 9, 10, 11, 14, 15, 0, 1, 0, 1, 1, 1, 0, 1, 1, 0, 1, 1, 1, 0, 1, 0]
Fitness: 1630.033465 	[4, 0, 1, 2, 13, 0, 12, 6, 0, 3, 5, 7, 8, 9, 10, 11, 14, 15, 0, 1, 0, 1, 1, 1, 0, 1, 1, 0, 1, 1, 1, 0, 1, 0]
Fitness: 1630.033465 	[4, 0, 1, 2, 13, 0, 12, 6, 0, 3, 5, 7, 8, 9, 10, 11, 14, 15, 0, 1, 0, 1, 1, 1, 0, 1, 1, 0, 1, 1, 1, 0, 1, 0]
Fitness: 1630.033465 	[1, 2, 13, 0, 4, 0, 12, 6, 0, 3, 5, 7, 8, 9, 10, 11, 14, 15, 0, 1, 0, 1, 1, 0, 1, 1, 1, 0, 1, 1, 1, 0, 1, 0]
Fitness: 1630.033465 	[4, 0, 1, 2, 13, 0, 12, 6, 0, 3, 5, 7, 8, 9, 10, 11, 14, 15, 0, 1, 0, 1, 1, 1, 0, 1, 1, 0, 1, 1, 1, 0, 1, 0]
Fitness: 1630.033465 	[4, 0, 1, 2, 13, 0, 12, 6, 0, 3, 5, 7, 8, 9, 10, 11, 14, 15, 0, 1, 0, 1, 1, 1, 0, 1, 1, 0, 1, 1, 1, 0, 1, 0]
Fitness: 1630.033465 	[4, 0, 1, 2, 13, 0, 12, 6, 0, 3, 5, 7, 8, 9, 10, 11, 14, 15, 0, 1, 0, 1, 1, 1, 0, 1, 1, 0, 1, 1, 1, 0, 1, 0]
Fitness: 1630.033465 	[4, 0, 1, 2, 13, 0, 12, 6, 0, 3, 5, 7, 8, 9, 10, 11, 14, 15, 0, 1, 0, 1, 1, 1, 0, 1, 1, 0, 1, 1, 1, 0, 1, 0]
Fitness: 1630.033465 	[4, 0, 1, 2, 13, 0, 12, 6, 0, 3, 5, 7, 8, 9, 10, 11, 14, 15, 0, 1, 0, 1, 1, 1, 0, 1, 1, 0, 1, 1, 1, 0, 1, 0]
Fitness: 1630.033465 	[4, 0, 1, 2, 13, 0, 12, 6, 0, 3, 5, 7, 8, 9, 10, 11, 14, 15, 0, 1, 0, 1, 1, 1, 0, 1, 1, 0, 1, 1, 1, 0, 1, 0]
Fitness: 1630.033465 	[4, 0, 1, 2, 13, 0, 12, 6, 0, 3, 5, 7, 8, 9, 10, 11, 14, 15, 0, 1, 0, 1, 1, 1, 0, 1, 1, 0, 1, 1, 1, 0, 1, 0]
Fitness: 1630.033465 	[4, 0, 1, 2, 13, 0, 12, 6, 0, 3, 5, 7, 8, 9, 10, 11, 14, 15, 0, 1, 0, 1, 1, 1, 0, 1, 1, 0, 1, 1, 1, 0, 1, 0]
Fitness: 1630.033465 	[4, 0, 1, 2, 13, 0, 12, 6, 0, 3, 5, 7, 8, 9, 10, 11, 14, 15, 0, 1, 0, 1, 1, 1, 0, 1, 1, 0, 1, 1, 1, 0, 1, 0]
Fitness: 1630.033465 	[4, 0, 1, 2, 13, 0, 12, 6, 0, 3, 5, 7, 8, 9, 10, 11, 14, 15, 0, 1, 0, 1, 1, 1, 0, 1, 1, 0, 1, 1, 1, 0, 1, 0]
Fitness: 1630.033465 	[4, 0, 1, 2, 13, 0, 12, 6, 0, 3, 5, 7, 8, 9, 10, 11, 14, 15, 0, 1, 0, 1, 1, 1, 0, 1, 1, 0, 1, 1, 1, 0, 1, 0]
Fitness: 1630.033465 	[4, 0, 1, 2, 13, 0, 12, 6, 0, 3, 5, 7, 8, 9, 10, 11, 14, 15, 0, 1, 0, 1, 1, 1, 0, 1, 1, 0, 1, 1, 1, 0, 1, 0]
Fitness: 1630.033465 	[4, 0, 1, 2, 13, 0, 12, 6, 0, 3, 5, 7, 8, 9, 10, 11, 14, 15, 0, 1, 0, 1, 1, 1, 0, 1, 1, 0, 1, 1, 1, 0, 1, 0]
Fitness: 1630.033465 	[4, 0, 1, 2, 13, 0, 12, 6, 0, 3, 5, 7, 8, 9, 10, 11, 14, 15, 0, 1, 0, 1, 1, 1, 0, 1, 1, 0, 1, 1, 1, 0, 1, 0]
Fitness: 1630.033465 	[4, 0, 1, 2, 13, 0, 12, 6, 0, 3, 5, 7, 8, 9, 10, 11, 14, 15, 0, 1, 0, 1, 1, 1, 0, 1, 1, 0, 1, 1, 1, 0, 1, 0]
Fitness: 1630.033465 	[4, 0, 1, 2, 13, 0, 12, 6, 0, 3, 5, 7, 8, 9, 10, 11, 14, 15, 0, 1, 0, 1, 1, 1, 0, 1, 1, 0, 1, 1, 1, 0, 1, 0]
Fitness: 1630.033465 	[4, 0, 1, 2, 13, 0, 12, 6, 0, 3, 5, 7, 8, 9, 10, 11, 14, 15, 0, 1, 0, 1, 1, 1, 0, 1, 1, 0, 1, 1, 1, 0, 1, 0]
Fitness: 1630.033465 	[4, 0, 1, 2, 13, 0, 12, 6, 0, 3, 5, 7, 8, 9, 10, 11, 14, 15, 0, 1, 0, 1, 1, 1, 0, 1, 1, 0, 1, 1, 1, 0, 1, 0]
Fitness: 1630.033465 	[4, 0, 1, 2, 13, 0, 12, 6, 0, 3, 5, 7, 8, 9, 10, 11, 14, 15, 0, 1, 0, 1, 1, 1, 0, 1, 1, 0, 1, 1, 1, 0, 1, 0]
Fitness: 1630.033465 	[4, 0, 1, 2, 13, 0, 12, 6, 0, 3, 5, 7, 8, 9, 10, 11, 14, 15, 0, 1, 0, 1, 1, 1, 0, 1, 1, 0, 1, 1, 1, 0, 1, 0]
Fitness: 1630.033465 	[4, 0, 1, 2, 13, 0, 12, 6, 0, 3, 5, 7, 8, 9, 10, 11, 14, 15, 0, 1, 0, 1, 1, 1, 0, 1, 1, 0, 1, 1, 1, 0, 1, 0]
Fitness: 1630.033465 	[4, 0, 1, 2, 13, 0, 12, 6, 0, 3, 5, 7, 8, 9, 10, 11, 14, 15, 0, 1, 0, 1, 1, 1, 0, 1, 1, 0, 1, 1, 1, 0, 1, 0]
Fitness: 1630.033465 	[4, 0, 1, 2, 13, 0, 12, 6, 0, 3, 5, 7, 8, 9, 10, 11, 14, 15, 0, 1, 0, 1, 1, 1, 0, 1, 1, 0, 1, 1, 1, 0, 1, 0]
Fitness: 1630.033465 	[4, 0, 1, 2, 13, 0, 12, 6, 0, 3, 5, 7, 8, 9, 10, 11, 14, 15, 0, 1, 0, 1, 1, 1, 0, 1, 1, 0, 1, 1, 1, 0, 1, 0]
Fitness: 1630.033465 	[4, 0, 1, 2, 13, 0, 12, 6, 0, 3, 5, 7, 8, 9, 10, 11, 14, 15, 0, 1, 0, 1, 1, 1, 0, 1, 1, 0, 1, 1, 1, 0, 1, 0]
Fitness: 1630.033465 	[4, 0, 1, 2, 13, 0, 12, 6, 0, 3, 5, 7, 8, 9, 10, 11, 14, 15, 0, 1, 0, 1, 1, 1, 0, 1, 1, 0, 1, 1, 1, 0, 1, 0]
Fitness: 1630.033465 	[4, 0, 1, 2, 13, 0, 12, 6, 0, 3, 5, 7, 8, 9, 10, 11, 14, 15, 0, 1, 0, 1, 1, 1, 0, 1, 1, 0, 1, 1, 1, 0, 1, 0]
Fitness: 1630.033465 	[4, 0, 1, 2, 13, 0, 12, 6, 0, 3, 5, 7, 8, 9, 10, 11, 14, 15, 0, 1, 0, 1, 1, 1, 0, 1, 1, 0, 1, 1, 1, 0, 1, 0]
Fitness: 1630.033465 	[4, 0, 1, 2, 13, 0, 12, 6, 0, 3, 5, 7, 8, 9, 10, 11, 14, 15, 0, 1, 0, 1, 1, 1, 0, 1, 1, 0, 1, 1, 1, 0, 1, 0]
Fitness: 1630.033465 	[1, 2, 13, 0, 4, 0, 12, 6, 0, 3, 5, 7, 8, 9, 10, 11, 14, 15, 0, 1, 0, 1, 1, 0, 1, 1, 1, 0, 1, 1, 1, 0, 1, 0]
Fitness: 1630.033465 	[4, 0, 1, 2, 13, 0, 12, 6, 0, 3, 5, 7, 8, 9, 10, 11, 14, 15, 0, 1, 0, 1, 1, 1, 0, 1, 1, 0, 1, 1, 1, 0, 1, 0]
Fitness: 1630.033465 	[4, 0, 1, 2, 13, 0, 12, 6, 0, 3, 5, 7, 8, 9, 10, 11, 14, 15, 0, 1, 0, 1, 1, 1, 0, 1, 1, 0, 1, 1, 1, 0, 1, 0]
Fitness: 1630.033465 	[4, 0, 1, 2, 13, 0, 12, 6, 0, 3, 5, 7, 8, 9, 10, 11, 14, 15, 0, 1, 0, 1, 1, 1, 0, 1, 1, 0, 1, 1, 1, 0, 1, 0]
Fitness: 1630.033465 	[4, 0, 1, 2, 13, 0, 12, 6, 0, 3, 5, 7, 8, 9, 10, 11, 14, 15, 0, 1, 0, 1, 1, 1, 0, 1, 1, 0, 1, 1, 1, 0, 1, 0]
Fitness: 1630.033465 	[4, 0, 1, 2, 13, 0, 12, 6, 0, 3, 5, 7, 8, 9, 10, 11, 14, 15, 0, 1, 0, 1, 1, 1, 0, 1, 1, 0, 1, 1, 1, 0, 1, 0]
Fitness: 1630.033465 	[4, 0, 1, 2, 13, 0, 12, 6, 0, 3, 5, 7, 8, 9, 10, 11, 14, 15, 0, 1, 0, 1, 1, 1, 0, 1, 1, 0, 1, 1, 1, 0, 1, 0]
Fitness: 1630.033465 	[4, 0, 1, 2, 13, 0, 12, 6, 0, 3, 5, 7, 8, 9, 10, 11, 14, 15, 0, 1, 0, 1, 1, 1, 0, 1, 1, 0, 1, 1, 1, 0, 1, 0]
Fitness: 1630.033465 	[4, 0, 1, 2, 13, 0, 12, 6, 0, 3, 5, 7, 8, 9, 10, 11, 14, 15, 0, 1, 0, 1, 1, 1, 0, 1, 1, 0, 1, 1, 1, 0, 1, 0]
Fitness: 1630.033465 	[4, 0, 1, 2, 13, 0, 12, 6, 0, 3, 5, 7, 8, 9, 10, 11, 14, 15, 0, 1, 0, 1, 1, 1, 0, 1, 1, 0, 1, 1, 1, 0, 1, 0]
Fitness: 1630.033465 	[4, 0, 1, 2, 13, 0, 12, 6, 0, 3, 5, 7, 8, 9, 10, 11, 14, 15, 0, 1, 0, 1, 1, 1, 0, 1, 1, 0, 1, 1, 1, 0, 1, 0]
Fitness: 1630.033465 	[4, 0, 1, 2, 13, 0, 12, 6, 0, 3, 5, 7, 8, 9, 10, 11, 14, 15, 0, 1, 0, 1, 1, 1, 0, 1, 1, 0, 1, 1, 1, 0, 1, 0]
Fitness: 1630.033465 	[4, 0, 1, 2, 13, 0, 12, 6, 0, 3, 5, 7, 8, 9, 10, 11, 14, 15, 0, 1, 0, 1, 1, 1, 0, 1, 1, 0, 1, 1, 1, 0, 1, 0]
Fitness: 1630.033465 	[4, 0, 1, 2, 13, 0, 12, 6, 0, 3, 5, 7, 8, 9, 10, 11, 14, 15, 0, 1, 0, 1, 1, 1, 0, 1, 1, 0, 1, 1, 1, 0, 1, 0]
Fitness: 1630.033465 	[4, 0, 1, 2, 13, 0, 12, 6, 0, 3, 5, 7, 8, 9, 10, 11, 14, 15, 0, 1, 0, 1, 1, 1, 0, 1, 1, 0, 1, 1, 1, 0, 1, 0]
Fitness: 1630.033465 	[1, 2, 13, 0, 4, 0, 12, 6, 0, 3, 5, 7, 8, 9, 10, 11, 14, 15, 0, 1, 0, 1, 1, 0, 1, 1, 1, 0, 1, 1, 1, 0, 1, 0]
Fitness: 1630.033465 	[4, 0, 1, 2, 13, 0, 12, 6, 0, 3, 5, 7, 8, 9, 10, 11, 14, 15, 0, 1, 0, 1, 1, 1, 0, 1, 1, 0, 1, 1, 1, 0, 1, 0]
Fitness: 1630.033465 	[4, 0, 1, 2, 13, 0, 12, 6, 0, 3, 5, 7, 8, 9, 10, 11, 14, 15, 0, 1, 0, 1, 1, 1, 0, 1, 1, 0, 1, 1, 1, 0, 1, 0]
Fitness: 1630.033465 	[4, 0, 1, 2, 13, 0, 12, 6, 0, 3, 5, 7, 8, 9, 10, 11, 14, 15, 0, 1, 0, 1, 1, 1, 0, 1, 1, 0, 1, 1, 1, 0, 1, 0]
Fitness: 1630.033465 	[4, 0, 1, 2, 13, 0, 12, 6, 0, 3, 5, 7, 8, 9, 10, 11, 14, 15, 0, 1, 0, 1, 1, 1, 0, 1, 1, 0, 1, 1, 1, 0, 1, 0]
Fitness: 1630.033465 	[4, 0, 1, 2, 13, 0, 12, 6, 0, 3, 5, 7, 8, 9, 10, 11, 14, 15, 0, 1, 0, 1, 1, 1, 0, 1, 1, 0, 1, 1, 1, 0, 1, 0]
Fitness: 1630.033465 	[4, 0, 1, 2, 13, 0, 12, 6, 0, 3, 5, 7, 8, 9, 10, 11, 14, 15, 0, 1, 0, 1, 1, 1, 0, 1, 1, 0, 1, 1, 1, 0, 1, 0]
Fitness: 1630.033465 	[4, 0, 1, 2, 13, 0, 12, 6, 0, 3, 5, 7, 8, 9, 10, 11, 14, 15, 0, 1, 0, 1, 1, 1, 0, 1, 1, 0, 1, 1, 1, 0, 1, 0]
Fitness: 1630.033465 	[1, 2, 13, 0, 4, 0, 12, 6, 0, 3, 5, 7, 8, 9, 10, 11, 14, 15, 0, 1, 0, 1, 1, 0, 1, 1, 1, 0, 1, 1, 1, 0, 1, 0]
Fitness: 1630.033465 	[12, 6, 0, 3, 5, 7, 8, 9, 10, 11, 14, 15, 0, 1, 2, 0, 4, 13, 0, 1, 0, 1, 1, 1, 0, 1, 1, 0, 1, 1, 1, 0, 1, 0]
Fitness: 1630.033465 	[4, 0, 1, 2, 13, 0, 12, 6, 0, 3, 5, 7, 8, 9, 10, 11, 14, 15, 0, 1, 0, 1, 1, 1, 0, 1, 1, 0, 1, 1, 1, 0, 1, 0]
Fitness: 1630.033465 	[4, 0, 1, 2, 13, 0, 12, 6, 0, 3, 5, 7, 8, 9, 10, 11, 14, 15, 0, 1, 0, 1, 1, 1, 0, 1, 1, 0, 1, 1, 1, 0, 1, 0]
Fitness: 1630.033465 	[3, 5, 7, 8, 9, 10, 11, 14, 15, 0, 1, 2, 13, 0, 12, 6, 0, 4, 0, 1, 0, 1, 1, 1, 0, 1, 1, 0, 1, 1, 1, 0, 1, 0]
Fitness: 1630.033465 	[4, 0, 1, 2, 13, 0, 12, 6, 0, 3, 5, 7, 8, 9, 10, 11, 14, 15, 0, 1, 0, 1, 1, 1, 0, 1, 1, 0, 1, 1, 1, 0, 1, 0]
Fitness: 1630.033465 	[4, 0, 1, 2, 13, 0, 12, 6, 0, 3, 5, 7, 8, 9, 10, 11, 14, 15, 0, 1, 0, 1, 1, 1, 0, 1, 1, 0, 1, 1, 1, 0, 1, 0]
Fitness: 1630.033465 	[3, 0, 5, 6, 7, 0, 1, 2, 13, 0, 4, 8, 9, 10, 11, 12, 14, 15, 0, 1, 0, 1, 1, 1, 0, 1, 1, 0, 1, 1, 1, 0, 1, 0]
Fitness: 1630.033465 	[4, 0, 1, 2, 13, 0, 12, 6, 0, 3, 5, 7, 8, 9, 10, 11, 14, 15, 0, 1, 0, 1, 1, 1, 0, 1, 1, 0, 1, 1, 1, 0, 1, 0]
Fitness: 1630.033465 	[4, 0, 1, 2, 13, 0, 12, 6, 0, 3, 5, 7, 8, 9, 10, 11, 14, 15, 0, 1, 0, 1, 1, 1, 0, 1, 1, 0, 1, 1, 1, 0, 1, 0]
Fitness: 1630.033465 	[4, 0, 12, 6, 0, 1, 2, 0, 3, 5, 7, 8, 9, 10, 11, 14, 15, 13, 0, 1, 0, 1, 1, 1, 0, 1, 1, 0, 1, 1, 1, 0, 1, 0]
Fitness: 1630.033465 	[4, 0, 1, 2, 13, 0, 12, 6, 0, 3, 5, 7, 8, 9, 10, 11, 14, 15, 0, 1, 0, 1, 1, 1, 0, 1, 1, 0, 1, 1, 1, 0, 1, 0]
Fitness: 1630.033465 	[4, 0, 1, 2, 13, 0, 12, 6, 0, 3, 5, 7, 8, 9, 10, 11, 14, 15, 0, 1, 0, 1, 1, 1, 0, 1, 1, 0, 1, 1, 1, 0, 1, 0]
Fitness: 1630.033465 	[4, 0, 3, 5, 7, 8, 9, 10, 11, 14, 15, 0, 12, 6, 0, 1, 2, 13, 0, 1, 0, 1, 1, 1, 0, 1, 1, 0, 1, 1, 1, 0, 1, 0]
Fitness: 1630.033465 	[4, 0, 1, 2, 13, 0, 12, 6, 0, 3, 5, 7, 8, 9, 10, 11, 14, 15, 0, 1, 0, 1, 1, 1, 0, 1, 1, 0, 1, 1, 1, 0, 1, 0]
Fitness: 1630.033465 	[4, 0, 1, 2, 13, 0, 12, 6, 0, 3, 5, 7, 8, 9, 10, 11, 14, 15, 0, 1, 0, 1, 1, 1, 0, 1, 1, 0, 1, 1, 1, 0, 1, 0]
Fitness: 1630.033465 	[4, 0, 12, 6, 0, 3, 5, 7, 8, 9, 10, 11, 14, 15, 0, 1, 2, 13, 0, 1, 0, 1, 1, 1, 0, 1, 1, 0, 1, 1, 1, 0, 1, 0]
Fitness: 1630.033465 	[4, 0, 1, 2, 13, 0, 12, 6, 0, 3, 5, 7, 8, 9, 10, 11, 14, 15, 0, 1, 0, 1, 1, 1, 0, 1, 1, 0, 1, 1, 1, 0, 1, 0]
Fitness: 1630.033465 	[4, 0, 1, 2, 13, 0, 12, 6, 0, 3, 5, 7, 8, 9, 10, 11, 14, 15, 0, 1, 0, 1, 1, 1, 0, 1, 1, 0, 1, 1, 1, 0, 1, 0]
Fitness: 1630.033465 	[3, 5, 7, 8, 9, 10, 11, 14, 15, 0, 4, 0, 12, 6, 0, 1, 2, 13, 0, 1, 0, 1, 1, 1, 0, 1, 1, 0, 1, 1, 1, 0, 1, 0]
Fitness: 1630.033465 	[4, 0, 1, 2, 13, 0, 12, 6, 0, 3, 5, 7, 8, 9, 10, 11, 14, 15, 0, 1, 0, 1, 1, 1, 0, 1, 1, 0, 1, 1, 1, 0, 1, 0]
Fitness: 1630.033465 	[4, 0, 1, 2, 13, 0, 12, 6, 0, 3, 5, 7, 8, 9, 10, 11, 14, 15, 0, 1, 0, 1, 1, 1, 0, 1, 1, 0, 1, 1, 1, 0, 1, 0]
Fitness: 1630.033465 	[3, 0, 5, 6, 7, 0, 1, 2, 13, 0, 4, 8, 9, 10, 11, 12, 14, 15, 0, 1, 0, 1, 1, 1, 0, 1, 1, 0, 1, 1, 1, 0, 1, 0]
Fitness: 1630.033465 	[4, 0, 1, 2, 13, 0, 12, 6, 0, 3, 5, 7, 8, 9, 10, 11, 14, 15, 0, 1, 0, 1, 1, 1, 0, 1, 1, 0, 1, 1, 1, 0, 1, 0]
Fitness: 1630.033465 	[4, 0, 1, 2, 13, 0, 12, 6, 0, 3, 5, 7, 8, 9, 10, 11, 14, 15, 0, 1, 0, 1, 1, 1, 0, 1, 1, 0, 1, 1, 1, 0, 1, 0]
Fitness: 1630.033465 	[12, 0, 1, 2, 13, 0, 4, 0, 3, 5, 7, 8, 9, 10, 11, 14, 15, 6, 0, 1, 0, 1, 1, 1, 0, 1, 1, 0, 1, 1, 1, 0, 1, 0]
Fitness: 1630.033465 	[4, 0, 1, 2, 13, 0, 12, 6, 0, 3, 5, 7, 8, 9, 10, 11, 14, 15, 0, 1, 0, 1, 1, 0, 1, 1, 1, 0, 1, 1, 1, 0, 1, 0]
Fitness: 1630.033465 	[1, 2, 13, 0, 4, 0, 12, 6, 0, 3, 5, 7, 8, 9, 10, 11, 14, 15, 0, 1, 0, 1, 1, 0, 1, 1, 1, 0, 1, 1, 1, 0, 1, 0]
Fitness: 1630.033465 	[3, 5, 7, 8, 9, 10, 11, 14, 15, 0, 12, 6, 0, 1, 2, 0, 4, 13, 0, 1, 0, 1, 1, 1, 0, 1, 1, 0, 1, 1, 1, 0, 1, 0]
Fitness: 1630.033465 	[4, 0, 1, 2, 13, 0, 12, 6, 0, 3, 5, 7, 8, 9, 10, 11, 14, 15, 0, 1, 0, 1, 1, 1, 0, 1, 1, 0, 1, 1, 1, 0, 1, 0]
Fitness: 1630.033465 	[4, 0, 1, 2, 13, 0, 12, 6, 0, 3, 5, 7, 8, 9, 10, 11, 14, 15, 0, 1, 0, 1, 1, 1, 0, 1, 1, 0, 1, 1, 1, 0, 1, 0]
Fitness: 1630.033465 	[4, 0, 3, 5, 7, 0, 1, 2, 13, 0, 12, 6, 8, 9, 10, 11, 14, 15, 0, 1, 0, 1, 1, 1, 0, 1, 1, 0, 1, 1, 1, 0, 1, 0]
Fitness: 1630.033465 	[4, 0, 1, 2, 13, 0, 12, 6, 0, 3, 5, 7, 8, 9, 10, 11, 14, 15, 0, 1, 0, 1, 1, 1, 0, 1, 1, 0, 1, 1, 1, 0, 1, 0]
Fitness: 1630.033465 	[4, 0, 1, 2, 13, 0, 12, 6, 0, 3, 5, 7, 8, 9, 10, 11, 14, 15, 0, 1, 0, 1, 1, 1, 0, 1, 1, 0, 1, 1, 1, 0, 1, 0]
Fitness: 1630.033465 	[3, 0, 1, 2, 13, 0, 12, 6, 0, 4, 5, 7, 8, 9, 10, 11, 14, 15, 0, 1, 0, 1, 1, 1, 0, 1, 1, 0, 1, 1, 1, 0, 1, 0]
Fitness: 1630.033465 	[4, 0, 1, 2, 13, 0, 12, 6, 0, 3, 5, 7, 8, 9, 10, 11, 14, 15, 0, 1, 0, 1, 1, 1, 0, 1, 1, 0, 1, 1, 1, 0, 1, 0]
Fitness: 1630.033465 	[4, 0, 1, 2, 13, 0, 12, 6, 0, 3, 5, 7, 8, 9, 10, 11, 14, 15, 0, 1, 0, 1, 1, 1, 0, 1, 1, 0, 1, 1, 1, 0, 1, 0]
Fitness: 1630.033465 	[4, 0, 1, 2, 13, 0, 12, 6, 0, 3, 5, 7, 8, 9, 10, 11, 14, 15, 0, 1, 0, 1, 1, 1, 0, 1, 1, 0, 1, 1, 1, 0, 1, 0]
Fitness: 1630.033465 	[4, 12, 6, 0, 3, 5, 7, 8, 0, 1, 2, 13, 0, 9, 10, 11, 14, 15, 0, 1, 0, 1, 1, 1, 0, 1, 1, 0, 1, 1, 1, 0, 1, 0]
Fitness: 1630.033465 	[4, 0, 1, 2, 13, 0, 12, 6, 0, 3, 5, 7, 8, 9, 10, 11, 14, 15, 0, 1, 0, 1, 1, 1, 0, 1, 1, 0, 1, 1, 1, 0, 1, 0]
Fitness: 1630.033465 	[4, 0, 1, 2, 13, 0, 12, 6, 0, 3, 5, 7, 8, 9, 10, 11, 14, 15, 0, 1, 0, 1, 1, 1, 0, 1, 1, 0, 1, 1, 1, 0, 1, 0]
Fitness: 1630.033465 	[4, 0, 12, 6, 0, 3, 5, 7, 8, 9, 10, 11, 14, 15, 0, 1, 2, 13, 0, 1, 0, 1, 1, 1, 0, 1, 1, 0, 1, 1, 1, 0, 1, 0]
Fitness: 1630.033465 	[4, 0, 1, 2, 13, 0, 12, 6, 0, 3, 5, 7, 8, 9, 10, 11, 14, 15, 0, 1, 0, 1, 1, 1, 0, 1, 1, 0, 1, 1, 1, 0, 1, 0]
Fitness: 1630.033465 	[4, 0, 1, 2, 13, 0, 12, 6, 0, 3, 5, 7, 8, 9, 10, 11, 14, 15, 0, 1, 0, 1, 1, 1, 0, 1, 1, 0, 1, 1, 1, 0, 1, 0]
Fitness: 1630.033465 	[4, 0, 12, 6, 0, 3, 5, 7, 8, 9, 10, 11, 14, 15, 0, 1, 2, 13, 0, 1, 0, 1, 1, 1, 0, 1, 1, 0, 1, 1, 1, 0, 1, 0]
Fitness: 1630.033465 	[4, 0, 1, 2, 13, 0, 12, 6, 0, 3, 5, 7, 8, 9, 10, 11, 14, 15, 0, 1, 0, 1, 1, 1, 0, 1, 1, 0, 1, 1, 1, 0, 1, 0]
Fitness: 1630.033465 	[4, 0, 1, 2, 13, 0, 12, 6, 0, 3, 5, 7, 8, 9, 10, 11, 14, 15, 0, 1, 0, 1, 1, 1, 0, 1, 1, 0, 1, 1, 1, 0, 1, 0]
Fitness: 1630.033465 	[4, 0, 1, 2, 13, 0, 12, 6, 0, 3, 5, 7, 8, 9, 10, 11, 14, 15, 0, 1, 0, 1, 1, 1, 0, 1, 1, 0, 1, 1, 1, 0, 1, 0]
Fitness: 1630.033465 	[4, 0, 1, 2, 13, 0, 12, 6, 0, 3, 5, 7, 8, 9, 10, 11, 14, 15, 0, 1, 0, 1, 1, 1, 0, 1, 1, 0, 1, 1, 1, 0, 1, 0]
Fitness: 1630.033465 	[4, 0, 1, 2, 13, 0, 12, 6, 0, 3, 5, 7, 8, 9, 10, 11, 14, 15, 0, 1, 0, 1, 1, 1, 0, 1, 1, 0, 1, 1, 1, 0, 1, 0]
Fitness: 1630.033465 	[1, 0, 12, 6, 0, 4, 0, 3, 5, 7, 8, 9, 10, 11, 14, 15, 2, 13, 0, 1, 0, 1, 1, 1, 0, 1, 1, 0, 1, 1, 1, 0, 1, 0]
Fitness: 1630.033465 	[4, 0, 1, 2, 13, 0, 12, 6, 0, 3, 5, 7, 8, 9, 10, 11, 14, 15, 0, 1, 0, 1, 1, 1, 0, 1, 1, 0, 1, 1, 1, 0, 1, 0]
Fitness: 1630.033465 	[4, 0, 1, 2, 13, 0, 12, 6, 0, 3, 5, 7, 8, 9, 10, 11, 14, 15, 0, 1, 0, 1, 1, 1, 0, 1, 1, 0, 1, 1, 1, 0, 1, 0]
Fitness: 1630.033465 	[1, 2, 13, 0, 12, 6, 0, 4, 0, 3, 5, 7, 8, 9, 10, 11, 14, 15, 0, 1, 0, 1, 1, 1, 0, 1, 1, 0, 1, 1, 1, 0, 1, 0]
Fitness: 1630.033465 	[4, 0, 1, 2, 13, 0, 12, 6, 0, 3, 5, 7, 8, 9, 10, 11, 14, 15, 0, 1, 0, 1, 1, 1, 0, 1, 1, 0, 1, 1, 1, 0, 1, 0]
Fitness: 1630.033465 	[4, 0, 1, 2, 13, 0, 12, 6, 0, 3, 5, 7, 8, 9, 10, 11, 14, 15, 0, 1, 0, 1, 1, 1, 0, 1, 1, 0, 1, 1, 1, 0, 1, 0]
Fitness: 1630.033465 	[4, 0, 3, 5, 7, 0, 1, 2, 13, 0, 12, 6, 8, 9, 10, 11, 14, 15, 0, 1, 0, 1, 1, 1, 0, 1, 1, 0, 1, 1, 1, 0, 1, 0]
Fitness: 1630.033465 	[4, 0, 1, 2, 13, 0, 12, 6, 0, 3, 5, 7, 8, 9, 10, 11, 14, 15, 0, 1, 0, 1, 1, 1, 0, 1, 1, 0, 1, 1, 1, 0, 1, 0]
Fitness: 1630.033465 	[1, 2, 13, 0, 4, 0, 12, 6, 0, 3, 5, 7, 8, 9, 10, 11, 14, 15, 0, 1, 0, 1, 1, 0, 1, 1, 1, 0, 1, 1, 1, 0, 1, 0]
Fitness: 1630.033465 	[12, 6, 0, 1, 2, 13, 0, 4, 0, 3, 5, 7, 8, 9, 10, 11, 14, 15, 0, 1, 0, 1, 1, 1, 0, 1, 1, 0, 1, 1, 1, 0, 1, 0]
Fitness: 1630.033465 	[4, 0, 1, 2, 13, 0, 12, 6, 0, 3, 5, 7, 8, 9, 10, 11, 14, 15, 0, 1, 0, 1, 1, 1, 0, 1, 1, 0, 1, 1, 1, 0, 1, 0]
Fitness: 1630.033465 	[4, 0, 1, 2, 13, 0, 12, 6, 0, 3, 5, 7, 8, 9, 10, 11, 14, 15, 0, 1, 0, 1, 1, 1, 0, 1, 1, 0, 1, 1, 1, 0, 1, 0]
Fitness: 1630.033465 	[4, 0, 3, 5, 7, 8, 9, 10, 11, 14, 15, 0, 12, 6, 0, 1, 2, 13, 0, 1, 0, 1, 1, 1, 0, 1, 1, 0, 1, 1, 1, 0, 1, 0]
Fitness: 1630.033465 	[4, 0, 1, 2, 13, 0, 12, 6, 0, 3, 5, 7, 8, 9, 10, 11, 14, 15, 0, 1, 0, 1, 1, 1, 0, 1, 1, 0, 1, 1, 1, 0, 1, 0]
Fitness: 1630.033465 	[4, 0, 1, 2, 13, 0, 12, 6, 0, 3, 5, 7, 8, 9, 10, 11, 14, 15, 0, 1, 0, 1, 1, 1, 0, 1, 1, 0, 1, 1, 1, 0, 1, 0]
Fitness: 1630.033465 	[4, 0, 12, 6, 0, 1, 2, 0, 3, 5, 7, 8, 9, 10, 11, 14, 15, 13, 0, 1, 0, 1, 1, 1, 0, 1, 1, 0, 1, 1, 1, 0, 1, 0]
Fitness: 1630.033465 	[4, 0, 1, 2, 13, 0, 12, 6, 0, 3, 5, 7, 8, 9, 10, 11, 14, 15, 0, 1, 0, 1, 1, 1, 0, 1, 1, 0, 1, 1, 1, 0, 1, 0]
Fitness: 1630.033465 	[4, 0, 1, 2, 13, 0, 12, 6, 0, 3, 5, 7, 8, 9, 10, 11, 14, 15, 0, 1, 0, 1, 1, 1, 0, 1, 1, 0, 1, 1, 1, 0, 1, 0]
Fitness: 1630.033465 	[4, 0, 3, 5, 7, 8, 9, 10, 11, 14, 15, 0, 12, 6, 0, 1, 2, 13, 0, 1, 0, 1, 1, 1, 0, 1, 1, 0, 1, 1, 1, 0, 1, 0]
Fitness: 1630.033465 	[4, 0, 1, 2, 13, 0, 12, 6, 0, 3, 5, 7, 8, 9, 10, 11, 14, 15, 0, 1, 0, 1, 1, 1, 0, 1, 1, 0, 1, 1, 1, 0, 1, 0]
Fitness: 1630.033465 	[4, 0, 1, 2, 13, 0, 12, 6, 0, 3, 5, 7, 8, 9, 10, 11, 14, 15, 0, 1, 0, 1, 1, 1, 0, 1, 1, 0, 1, 1, 1, 0, 1, 0]
Fitness: 1630.033465 	[12, 6, 0, 1, 2, 13, 0, 4, 0, 3, 5, 7, 8, 9, 10, 11, 14, 15, 0, 1, 0, 1, 1, 1, 0, 1, 1, 0, 1, 1, 1, 0, 1, 0]
Fitness: 1630.033465 	[3, 5, 7, 8, 0, 4, 1, 2, 13, 0, 12, 6, 0, 9, 10, 11, 14, 15, 0, 1, 0, 1, 1, 0, 1, 1, 1, 1, 1, 1, 1, 0, 0, 0]
Fitness: 1630.033465 	[3, 5, 7, 8, 0, 1, 2, 13, 0, 4, 12, 6, 0, 9, 10, 11, 14, 15, 0, 1, 0, 1, 1, 1, 0, 1, 1, 1, 1, 0, 1, 0, 1, 0]
Fitness: 1630.033465 	[4, 0, 1, 2, 0, 12, 6, 0, 13, 3, 5, 7, 8, 9, 10, 11, 14, 15, 0, 1, 0, 0, 1, 1, 1, 1, 1, 0, 1, 1, 1, 0, 1, 0]
Fitness: 1630.033465 	[2, 4, 0, 1, 13, 0, 12, 6, 0, 3, 5, 7, 8, 9, 10, 11, 14, 15, 0, 0, 0, 1, 1, 1, 1, 1, 1, 0, 1, 1, 1, 0, 1, 0]
Fitness: 1630.033465 	[3, 4, 0, 1, 2, 13, 0, 12, 6, 0, 5, 7, 8, 9, 10, 11, 14, 15, 0, 0, 0, 1, 1, 1, 0, 1, 1, 1, 1, 1, 1, 0, 1, 0]
Fitness: 1630.033465 	[3, 5, 7, 8, 0, 4, 1, 2, 13, 0, 12, 6, 0, 9, 10, 11, 14, 15, 0, 1, 0, 0, 1, 1, 1, 1, 1, 0, 1, 1, 1, 0, 1, 0]
Fitness: 1630.033465 	[1, 2, 13, 0, 11, 4, 0, 12, 6, 0, 3, 5, 7, 8, 9, 10, 14, 15, 0, 1, 0, 1, 1, 0, 1, 1, 1, 1, 1, 0, 1, 0, 1, 0]
Fitness: 1630.033465 	[4, 0, 1, 2, 13, 0, 5, 12, 6, 0, 3, 7, 8, 9, 10, 11, 14, 15, 0, 1, 0, 1, 0, 1, 1, 1, 1, 0, 1, 1, 1, 0, 1, 0]
Fitness: 1630.033465 	[4, 0, 5, 1, 2, 13, 0, 12, 6, 0, 3, 7, 8, 9, 10, 11, 14, 15, 0, 1, 0, 1, 1, 1, 0, 1, 1, 1, 1, 1, 0, 0, 1, 0]
Fitness: 1630.033465 	[3, 5, 7, 8, 0, 4, 1, 2, 13, 0, 12, 6, 0, 9, 10, 11, 14, 15, 0, 1, 0, 1, 1, 1, 0, 1, 1, 0, 0, 1, 1, 1, 1, 0]
Fitness: 1630.033465 	[3, 5, 7, 8, 0, 1, 2, 13, 0, 4, 12, 6, 0, 9, 10, 11, 14, 15, 0, 1, 1, 1, 1, 1, 0, 1, 0, 0, 1, 1, 1, 0, 1, 0]
Fitness: 1630.033465 	[1, 4, 0, 2, 13, 0, 12, 6, 0, 3, 5, 7, 8, 9, 10, 11, 14, 15, 0, 1, 0, 1, 1, 1, 0, 1, 1, 1, 0, 1, 1, 0, 1, 0]
Fitness: 1630.033465 	[1, 13, 0, 12, 6, 0, 4, 0, 2, 3, 5, 7, 8, 9, 10, 11, 14, 15, 0, 1, 1, 1, 1, 1, 0, 1, 1, 0, 0, 1, 1, 0, 1, 0]
Fitness: 1630.033465 	[6, 4, 0, 1, 2, 13, 0, 12, 0, 3, 5, 7, 8, 9, 10, 11, 14, 15, 0, 1, 0, 1, 1, 0, 1, 1, 1, 0, 1, 1, 1, 0, 1, 0]
Fitness: 1630.033465 	[4, 0, 14, 1, 2, 13, 0, 12, 6, 0, 3, 5, 7, 8, 9, 10, 11, 15, 0, 1, 0, 1, 1, 1, 0, 1, 1, 1, 1, 1, 1, 0, 0, 0]
Fitness: 1630.033465 	[3, 4, 0, 1, 2, 13, 0, 12, 6, 0, 5, 7, 8, 9, 10, 11, 14, 15, 0, 1, 0, 1, 1, 1, 0, 1, 1, 1, 1, 1, 0, 0, 1, 0]
Fitness: 1630.033465 	[4, 0, 1, 2, 13, 0, 12, 0, 6, 3, 5, 7, 8, 9, 10, 11, 14, 15, 0, 1, 1, 1, 1, 1, 0, 1, 0, 0, 1, 1, 1, 0, 1, 0]
Fitness: 1630.033465 	[14, 12, 6, 0, 3, 5, 7, 8, 9, 10, 11, 15, 0, 1, 2, 0, 4, 13, 0, 0, 0, 1, 1, 1, 1, 1, 1, 0, 1, 1, 1, 0, 1, 0]
Fitness: 1630.033465 	[12, 4, 0, 1, 2, 13, 0, 6, 0, 3, 5, 7, 8, 9, 10, 11, 14, 15, 0, 1, 0, 1, 0, 1, 0, 1, 1, 0, 1, 1, 1, 1, 1, 0]
Fitness: 1630.033465 	[1, 2, 13, 0, 3, 5, 7, 8, 0, 4, 12, 6, 0, 9, 10, 11, 14, 15, 0, 1, 1, 1, 1, 0, 0, 1, 1, 0, 1, 1, 1, 0, 1, 0]
Fitness: 1630.033465 	[14, 12, 0, 1, 2, 13, 0, 4, 0, 3, 5, 7, 8, 9, 10, 11, 15, 6, 0, 1, 0, 1, 0, 1, 0, 1, 1, 1, 1, 1, 1, 0, 1, 0]
Fitness: 1630.033465 	[4, 0, 1, 13, 0, 2, 12, 6, 0, 3, 5, 7, 8, 9, 10, 11, 14, 15, 0, 1, 1, 1, 1, 1, 0, 1, 1, 0, 1, 0, 1, 0, 1, 0]
Fitness: 1630.033465 	[3, 5, 7, 8, 0, 1, 2, 13, 0, 4, 12, 6, 0, 9, 10, 11, 14, 15, 0, 1, 1, 1, 1, 1, 0, 1, 1, 0, 0, 1, 1, 0, 1, 0]
Fitness: 1630.033465 	[1, 2, 13, 0, 14, 4, 0, 12, 6, 0, 3, 5, 7, 8, 9, 10, 11, 15, 0, 1, 0, 0, 1, 0, 1, 1, 1, 1, 1, 1, 1, 0, 1, 0]
Fitness: 1630.033465 	[3, 5, 7, 8, 0, 4, 1, 2, 13, 0, 12, 6, 0, 9, 10, 11, 14, 15, 0, 1, 0, 1, 1, 1, 0, 1, 1, 1, 1, 1, 1, 0, 0, 0]
Fitness: 1630.033465 	[6, 4, 0, 1, 2, 13, 0, 12, 0, 3, 5, 7, 8, 9, 10, 11, 14, 15, 0, 0, 1, 1, 1, 1, 0, 1, 1, 0, 1, 1, 1, 0, 1, 0]
Fitness: 1630.033465 	[4, 0, 9, 12, 6, 0, 3, 5, 7, 8, 10, 11, 14, 15, 0, 1, 2, 13, 0, 1, 1, 1, 0, 1, 0, 1, 1, 0, 1, 1, 1, 0, 1, 0]
Fitness: 1630.033465 	[12, 4, 0, 1, 2, 13, 0, 6, 0, 3, 5, 7, 8, 9, 10, 11, 14, 15, 0, 1, 0, 1, 1, 1, 0, 1, 1, 1, 0, 1, 1, 0, 1, 0]
Fitness: 1630.033465 	[4, 0, 2, 13, 0, 12, 6, 0, 1, 3, 5, 7, 8, 9, 10, 11, 14, 15, 0, 1, 0, 1, 1, 1, 0, 1, 1, 0, 1, 1, 1, 1, 0, 0]
Fitness: 1630.033465 	[3, 5, 7, 8, 9, 10, 11, 14, 15, 0, 12, 6, 0, 1, 0, 2, 4, 13, 0, 1, 0, 1, 1, 1, 0, 1, 1, 1, 1, 1, 1, 0, 0, 0]
Fitness: 1630.033465 	[4, 3, 5, 7, 8, 0, 1, 2, 13, 0, 12, 6, 0, 9, 10, 11, 14, 15, 0, 1, 1, 1, 0, 1, 0, 1, 1, 0, 1, 1, 1, 0, 1, 0]
Fitness: 1630.033465 	[1, 2, 13, 0, 4, 0, 12, 0, 6, 3, 5, 7, 8, 9, 10, 11, 14, 15, 0, 1, 1, 1, 1, 0, 0, 1, 1, 0, 1, 1, 1, 0, 1, 0]
Fitness: 1630.033465 	[4, 0, 3, 7, 0, 1, 2, 13, 0, 5, 12, 6, 8, 9, 10, 11, 14, 15, 0, 1, 0, 1, 1, 1, 0, 1, 1, 0, 1, 1, 1, 1, 0, 0]
Fitness: 1630.033465 	[4, 0, 2, 13, 0, 1, 12, 6, 0, 3, 5, 7, 8, 9, 10, 11, 14, 15, 0, 1, 0, 1, 1, 1, 0, 1, 1, 1, 1, 0, 1, 0, 1, 0]
Fitness: 1630.033465 	[4, 0, 1, 2, 13, 0, 7, 12, 6, 0, 3, 5, 8, 9, 10, 11, 14, 15, 0, 1, 0, 1, 1, 0, 1, 1, 1, 0, 1, 1, 1, 0, 1, 0]
Fitness: 1630.033465 	[4, 0, 1, 2, 13, 0, 8, 12, 6, 0, 3, 5, 7, 9, 10, 11, 14, 15, 0, 1, 0, 1, 1, 1, 0, 1, 1, 1, 1, 1, 1, 0, 0, 0]
Fitness: 1630.033465 	[4, 0, 1, 13, 0, 12, 6, 0, 2, 3, 5, 7, 8, 9, 10, 11, 14, 15, 0, 1, 0, 1, 1, 1, 0, 1, 1, 1, 1, 1, 1, 0, 0, 0]
Fitness: 1630.033465 	[12, 6, 8, 9, 0, 3, 5, 7, 0, 4, 1, 2, 13, 0, 10, 11, 14, 15, 0, 1, 1, 1, 1, 1, 0, 1, 1, 0, 1, 0, 1, 0, 1, 0]
Fitness: 1630.033465 	[12, 4, 0, 1, 2, 13, 0, 6, 0, 3, 5, 7, 8, 9, 10, 11, 14, 15, 0, 1, 0, 1, 1, 1, 0, 1, 1, 0, 1, 1, 0, 1, 1, 0]
Fitness: 1630.033465 	[4, 0, 1, 2, 0, 13, 12, 6, 0, 3, 5, 7, 8, 9, 10, 11, 14, 15, 0, 1, 0, 1, 1, 1, 1, 1, 0, 0, 1, 1, 1, 0, 1, 0]
Fitness: 1630.033465 	[4, 0, 2, 12, 6, 0, 1, 0, 3, 5, 7, 8, 9, 10, 11, 14, 15, 13, 0, 1, 0, 1, 1, 0, 1, 1, 1, 0, 1, 1, 1, 0, 1, 0]
Fitness: 1630.033465 	[12, 4, 0, 1, 2, 13, 0, 6, 0, 3, 5, 7, 8, 9, 10, 11, 14, 15, 0, 1, 1, 1, 0, 1, 0, 1, 1, 0, 1, 1, 1, 0, 1, 0]
Fitness: 1630.033465 	[4, 0, 1, 2, 13, 0, 6, 0, 12, 3, 5, 7, 8, 9, 10, 11, 14, 15, 0, 1, 0, 1, 0, 1, 0, 1, 1, 0, 1, 1, 1, 1, 1, 0]
Fitness: 1630.033465 	[3, 5, 7, 8, 0, 1, 2, 13, 0, 4, 12, 6, 0, 9, 10, 11, 14, 15, 0, 1, 0, 1, 0, 1, 0, 1, 1, 0, 1, 1, 1, 1, 1, 0]
Fitness: 1630.033465 	[9, 4, 0, 1, 2, 13, 0, 12, 6, 0, 3, 5, 7, 8, 10, 11, 14, 15, 0, 1, 0, 1, 1, 1, 0, 1, 1, 0, 1, 0, 1, 1, 1, 0]
Fitness: 1630.033465 	[3, 5, 7, 8, 0, 1, 2, 13, 0, 4, 12, 6, 0, 9, 10, 11, 14, 15, 0, 1, 0, 1, 1, 1, 0, 1, 1, 0, 1, 1, 0, 1, 1, 0]
Fitness: 1630.033465 	[4, 3, 5, 7, 8, 0, 1, 2, 13, 0, 12, 6, 0, 9, 10, 11, 14, 15, 0, 0, 0, 1, 1, 1, 0, 1, 1, 0, 1, 1, 1, 1, 1, 0]
Fitness: 1630.033465 	[4, 0, 1, 2, 13, 0, 11, 12, 6, 0, 3, 5, 7, 8, 9, 10, 14, 15, 0, 1, 0, 1, 1, 1, 0, 0, 1, 0, 1, 1, 1, 1, 1, 0]
Fitness: 1630.033465 	[1, 2, 13, 0, 3, 4, 0, 12, 6, 0, 5, 7, 8, 9, 10, 11, 14, 15, 0, 1, 0, 1, 1, 0, 1, 1, 1, 1, 1, 1, 1, 0, 0, 0]
Fitness: 1630.033465 	[8, 3, 0, 1, 2, 13, 0, 12, 6, 0, 4, 5, 7, 9, 10, 11, 14, 15, 0, 1, 0, 1, 1, 1, 0, 1, 1, 0, 1, 0, 1, 1, 1, 0]
Fitness: 1630.033465 	[3, 5, 7, 8, 9, 10, 11, 14, 15, 0, 1, 2, 13, 0, 12, 6, 0, 4, 0, 1, 0, 1, 1, 1, 0, 1, 1, 0, 1, 1, 1, 0, 1, 0]
Fitness: 1630.033465 	[4, 0, 12, 6, 0, 1, 2, 13, 0, 3, 5, 7, 8, 9, 10, 11, 14, 15, 0, 1, 0, 1, 1, 1, 0, 1, 1, 0, 1, 1, 1, 0, 1, 0]
Fitness: 1630.033465 	[3, 5, 7, 8, 9, 10, 11, 14, 15, 0, 12, 6, 0, 1, 2, 0, 4, 13, 0, 1, 0, 1, 1, 1, 0, 1, 1, 0, 1, 1, 1, 0, 1, 0]
Fitness: 1630.033465 	[4, 0, 1, 2, 13, 0, 3, 5, 7, 8, 9, 10, 11, 14, 15, 0, 12, 6, 0, 1, 0, 1, 1, 1, 0, 1, 1, 0, 1, 1, 1, 0, 1, 0]
Fitness: 1630.033465 	[1, 2, 13, 0, 4, 0, 12, 6, 0, 3, 5, 7, 8, 9, 10, 11, 14, 15, 0, 1, 0, 1, 1, 1, 0, 1, 1, 0, 1, 1, 1, 0, 1, 0]
Fitness: 1630.033465 	[3, 0, 5, 6, 7, 0, 4, 8, 9, 10, 11, 12, 14, 15, 0, 1, 2, 13, 0, 1, 0, 1, 1, 1, 0, 1, 1, 0, 1, 1, 1, 0, 1, 0]
Fitness: 1630.033465 	[10, 11, 14, 15, 0, 3, 5, 7, 0, 4, 1, 2, 13, 0, 12, 6, 8, 9, 0, 1, 1, 1, 1, 1, 0, 1, 1, 0, 1, 0, 1, 0, 1, 0]
Fitness: 1630.033465 	[4, 0, 1, 2, 13, 0, 3, 5, 7, 8, 9, 10, 11, 14, 15, 0, 12, 6, 0, 1, 0, 1, 1, 1, 0, 1, 1, 0, 1, 1, 1, 0, 1, 0]
Fitness: 1630.033465 	[14, 12, 6, 0, 1, 2, 0, 3, 5, 7, 8, 9, 10, 11, 15, 0, 4, 13, 0, 0, 0, 1, 1, 1, 1, 1, 1, 0, 1, 1, 1, 0, 1, 0]
Fitness: 1630.033465 	[12, 6, 0, 1, 2, 13, 0, 4, 0, 3, 5, 7, 8, 9, 10, 11, 14, 15, 0, 1, 0, 1, 1, 1, 0, 1, 1, 0, 1, 1, 1, 0, 1, 0]
Fitness: 1630.033465 	[1, 2, 13, 0, 3, 4, 0, 12, 6, 0, 5, 7, 8, 9, 10, 11, 14, 15, 0, 1, 0, 1, 1, 1, 0, 1, 1, 1, 1, 1, 0, 0, 1, 0]
Fitness: 1630.033465 	[1, 2, 13, 0, 4, 0, 12, 6, 0, 3, 5, 7, 8, 9, 10, 11, 14, 15, 0, 1, 0, 1, 1, 1, 0, 1, 1, 0, 1, 1, 1, 0, 1, 0]
Fitness: 1630.033465 	[4, 0, 3, 5, 7, 8, 9, 10, 11, 14, 15, 0, 12, 6, 0, 1, 2, 13, 0, 1, 0, 1, 1, 1, 0, 1, 1, 0, 1, 1, 1, 0, 1, 0]
Fitness: 1630.033465 	[4, 0, 12, 6, 0, 1, 2, 13, 0, 3, 5, 7, 8, 9, 10, 11, 14, 15, 0, 1, 0, 1, 1, 1, 0, 1, 1, 0, 1, 1, 1, 0, 1, 0]
Fitness: 1630.033465 	[4, 0, 1, 2, 13, 0, 3, 5, 7, 8, 9, 10, 11, 14, 15, 0, 12, 6, 0, 1, 0, 1, 1, 1, 0, 1, 1, 0, 1, 1, 1, 0, 1, 0]
Fitness: 1630.033465 	[1, 2, 13, 0, 3, 5, 7, 8, 9, 10, 14, 15, 0, 12, 6, 0, 11, 4, 0, 1, 0, 1, 1, 0, 1, 1, 1, 1, 1, 0, 1, 0, 1, 0]
Fitness: 1630.033465 	[1, 2, 13, 0, 3, 5, 7, 8, 9, 10, 11, 14, 15, 0, 12, 6, 0, 4, 0, 1, 0, 1, 1, 0, 1, 1, 1, 0, 1, 1, 1, 0, 1, 0]
Fitness: 1630.033465 	[3, 5, 7, 8, 9, 10, 11, 14, 15, 0, 1, 2, 13, 0, 12, 6, 0, 4, 0, 1, 0, 1, 1, 1, 0, 1, 1, 0, 1, 1, 1, 0, 1, 0]
Fitness: 1630.033465 	[4, 0, 12, 6, 0, 1, 2, 13, 0, 3, 5, 7, 8, 9, 10, 11, 14, 15, 0, 1, 0, 1, 1, 1, 0, 1, 1, 0, 1, 1, 1, 0, 1, 0]
Fitness: 1630.033465 	[12, 6, 0, 1, 2, 13, 0, 4, 0, 3, 5, 7, 8, 9, 10, 11, 14, 15, 0, 1, 0, 1, 1, 1, 0, 1, 1, 0, 1, 1, 1, 0, 1, 0]
Fitness: 1630.033465 	[4, 0, 3, 5, 7, 8, 9, 10, 11, 14, 15, 0, 12, 6, 0, 1, 2, 13, 0, 1, 0, 1, 1, 1, 0, 1, 1, 0, 1, 1, 1, 0, 1, 0]
Fitness: 1630.033465 	[4, 0, 9, 12, 6, 0, 1, 2, 13, 0, 3, 5, 7, 8, 10, 11, 14, 15, 0, 1, 1, 1, 0, 1, 0, 1, 1, 0, 1, 1, 1, 0, 1, 0]
Fitness: 1630.033465 	[3, 5, 7, 8, 9, 10, 11, 14, 15, 0, 1, 2, 13, 0, 12, 6, 0, 4, 0, 1, 0, 1, 1, 1, 0, 1, 1, 0, 1, 1, 1, 0, 1, 0]
Fitness: 1630.033465 	[4, 0, 1, 2, 13, 0, 3, 5, 7, 8, 9, 10, 11, 14, 15, 0, 12, 6, 0, 1, 0, 1, 1, 1, 0, 1, 1, 0, 1, 1, 1, 0, 1, 0]
Fitness: 1630.033465 	[9, 10, 11, 14, 15, 0, 4, 1, 2, 13, 0, 12, 6, 0, 3, 5, 7, 8, 0, 1, 0, 1, 1, 1, 0, 1, 1, 1, 1, 1, 1, 0, 0, 0]
Fitness: 1630.033465 	[3, 5, 7, 8, 9, 10, 11, 14, 15, 0, 1, 2, 13, 0, 12, 6, 0, 4, 0, 1, 0, 1, 1, 1, 0, 1, 1, 0, 1, 1, 1, 0, 1, 0]
Fitness: 1630.033465 	[1, 2, 13, 0, 4, 0, 12, 6, 0, 3, 5, 7, 8, 9, 10, 11, 14, 15, 0, 1, 0, 1, 1, 1, 0, 1, 1, 0, 1, 1, 1, 0, 1, 0]
Fitness: 1630.033465 	[3, 5, 7, 8, 9, 10, 11, 14, 15, 0, 2, 4, 13, 0, 1, 0, 12, 6, 0, 1, 0, 1, 1, 1, 0, 1, 1, 1, 1, 1, 1, 0, 0, 0]
Fitness: 1630.033465 	[4, 0, 12, 6, 0, 1, 2, 13, 0, 3, 5, 7, 8, 9, 10, 11, 14, 15, 0, 1, 0, 1, 1, 1, 0, 1, 1, 0, 1, 1, 1, 0, 1, 0]
Fitness: 1630.033465 	[1, 2, 13, 0, 12, 6, 0, 4, 0, 3, 5, 7, 8, 9, 10, 11, 14, 15, 0, 1, 0, 1, 1, 0, 1, 1, 1, 0, 1, 1, 1, 0, 1, 0]
Fitness: 1630.033465 	[3, 5, 7, 8, 9, 10, 11, 14, 15, 0, 1, 2, 13, 0, 12, 6, 0, 4, 0, 1, 0, 1, 1, 1, 0, 1, 1, 0, 1, 1, 1, 0, 1, 0]
Fitness: 1630.033465 	[3, 5, 7, 8, 9, 10, 11, 14, 15, 0, 1, 2, 13, 0, 12, 6, 0, 4, 0, 1, 0, 1, 1, 1, 0, 1, 1, 0, 1, 1, 1, 0, 1, 0]
Fitness: 1630.033465 	[12, 6, 0, 1, 13, 0, 4, 0, 2, 3, 5, 7, 8, 9, 10, 11, 14, 15, 0, 1, 0, 1, 1, 1, 0, 1, 1, 1, 1, 1, 1, 0, 0, 0]
Fitness: 1630.033465 	[4, 0, 1, 2, 13, 0, 12, 6, 0, 3, 5, 7, 8, 9, 10, 11, 14, 15, 0, 1, 0, 1, 1, 0, 1, 1, 1, 0, 1, 1, 1, 0, 1, 0]
Fitness: 1630.033465 	[3, 5, 7, 8, 9, 10, 11, 14, 15, 0, 1, 2, 13, 0, 12, 6, 0, 4, 0, 1, 0, 1, 1, 1, 0, 1, 1, 0, 1, 1, 1, 0, 1, 0]
Fitness: 1630.033465 	[12, 6, 0, 1, 2, 13, 0, 4, 0, 3, 5, 7, 8, 9, 10, 11, 14, 15, 0, 1, 0, 1, 1, 1, 0, 1, 1, 0, 1, 1, 1, 0, 1, 0]
Fitness: 1630.033465 	[4, 0, 3, 5, 7, 8, 9, 10, 11, 14, 15, 0, 12, 6, 0, 1, 2, 13, 0, 1, 0, 1, 1, 1, 0, 1, 1, 0, 1, 1, 1, 0, 1, 0]
Fitness: 1630.033465 	[4, 0, 3, 5, 7, 8, 9, 10, 11, 14, 15, 0, 12, 6, 0, 1, 2, 13, 0, 1, 0, 1, 1, 1, 0, 1, 1, 0, 1, 1, 1, 0, 1, 0]
Fitness: 1630.033465 	[12, 6, 0, 1, 2, 13, 0, 4, 0, 3, 5, 7, 8, 9, 10, 11, 14, 15, 0, 1, 0, 1, 1, 1, 0, 1, 1, 0, 1, 1, 1, 0, 1, 0]
Fitness: 1630.033465 	[1, 2, 13, 0, 12, 6, 0, 3, 4, 0, 5, 7, 8, 9, 10, 11, 14, 15, 0, 1, 0, 1, 1, 0, 1, 1, 1, 1, 1, 1, 1, 0, 0, 0]
Fitness: 1630.033465 	[1, 2, 13, 0, 4, 0, 8, 12, 6, 0, 3, 5, 7, 9, 10, 11, 14, 15, 0, 1, 0, 1, 1, 1, 0, 1, 1, 1, 1, 1, 1, 0, 0, 0]
Fitness: 1630.033465 	[12, 6, 0, 1, 2, 13, 0, 4, 0, 3, 5, 7, 8, 9, 10, 11, 14, 15, 0, 1, 0, 1, 1, 1, 0, 1, 1, 0, 1, 1, 1, 0, 1, 0]
Fitness: 1630.033465 	[4, 0, 3, 5, 7, 8, 9, 10, 11, 14, 15, 0, 12, 6, 0, 1, 2, 13, 0, 1, 0, 1, 1, 1, 0, 1, 1, 0, 1, 1, 1, 0, 1, 0]
Fitness: 1630.033465 	[1, 2, 13, 0, 3, 5, 7, 8, 9, 10, 11, 14, 15, 0, 12, 6, 0, 4, 0, 1, 0, 1, 1, 1, 0, 1, 1, 0, 1, 1, 1, 0, 1, 0]
Fitness: 1630.033465 	[1, 2, 13, 0, 4, 0, 12, 6, 0, 3, 5, 7, 8, 9, 10, 11, 14, 15, 0, 1, 0, 1, 1, 1, 0, 1, 1, 0, 1, 1, 1, 0, 1, 0]
Fitness: 1630.033465 	[1, 2, 13, 0, 4, 0, 12, 6, 0, 3, 5, 7, 8, 9, 10, 11, 14, 15, 0, 1, 0, 1, 1, 1, 0, 1, 1, 0, 1, 1, 1, 0, 1, 0]
Fitness: 1630.033465 	[4, 0, 2, 13, 0, 1, 3, 5, 7, 8, 9, 10, 11, 14, 15, 0, 12, 6, 0, 1, 0, 1, 1, 1, 0, 1, 1, 0, 1, 1, 1, 1, 0, 0]
Fitness: 1630.033465 	[4, 0, 12, 6, 0, 1, 2, 13, 0, 3, 5, 7, 8, 9, 10, 11, 14, 15, 0, 1, 0, 1, 1, 1, 0, 1, 1, 0, 1, 1, 1, 0, 1, 0]
Fitness: 1630.033465 	[5, 7, 8, 9, 10, 11, 14, 15, 0, 1, 2, 13, 0, 12, 6, 0, 3, 4, 0, 0, 0, 1, 1, 1, 0, 1, 1, 1, 1, 1, 1, 0, 1, 0]
Fitness: 1630.033465 	[1, 2, 13, 0, 4, 0, 12, 6, 0, 3, 5, 7, 8, 9, 10, 11, 14, 15, 0, 1, 0, 1, 1, 1, 0, 1, 1, 0, 1, 1, 1, 0, 1, 0]
Time: 0.32027