Fitness: 1467.145450 	[1, 4, 0, 12, 15, 7, 8, 5, 6, 9, 10, 0, 14, 2, 3, 11, 0, 13, 0, 1, 0, 1, 1, 1, 1, 0, 1, 0, 1, 0, 1, 1, 1, 0]
Fitness: 1461.553949 	[6, 12, 7, 9, 0, 10, 1, 11, 3, 5, 15, 14, 8, 0, 2, 13, 0, 4, 0, 1, 0, 1, 0, 1, 0, 1, 1, 1, 1, 0, 1, 1, 1, 0]
Fitness: 1461.553949 	[6, 12, 7, 9, 0, 10, 1, 11, 3, 5, 15, 14, 8, 0, 2, 13, 0, 4, 0, 1, 0, 1, 0, 1, 0, 1, 1, 1, 1, 0, 1, 1, 1, 0]
Fitness: 1461.553949 	[6, 12, 7, 9, 0, 10, 1, 11, 3, 5, 15, 14, 8, 0, 2, 13, 0, 4, 0, 1, 0, 1, 0, 1, 0, 1, 1, 1, 1, 0, 1, 1, 1, 0]
Fitness: 1460.918357 	[4, 0, 6, 1, 3, 14, 0, 5, 12, 0, 13, 2, 7, 8, 9, 10, 11, 15, 0, 1, 0, 1, 1, 1, 1, 0, 1, 0, 1, 1, 0, 1, 1, 0]
Fitness: 1436.095651 	[4, 0, 14, 6, 7, 0, 12, 2, 13, 0, 9, 10, 1, 11, 3, 5, 15, 8, 0, 1, 0, 1, 1, 1, 0, 1, 1, 0, 1, 1, 1, 1, 0, 0]
Fitness: 1414.994397 	[6, 0, 2, 11, 0, 1, 8, 9, 12, 7, 5, 10, 0, 14, 4, 3, 13, 15, 0, 1, 0, 1, 1, 1, 1, 0, 1, 1, 1, 0, 1, 0, 1, 0]
Fitness: 1410.191540 	[12, 0, 4, 11, 0, 1, 8, 2, 9, 7, 3, 10, 0, 13, 6, 15, 5, 14, 0, 0, 1, 1, 1, 1, 0, 1, 1, 1, 0, 1, 0, 1, 1, 0]
Fitness: 1406.108549 	[1, 8, 2, 9, 7, 3, 10, 0, 13, 11, 12, 0, 15, 5, 14, 0, 6, 4, 0, 1, 0, 1, 0, 1, 1, 1, 1, 0, 1, 1, 0, 1, 1, 0]
Fitness: 1401.360689 	[12, 2, 7, 3, 10, 0, 4, 0, 6, 0, 13, 14, 11, 8, 15, 1, 9, 5, 0, 0, 1, 1, 1, 0, 1, 1, 1, 0, 1, 1, 1, 0, 1, 0]
Fitness: 1391.737462 	[14, 9, 3, 2, 11, 12, 15, 0, 10, 1, 7, 5, 8, 0, 6, 13, 0, 4, 0, 0, 1, 0, 1, 1, 1, 0, 1, 1, 0, 1, 1, 1, 1, 0]
Fitness: 1386.180909 	[7, 5, 13, 10, 0, 4, 0, 6, 1, 0, 8, 14, 9, 3, 2, 11, 12, 15, 0, 0, 1, 0, 1, 1, 1, 1, 1, 1, 0, 1, 1, 0, 1, 0]
Fitness: 1377.538070 	[4, 1, 12, 0, 15, 7, 8, 5, 6, 9, 10, 0, 14, 2, 3, 11, 0, 13, 0, 1, 1, 0, 1, 1, 1, 0, 1, 0, 1, 0, 1, 1, 1, 0]
Fitness: 1377.538070 	[1, 12, 4, 0, 14, 2, 3, 11, 0, 15, 7, 8, 5, 6, 9, 10, 0, 13, 0, 1, 1, 0, 1, 1, 1, 0, 1, 0, 1, 0, 1, 1, 1, 0]
Fitness: 1377.538070 	[1, 12, 4, 0, 15, 7, 8, 5, 6, 9, 10, 0, 14, 2, 3, 11, 0, 13, 0, 1, 1, 0, 1, 1, 1, 0, 1, 0, 1, 0, 1, 1, 1, 0]
Fitness: 1377.538070 	[1, 12, 4, 0, 15, 7, 8, 5, 6, 9, 10, 0, 14, 2, 3, 11, 0, 13, 0, 1, 1, 0, 1, 1, 1, 0, 1, 0, 1, 0, 1, 1, 1, 0]
Fitness: 1377.538070 	[1, 12, 4, 0, 15, 7, 8, 5, 6, 9, 10, 0, 14, 2, 3, 11, 0, 13, 0, 1, 1, 0, 1, 1, 1, 0, 1, 0, 1, 0, 1, 1, 1, 0]
Fitness: 1377.538070 	[13, 0, 15, 7, 8, 5, 6, 9, 10, 0, 14, 2, 3, 11, 0, 1, 12, 4, 0, 1, 1, 0, 1, 1, 1, 0, 1, 0, 1, 0, 1, 1, 1, 0]
Fitness: 1377.538070 	[13, 0, 15, 7, 8, 5, 6, 9, 10, 0, 14, 2, 3, 11, 0, 1, 12, 4, 0, 1, 1, 0, 1, 1, 1, 0, 1, 0, 1, 0, 1, 1, 1, 0]
Fitness: 1377.538070 	[1, 12, 4, 0, 15, 7, 8, 5, 6, 9, 10, 0, 14, 2, 3, 11, 0, 13, 0, 1, 1, 0, 1, 1, 1, 0, 1, 0, 1, 0, 1, 1, 1, 0]
Fitness: 1377.538070 	[13, 0, 15, 7, 8, 5, 6, 9, 10, 0, 14, 2, 3, 11, 0, 1, 12, 4, 0, 1, 1, 0, 1, 1, 1, 0, 1, 0, 1, 0, 1, 1, 1, 0]
Fitness: 1377.538070 	[1, 12, 4, 0, 15, 7, 8, 5, 6, 9, 10, 0, 14, 2, 3, 11, 0, 13, 0, 1, 1, 0, 1, 1, 1, 0, 1, 0, 1, 0, 1, 1, 1, 0]
Fitness: 1375.427066 	[4, 0, 7, 8, 5, 6, 9, 10, 0, 14, 2, 3, 11, 0, 1, 13, 12, 15, 0, 0, 1, 1, 1, 0, 1, 0, 1, 1, 1, 0, 1, 1, 1, 0]
Fitness: 1375.427066 	[4, 0, 7, 8, 5, 6, 9, 10, 0, 14, 2, 3, 11, 0, 1, 13, 12, 15, 0, 0, 1, 1, 1, 0, 1, 0, 1, 1, 1, 0, 1, 1, 1, 0]
Fitness: 1375.427066 	[14, 2, 3, 11, 0, 7, 8, 5, 6, 9, 10, 0, 4, 0, 1, 13, 12, 15, 0, 0, 1, 1, 1, 0, 1, 0, 1, 1, 1, 0, 1, 1, 1, 0]
Fitness: 1375.427066 	[14, 2, 3, 11, 0, 7, 8, 5, 6, 9, 10, 0, 4, 0, 1, 13, 12, 15, 0, 0, 1, 1, 1, 0, 1, 0, 1, 1, 1, 0, 1, 1, 1, 0]
Fitness: 1372.371985 	[1, 6, 2, 3, 0, 12, 0, 14, 4, 13, 7, 0, 11, 10, 5, 8, 9, 15, 0, 1, 0, 1, 1, 0, 1, 1, 1, 0, 1, 1, 1, 0, 1, 0]
Fitness: 1366.048938 	[12, 0, 13, 6, 4, 11, 0, 8, 2, 9, 7, 3, 10, 0, 15, 1, 5, 14, 0, 0, 1, 1, 1, 0, 1, 1, 1, 1, 0, 1, 0, 1, 1, 0]
Fitness: 1364.169849 	[6, 1, 0, 4, 0, 7, 5, 13, 10, 0, 8, 14, 9, 3, 2, 11, 12, 15, 0, 1, 1, 0, 1, 0, 1, 1, 1, 1, 0, 1, 1, 0, 1, 0]
Fitness: 1362.082725 	[14, 4, 13, 7, 0, 12, 0, 1, 6, 2, 3, 0, 11, 10, 5, 8, 9, 15, 0, 1, 0, 1, 1, 0, 1, 1, 1, 0, 1, 1, 1, 0, 1, 0]
Fitness: 1361.657919 	[4, 0, 14, 6, 12, 7, 0, 2, 13, 0, 9, 10, 1, 11, 3, 5, 15, 8, 0, 0, 1, 1, 1, 1, 0, 1, 1, 0, 1, 1, 1, 1, 0, 0]
Fitness: 1358.633981 	[12, 0, 13, 6, 15, 5, 14, 0, 1, 8, 2, 9, 7, 3, 10, 0, 4, 11, 0, 0, 1, 1, 1, 1, 0, 1, 1, 1, 0, 1, 0, 1, 1, 0]
Fitness: 1358.306500 	[13, 6, 4, 11, 0, 12, 0, 8, 2, 9, 7, 3, 10, 0, 15, 1, 5, 14, 0, 0, 1, 1, 1, 0, 1, 1, 1, 1, 0, 1, 0, 1, 1, 0]
Fitness: 1358.306500 	[13, 6, 4, 11, 0, 12, 0, 8, 2, 9, 7, 3, 10, 0, 15, 1, 5, 14, 0, 0, 1, 1, 1, 0, 1, 1, 1, 1, 0, 1, 0, 1, 1, 0]
Fitness: 1358.306500 	[13, 6, 4, 11, 0, 12, 0, 8, 2, 9, 7, 3, 10, 0, 15, 1, 5, 14, 0, 0, 1, 1, 1, 0, 1, 1, 1, 1, 0, 1, 0, 1, 1, 0]
Fitness: 1358.306500 	[13, 6, 4, 11, 0, 12, 0, 8, 2, 9, 7, 3, 10, 0, 15, 1, 5, 14, 0, 0, 1, 1, 1, 0, 1, 1, 1, 1, 0, 1, 0, 1, 1, 0]
Fitness: 1358.306500 	[13, 6, 4, 11, 0, 12, 0, 8, 2, 9, 7, 3, 10, 0, 15, 1, 5, 14, 0, 0, 1, 1, 1, 0, 1, 1, 1, 1, 0, 1, 0, 1, 1, 0]
Fitness: 1358.306500 	[13, 6, 4, 11, 0, 12, 0, 8, 2, 9, 7, 3, 10, 0, 15, 1, 5, 14, 0, 0, 1, 1, 1, 0, 1, 1, 1, 1, 0, 1, 0, 1, 1, 0]
Fitness: 1351.648373 	[7, 2, 12, 0, 6, 0, 1, 3, 4, 0, 13, 5, 8, 9, 10, 11, 14, 15, 0, 0, 1, 1, 1, 0, 1, 1, 1, 0, 1, 1, 1, 0, 1, 0]
Fitness: 1345.707022 	[4, 0, 13, 2, 7, 8, 9, 10, 11, 15, 0, 6, 5, 12, 0, 1, 3, 14, 0, 1, 0, 1, 1, 1, 1, 0, 0, 1, 1, 1, 0, 1, 1, 0]
Fitness: 1345.707022 	[4, 0, 13, 2, 7, 8, 9, 10, 11, 15, 0, 6, 5, 12, 0, 1, 3, 14, 0, 1, 0, 1, 1, 1, 1, 0, 0, 1, 1, 1, 0, 1, 1, 0]
Fitness: 1345.707022 	[4, 0, 13, 2, 7, 8, 9, 10, 11, 15, 0, 6, 5, 12, 0, 1, 3, 14, 0, 1, 0, 1, 1, 1, 1, 0, 0, 1, 1, 1, 0, 1, 1, 0]
Fitness: 1345.707022 	[4, 0, 13, 2, 7, 8, 9, 10, 11, 15, 0, 6, 5, 12, 0, 1, 3, 14, 0, 1, 0, 1, 1, 1, 1, 0, 0, 1, 1, 1, 0, 1, 1, 0]
Fitness: 1340.388262 	[6, 1, 0, 4, 0, 7, 5, 13, 10, 0, 8, 14, 9, 3, 2, 11, 12, 15, 0, 0, 1, 0, 1, 1, 1, 1, 1, 1, 0, 1, 1, 0, 1, 0]
Fitness: 1337.326123 	[7, 8, 5, 13, 14, 10, 0, 6, 11, 3, 1, 9, 0, 4, 0, 2, 12, 15, 0, 1, 1, 0, 1, 0, 1, 0, 1, 1, 1, 1, 1, 0, 1, 0]
Fitness: 1337.326123 	[7, 8, 5, 13, 14, 10, 0, 6, 11, 3, 1, 9, 0, 4, 0, 2, 12, 15, 0, 1, 1, 0, 1, 0, 1, 0, 1, 1, 1, 1, 1, 0, 1, 0]
Fitness: 1337.326123 	[7, 8, 5, 13, 14, 10, 0, 6, 11, 3, 1, 9, 0, 4, 0, 2, 12, 15, 0, 1, 1, 0, 1, 0, 1, 0, 1, 1, 1, 1, 1, 0, 1, 0]
Fitness: 1337.326123 	[15, 2, 12, 0, 7, 8, 5, 13, 14, 10, 0, 4, 0, 6, 11, 3, 1, 9, 0, 1, 1, 0, 1, 0, 1, 0, 1, 1, 1, 1, 1, 0, 1, 0]
Fitness: 1337.326123 	[15, 2, 12, 0, 7, 8, 5, 13, 14, 10, 0, 4, 0, 6, 11, 3, 1, 9, 0, 1, 1, 0, 1, 0, 1, 0, 1, 1, 1, 1, 1, 0, 1, 0]
Fitness: 1337.326123 	[15, 2, 12, 0, 7, 8, 5, 13, 14, 10, 0, 4, 0, 6, 11, 3, 1, 9, 0, 1, 1, 0, 1, 0, 1, 0, 1, 1, 1, 1, 1, 0, 1, 0]
Fitness: 1337.326123 	[15, 2, 12, 0, 7, 8, 5, 13, 14, 10, 0, 4, 0, 6, 11, 3, 1, 9, 0, 1, 1, 0, 1, 0, 1, 0, 1, 1, 1, 1, 1, 0, 1, 0]
Fitness: 1337.326123 	[15, 2, 12, 0, 7, 8, 5, 13, 14, 10, 0, 4, 0, 6, 11, 3, 1, 9, 0, 1, 1, 0, 1, 0, 1, 0, 1, 1, 1, 1, 1, 0, 1, 0]
Fitness: 1337.326123 	[15, 2, 12, 0, 7, 8, 5, 13, 14, 10, 0, 4, 0, 6, 11, 3, 1, 9, 0, 1, 1, 0, 1, 0, 1, 0, 1, 1, 1, 1, 1, 0, 1, 0]
Fitness: 1337.326123 	[7, 8, 5, 13, 14, 10, 0, 6, 11, 3, 1, 9, 0, 4, 0, 15, 2, 12, 0, 1, 1, 0, 1, 0, 1, 0, 1, 1, 1, 1, 1, 0, 1, 0]
Fitness: 1337.326123 	[7, 8, 5, 13, 14, 10, 0, 15, 2, 12, 0, 4, 0, 6, 11, 3, 1, 9, 0, 1, 1, 0, 1, 0, 1, 0, 1, 1, 1, 1, 1, 0, 1, 0]
Fitness: 1337.326123 	[7, 8, 5, 13, 14, 10, 0, 15, 2, 12, 0, 4, 0, 6, 11, 3, 1, 9, 0, 1, 1, 0, 1, 0, 1, 0, 1, 1, 1, 1, 1, 0, 1, 0]
Fitness: 1337.326123 	[6, 11, 3, 1, 9, 0, 15, 2, 12, 0, 4, 0, 7, 8, 5, 13, 14, 10, 0, 1, 1, 0, 1, 0, 1, 0, 1, 1, 1, 1, 1, 0, 1, 0]
Fitness: 1336.752751 	[7, 8, 5, 13, 14, 10, 0, 15, 1, 9, 6, 2, 0, 3, 12, 11, 0, 4, 0, 1, 1, 0, 1, 0, 1, 0, 1, 1, 0, 1, 1, 1, 1, 0]
Fitness: 1336.752751 	[15, 1, 9, 6, 2, 0, 7, 8, 5, 13, 14, 10, 0, 3, 12, 11, 0, 4, 0, 1, 1, 0, 1, 0, 1, 0, 1, 1, 0, 1, 1, 1, 1, 0]
Fitness: 1336.752751 	[15, 1, 9, 6, 2, 0, 7, 8, 5, 13, 14, 10, 0, 3, 12, 11, 0, 4, 0, 1, 1, 0, 1, 0, 1, 0, 1, 1, 0, 1, 1, 1, 1, 0]
Fitness: 1330.445406 	[4, 0, 1, 3, 14, 0, 6, 5, 12, 0, 13, 2, 7, 8, 9, 10, 11, 15, 0, 1, 0, 1, 1, 1, 1, 0, 0, 1, 1, 1, 0, 1, 1, 0]
Fitness: 1330.445406 	[4, 0, 1, 3, 14, 0, 6, 5, 12, 0, 13, 2, 7, 8, 9, 10, 11, 15, 0, 1, 0, 1, 1, 1, 1, 0, 0, 1, 1, 1, 0, 1, 1, 0]
Fitness: 1330.445406 	[4, 0, 1, 3, 14, 0, 6, 5, 12, 0, 13, 2, 7, 8, 9, 10, 11, 15, 0, 1, 0, 1, 1, 1, 1, 0, 0, 1, 1, 1, 0, 1, 1, 0]
Fitness: 1330.445406 	[4, 0, 1, 3, 14, 0, 6, 5, 12, 0, 2, 7, 8, 9, 10, 11, 13, 15, 0, 1, 0, 1, 1, 1, 1, 0, 0, 1, 1, 1, 0, 1, 1, 0]
Fitness: 1330.445406 	[4, 0, 1, 3, 14, 0, 6, 5, 12, 0, 13, 2, 7, 8, 9, 10, 11, 15, 0, 1, 0, 1, 1, 1, 1, 0, 0, 1, 1, 1, 0, 1, 1, 0]
Fitness: 1330.445406 	[4, 0, 1, 3, 14, 0, 6, 5, 12, 0, 13, 2, 7, 8, 9, 10, 11, 15, 0, 1, 0, 1, 1, 1, 1, 0, 0, 1, 1, 1, 0, 1, 1, 0]
Fitness: 1330.445406 	[4, 0, 1, 3, 14, 0, 6, 5, 12, 0, 13, 2, 7, 8, 9, 10, 11, 15, 0, 1, 0, 1, 1, 1, 1, 0, 0, 1, 1, 1, 0, 1, 1, 0]
Fitness: 1323.721421 	[9, 15, 7, 4, 1, 0, 8, 13, 3, 11, 2, 0, 6, 0, 5, 14, 12, 10, 0, 1, 0, 1, 1, 0, 1, 1, 0, 1, 1, 1, 1, 0, 1, 0]
Fitness: 1323.721421 	[9, 15, 7, 4, 1, 0, 8, 13, 3, 11, 2, 0, 6, 0, 5, 14, 12, 10, 0, 1, 0, 1, 1, 0, 1, 1, 0, 1, 1, 1, 1, 0, 1, 0]
Fitness: 1323.721421 	[9, 15, 7, 4, 1, 0, 8, 13, 3, 11, 2, 0, 6, 0, 5, 14, 12, 10, 0, 1, 0, 1, 1, 0, 1, 1, 0, 1, 1, 1, 1, 0, 1, 0]
Fitness: 1319.016794 	[7, 8, 5, 13, 14, 10, 0, 3, 12, 11, 0, 15, 1, 9, 6, 2, 0, 4, 0, 1, 1, 0, 1, 0, 1, 0, 1, 1, 0, 1, 1, 1, 1, 0]
Fitness: 1319.016794 	[7, 8, 5, 13, 14, 10, 0, 3, 12, 11, 0, 15, 1, 9, 6, 2, 0, 4, 0, 1, 1, 0, 1, 0, 1, 0, 1, 1, 0, 1, 1, 1, 1, 0]
Fitness: 1319.016794 	[7, 8, 5, 13, 14, 10, 0, 3, 12, 11, 0, 15, 1, 9, 6, 2, 0, 4, 0, 1, 1, 0, 1, 0, 1, 0, 1, 1, 0, 1, 1, 1, 1, 0]
Fitness: 1319.016794 	[7, 8, 5, 13, 14, 10, 0, 3, 12, 11, 0, 15, 1, 9, 6, 2, 0, 4, 0, 1, 1, 0, 1, 0, 1, 0, 1, 1, 0, 1, 1, 1, 1, 0]
Fitness: 1319.016794 	[3, 12, 11, 0, 7, 8, 5, 13, 14, 10, 0, 15, 1, 9, 6, 2, 0, 4, 0, 1, 1, 0, 1, 0, 1, 0, 1, 1, 0, 1, 1, 1, 1, 0]
Fitness: 1319.016794 	[3, 12, 11, 0, 7, 8, 5, 13, 14, 10, 0, 15, 1, 9, 6, 2, 0, 4, 0, 1, 1, 0, 1, 0, 1, 0, 1, 1, 0, 1, 1, 1, 1, 0]
Fitness: 1319.016794 	[3, 12, 11, 0, 7, 8, 5, 13, 14, 10, 0, 15, 1, 9, 6, 2, 0, 4, 0, 1, 1, 0, 1, 0, 1, 0, 1, 1, 0, 1, 1, 1, 1, 0]
Fitness: 1319.016794 	[3, 12, 11, 0, 7, 8, 5, 13, 14, 10, 0, 15, 1, 9, 6, 2, 0, 4, 0, 1, 1, 0, 1, 0, 1, 0, 1, 1, 0, 1, 1, 1, 1, 0]
Fitness: 1319.016794 	[3, 12, 11, 0, 7, 8, 5, 13, 14, 10, 0, 15, 1, 9, 6, 2, 0, 4, 0, 1, 1, 0, 1, 0, 1, 0, 1, 1, 0, 1, 1, 1, 1, 0]
Fitness: 1319.016794 	[3, 12, 11, 0, 7, 8, 5, 13, 14, 10, 0, 15, 1, 9, 6, 2, 0, 4, 0, 1, 1, 0, 1, 0, 1, 0, 1, 1, 0, 1, 1, 1, 1, 0]
Fitness: 1319.016794 	[3, 12, 11, 0, 7, 8, 5, 13, 14, 10, 0, 15, 1, 9, 6, 2, 0, 4, 0, 1, 1, 0, 1, 0, 1, 0, 1, 1, 0, 1, 1, 1, 1, 0]
Fitness: 1319.016794 	[3, 12, 11, 0, 7, 8, 5, 13, 14, 10, 0, 15, 1, 9, 6, 2, 0, 4, 0, 1, 1, 0, 1, 0, 1, 0, 1, 1, 0, 1, 1, 1, 1, 0]
Fitness: 1319.016794 	[3, 12, 11, 0, 7, 8, 5, 13, 14, 10, 0, 15, 1, 9, 6, 2, 0, 4, 0, 1, 1, 0, 1, 0, 1, 0, 1, 1, 0, 1, 1, 1, 1, 0]
Fitness: 1319.016794 	[3, 12, 11, 0, 7, 8, 5, 13, 14, 10, 0, 15, 1, 9, 6, 2, 0, 4, 0, 1, 1, 0, 1, 0, 1, 0, 1, 1, 0, 1, 1, 1, 1, 0]
Fitness: 1319.016794 	[3, 12, 11, 0, 7, 8, 5, 13, 14, 10, 0, 15, 1, 9, 6, 2, 0, 4, 0, 1, 1, 0, 1, 0, 1, 0, 1, 1, 0, 1, 1, 1, 1, 0]
Fitness: 1319.016794 	[3, 12, 11, 0, 7, 8, 5, 13, 14, 10, 0, 15, 1, 9, 6, 2, 0, 4, 0, 1, 1, 0, 1, 0, 1, 0, 1, 1, 0, 1, 1, 1, 1, 0]
Fitness: 1319.016794 	[3, 12, 11, 0, 7, 8, 5, 13, 14, 10, 0, 15, 1, 9, 6, 2, 0, 4, 0, 1, 1, 0, 1, 0, 1, 0, 1, 1, 0, 1, 1, 1, 1, 0]
Fitness: 1319.016794 	[3, 12, 11, 0, 7, 8, 5, 13, 14, 10, 0, 15, 1, 9, 6, 2, 0, 4, 0, 1, 1, 0, 1, 0, 1, 0, 1, 1, 0, 1, 1, 1, 1, 0]
Fitness: 1319.016794 	[3, 12, 11, 0, 7, 8, 5, 13, 14, 10, 0, 15, 1, 9, 6, 2, 0, 4, 0, 1, 1, 0, 1, 0, 1, 0, 1, 1, 0, 1, 1, 1, 1, 0]
Fitness: 1319.016794 	[3, 12, 11, 0, 7, 8, 5, 13, 14, 10, 0, 15, 1, 9, 6, 2, 0, 4, 0, 1, 1, 0, 1, 0, 1, 0, 1, 1, 0, 1, 1, 1, 1, 0]
Fitness: 1319.016794 	[3, 12, 11, 0, 7, 8, 5, 13, 14, 10, 0, 15, 1, 9, 6, 2, 0, 4, 0, 1, 1, 0, 1, 0, 1, 0, 1, 1, 0, 1, 1, 1, 1, 0]
Fitness: 1319.016794 	[3, 12, 11, 0, 7, 8, 5, 13, 14, 10, 0, 15, 1, 9, 6, 2, 0, 4, 0, 1, 1, 0, 1, 0, 1, 0, 1, 1, 0, 1, 1, 1, 1, 0]
Fitness: 1318.859999 	[8, 9, 7, 3, 10, 0, 6, 4, 11, 0, 2, 12, 14, 5, 15, 0, 13, 1, 0, 1, 0, 1, 0, 1, 1, 1, 1, 1, 0, 1, 0, 1, 1, 0]
Fitness: 1318.859999 	[8, 9, 7, 3, 10, 0, 6, 4, 11, 0, 2, 12, 14, 5, 15, 0, 13, 1, 0, 1, 0, 1, 0, 1, 1, 1, 1, 1, 0, 1, 0, 1, 1, 0]
Fitness: 1318.097411 	[2, 13, 0, 6, 12, 7, 0, 4, 0, 9, 10, 1, 11, 3, 5, 15, 14, 8, 0, 0, 1, 1, 0, 1, 1, 1, 1, 0, 1, 1, 1, 1, 0, 0]
Fitness: 1318.097411 	[2, 13, 0, 6, 12, 7, 0, 4, 0, 9, 10, 1, 11, 3, 5, 15, 14, 8, 0, 0, 1, 1, 0, 1, 1, 1, 1, 0, 1, 1, 1, 1, 0, 0]
Fitness: 1307.712569 	[1, 9, 3, 2, 11, 12, 15, 0, 6, 0, 4, 0, 7, 8, 5, 13, 14, 10, 0, 1, 1, 0, 1, 0, 1, 0, 1, 1, 1, 1, 1, 0, 1, 0]
Fitness: 1307.712569 	[1, 9, 3, 2, 11, 12, 15, 0, 6, 0, 4, 0, 7, 8, 5, 13, 14, 10, 0, 1, 1, 0, 1, 0, 1, 0, 1, 1, 1, 1, 1, 0, 1, 0]
Fitness: 1300.684053 	[3, 12, 11, 0, 15, 1, 9, 6, 2, 0, 7, 8, 5, 13, 14, 10, 0, 4, 0, 1, 1, 0, 1, 0, 1, 0, 1, 1, 0, 1, 1, 1, 1, 0]
Fitness: 1300.684053 	[3, 12, 11, 0, 15, 1, 9, 6, 2, 0, 7, 8, 5, 13, 14, 10, 0, 4, 0, 1, 1, 0, 1, 0, 1, 0, 1, 1, 0, 1, 1, 1, 1, 0]
Fitness: 1319.016794 	[7, 8, 5, 13, 14, 10, 0, 3, 12, 11, 0, 15, 1, 9, 6, 2, 0, 4, 0, 0, 1, 1, 1, 0, 1, 0, 1, 1, 0, 1, 1, 1, 1, 0]
Fitness: 1318.097411 	[2, 13, 0, 6, 12, 7, 0, 4, 0, 9, 10, 1, 11, 3, 5, 15, 14, 8, 0, 0, 1, 1, 0, 1, 1, 1, 1, 0, 1, 1, 1, 1, 0, 0]
Fitness: 1319.016794 	[4, 0, 3, 12, 11, 0, 2, 0, 9, 10, 1, 13, 6, 5, 15, 14, 8, 7, 0, 1, 1, 0, 1, 0, 1, 0, 1, 1, 0, 1, 1, 1, 1, 0]
Fitness: 1377.538070 	[13, 0, 15, 7, 8, 5, 6, 9, 10, 0, 14, 2, 3, 11, 0, 1, 12, 4, 0, 1, 1, 0, 1, 1, 1, 0, 1, 0, 1, 0, 1, 1, 1, 0]
Fitness: 1319.016794 	[3, 12, 11, 0, 7, 8, 5, 13, 14, 10, 0, 15, 1, 9, 6, 2, 0, 4, 0, 1, 1, 0, 1, 0, 1, 0, 1, 1, 0, 1, 1, 1, 1, 0]
Fitness: 1377.538070 	[3, 9, 11, 0, 7, 8, 5, 2, 14, 10, 0, 13, 0, 1, 12, 4, 6, 15, 0, 1, 1, 0, 1, 1, 1, 0, 1, 0, 1, 0, 1, 1, 1, 0]
Fitness: 1330.445406 	[4, 0, 1, 3, 14, 0, 6, 5, 12, 0, 13, 2, 7, 8, 9, 10, 11, 15, 0, 1, 0, 1, 1, 1, 1, 0, 1, 0, 1, 1, 0, 1, 1, 0]
Fitness: 1377.538070 	[1, 12, 4, 0, 14, 2, 3, 11, 0, 15, 7, 8, 5, 6, 9, 10, 0, 13, 0, 1, 1, 0, 1, 1, 1, 0, 1, 0, 1, 0, 1, 1, 1, 0]
Fitness: 1330.445406 	[1, 12, 3, 0, 4, 0, 13, 2, 7, 8, 9, 10, 11, 15, 0, 5, 6, 14, 0, 1, 0, 1, 1, 1, 1, 0, 0, 1, 1, 1, 0, 1, 1, 0]
Fitness: 1319.016794 	[3, 12, 11, 0, 7, 8, 5, 13, 14, 10, 0, 15, 1, 9, 6, 2, 0, 4, 0, 1, 1, 0, 1, 0, 1, 0, 1, 1, 0, 1, 1, 1, 1, 0]
Fitness: 1319.016794 	[3, 12, 11, 0, 7, 8, 5, 13, 14, 10, 0, 15, 1, 9, 6, 2, 0, 4, 0, 1, 1, 0, 1, 0, 1, 0, 1, 1, 0, 1, 1, 1, 1, 0]
Fitness: 1319.016794 	[1, 2, 6, 0, 7, 8, 5, 13, 14, 10, 0, 3, 12, 11, 0, 4, 9, 15, 0, 1, 1, 0, 1, 0, 1, 0, 1, 1, 0, 1, 1, 1, 1, 0]
Fitness: 1330.445406 	[4, 0, 1, 3, 14, 0, 6, 5, 12, 0, 13, 2, 7, 8, 9, 10, 11, 15, 0, 1, 0, 1, 1, 1, 1, 0, 0, 1, 1, 1, 0, 1, 1, 0]
Fitness: 1330.445406 	[4, 0, 1, 3, 14, 0, 6, 5, 12, 0, 13, 2, 7, 8, 9, 10, 11, 15, 0, 1, 0, 1, 1, 1, 1, 0, 0, 1, 1, 1, 0, 1, 1, 0]
Fitness: 1330.445406 	[12, 0, 1, 3, 14, 0, 4, 0, 13, 2, 7, 8, 9, 10, 11, 15, 5, 6, 0, 1, 0, 1, 1, 1, 1, 0, 0, 1, 1, 1, 0, 1, 1, 0]
Fitness: 1319.016794 	[7, 8, 5, 13, 14, 10, 0, 3, 12, 11, 0, 15, 1, 9, 6, 2, 0, 4, 0, 1, 1, 0, 1, 0, 1, 0, 1, 1, 0, 1, 1, 1, 1, 0]
Fitness: 1391.737462 	[14, 9, 3, 2, 11, 12, 15, 0, 10, 1, 7, 5, 8, 0, 6, 13, 0, 4, 0, 0, 1, 0, 1, 1, 1, 0, 1, 1, 0, 1, 1, 1, 1, 0]
Fitness: 1319.016794 	[14, 4, 13, 0, 10, 7, 5, 8, 0, 3, 12, 11, 0, 15, 1, 9, 6, 2, 0, 1, 1, 0, 1, 0, 1, 0, 1, 1, 0, 1, 1, 1, 1, 0]
Fitness: 1319.016794 	[3, 12, 11, 0, 7, 8, 5, 13, 14, 10, 0, 15, 1, 9, 6, 2, 0, 4, 0, 1, 1, 0, 1, 0, 1, 0, 1, 1, 0, 1, 1, 1, 1, 0]
Fitness: 1319.016794 	[3, 12, 11, 0, 7, 8, 5, 13, 14, 10, 0, 15, 1, 9, 6, 2, 0, 4, 0, 1, 1, 0, 1, 0, 1, 0, 1, 1, 0, 1, 1, 1, 1, 0]
Fitness: 1319.016794 	[5, 7, 8, 0, 15, 1, 9, 6, 2, 0, 3, 12, 11, 0, 4, 10, 13, 14, 0, 1, 1, 0, 1, 0, 1, 0, 1, 1, 0, 1, 1, 1, 1, 0]
Fitness: 1319.016794 	[3, 12, 11, 0, 7, 8, 5, 13, 14, 10, 0, 15, 1, 9, 6, 2, 0, 4, 0, 1, 1, 0, 1, 0, 1, 0, 1, 1, 0, 1, 1, 1, 1, 0]
Fitness: 1361.657919 	[4, 0, 14, 6, 12, 7, 0, 2, 13, 0, 9, 10, 1, 11, 3, 5, 15, 8, 0, 0, 1, 1, 1, 1, 0, 1, 1, 0, 1, 1, 1, 1, 0, 0]
Fitness: 1319.016794 	[2, 0, 7, 8, 5, 13, 14, 10, 0, 4, 0, 9, 12, 1, 11, 3, 6, 15, 0, 1, 1, 0, 1, 0, 1, 0, 1, 1, 0, 1, 1, 1, 1, 0]
Fitness: 1467.145450 	[13, 0, 1, 4, 0, 6, 5, 12, 0, 3, 2, 7, 8, 9, 10, 11, 15, 14, 0, 1, 0, 1, 1, 1, 1, 0, 1, 0, 1, 0, 1, 1, 1, 0]
Fitness: 1319.016794 	[3, 12, 11, 0, 7, 8, 5, 13, 14, 10, 0, 15, 1, 9, 6, 2, 0, 4, 0, 1, 0, 1, 1, 0, 1, 0, 1, 1, 0, 1, 1, 1, 1, 0]
Fitness: 1461.553949 	[6, 12, 7, 9, 0, 10, 1, 11, 3, 5, 15, 14, 8, 0, 2, 13, 0, 4, 0, 1, 0, 1, 0, 1, 0, 1, 1, 1, 1, 0, 1, 1, 1, 0]
Fitness: 1319.016794 	[4, 0, 15, 1, 9, 6, 2, 0, 3, 13, 0, 5, 7, 8, 10, 11, 12, 14, 0, 1, 1, 0, 1, 0, 1, 0, 1, 1, 0, 1, 1, 1, 1, 0]
Fitness: 1377.538070 	[2, 13, 0, 11, 3, 14, 0, 15, 7, 8, 5, 6, 9, 10, 0, 1, 12, 4, 0, 1, 1, 0, 1, 1, 1, 0, 1, 0, 1, 0, 1, 1, 1, 0]
Fitness: 1337.326123 	[7, 8, 5, 13, 14, 10, 0, 4, 0, 6, 0, 2, 3, 11, 12, 15, 1, 9, 0, 1, 1, 0, 1, 0, 1, 0, 1, 1, 1, 1, 1, 0, 1, 0]
Fitness: 1336.752751 	[15, 1, 9, 6, 2, 0, 7, 8, 5, 13, 14, 10, 0, 3, 12, 11, 0, 4, 0, 1, 1, 0, 1, 0, 1, 0, 1, 1, 0, 1, 1, 1, 1, 0]
Fitness: 1337.326123 	[7, 8, 5, 13, 14, 10, 0, 15, 2, 12, 0, 4, 0, 6, 11, 3, 1, 9, 0, 1, 1, 0, 1, 0, 1, 0, 1, 1, 1, 1, 1, 0, 1, 0]
Fitness: 1336.752751 	[7, 8, 5, 13, 14, 10, 0, 15, 1, 9, 6, 2, 0, 3, 12, 11, 0, 4, 0, 1, 1, 0, 1, 0, 1, 0, 1, 1, 0, 1, 1, 1, 1, 0]
Fitness: 1337.326123 	[7, 8, 5, 13, 14, 10, 0, 15, 2, 12, 0, 4, 0, 6, 11, 3, 1, 9, 0, 1, 0, 1, 1, 0, 1, 1, 0, 1, 1, 1, 1, 0, 1, 0]
Fitness: 1323.721421 	[9, 15, 7, 4, 1, 0, 8, 13, 3, 11, 2, 0, 6, 0, 5, 14, 12, 10, 0, 1, 0, 1, 1, 0, 1, 1, 0, 1, 1, 1, 1, 0, 1, 0]
Fitness: 1337.326123 	[8, 15, 7, 2, 13, 0, 6, 11, 3, 1, 9, 0, 4, 0, 5, 14, 12, 10, 0, 1, 1, 0, 1, 0, 1, 0, 1, 1, 1, 1, 1, 0, 1, 0]
Fitness: 1375.427066 	[14, 2, 3, 11, 0, 7, 8, 5, 6, 9, 10, 0, 4, 0, 1, 13, 12, 15, 0, 0, 1, 1, 1, 1, 1, 0, 0, 1, 1, 0, 1, 1, 1, 0]
Fitness: 1345.707022 	[4, 0, 13, 2, 7, 8, 9, 10, 11, 15, 0, 6, 5, 12, 0, 1, 3, 14, 0, 1, 0, 1, 1, 1, 1, 0, 0, 1, 1, 1, 0, 1, 1, 0]
Fitness: 1375.427066 	[1, 13, 12, 15, 0, 4, 0, 6, 5, 2, 0, 7, 3, 14, 8, 9, 10, 11, 0, 0, 1, 1, 1, 0, 1, 0, 1, 1, 1, 0, 1, 1, 1, 0]
Fitness: 1377.538070 	[1, 12, 4, 0, 15, 7, 8, 5, 6, 9, 10, 0, 14, 2, 3, 11, 0, 13, 0, 1, 1, 0, 1, 1, 1, 0, 1, 0, 1, 0, 1, 1, 1, 0]
Fitness: 1337.326123 	[15, 2, 12, 0, 7, 8, 5, 13, 14, 10, 0, 4, 0, 6, 11, 3, 1, 9, 0, 1, 1, 0, 1, 0, 1, 0, 1, 1, 1, 1, 1, 0, 1, 0]
Fitness: 1377.538070 	[15, 2, 11, 0, 7, 8, 5, 9, 14, 10, 0, 1, 12, 4, 0, 13, 3, 6, 0, 1, 1, 0, 1, 1, 1, 0, 1, 0, 1, 0, 1, 1, 1, 0]
Fitness: 1377.538070 	[4, 1, 12, 0, 15, 7, 8, 5, 6, 9, 10, 0, 14, 2, 3, 11, 0, 13, 0, 1, 1, 0, 1, 0, 1, 0, 1, 1, 0, 1, 1, 1, 1, 0]
Fitness: 1319.016794 	[3, 12, 11, 0, 7, 8, 5, 13, 14, 10, 0, 15, 1, 9, 6, 2, 0, 4, 0, 1, 1, 0, 1, 0, 1, 0, 1, 1, 0, 1, 1, 1, 1, 0]
Fitness: 1377.538070 	[14, 2, 3, 11, 0, 15, 7, 8, 5, 6, 9, 10, 0, 12, 1, 13, 0, 4, 0, 1, 1, 0, 1, 1, 1, 0, 1, 0, 1, 0, 1, 1, 1, 0]
Fitness: 1377.538070 	[1, 12, 4, 0, 15, 7, 8, 5, 6, 9, 10, 0, 14, 2, 3, 11, 0, 13, 0, 1, 1, 0, 1, 0, 1, 0, 1, 1, 0, 1, 1, 1, 1, 0]
Fitness: 1319.016794 	[3, 12, 11, 0, 7, 8, 5, 13, 14, 10, 0, 15, 1, 9, 6, 2, 0, 4, 0, 1, 1, 0, 1, 0, 1, 0, 1, 1, 0, 1, 1, 1, 1, 0]
Fitness: 1377.538070 	[1, 12, 4, 0, 13, 0, 15, 3, 9, 6, 2, 0, 5, 7, 8, 10, 11, 14, 0, 1, 1, 0, 1, 1, 1, 0, 1, 0, 1, 0, 1, 1, 1, 0]
Fitness: 1336.752751 	[7, 8, 5, 13, 14, 10, 0, 15, 1, 9, 6, 2, 0, 3, 12, 11, 0, 4, 0, 1, 1, 0, 1, 0, 1, 0, 1, 1, 0, 1, 1, 1, 1, 0]
Fitness: 1337.326123 	[7, 8, 5, 13, 14, 10, 0, 6, 11, 3, 1, 9, 0, 4, 0, 2, 12, 15, 0, 1, 1, 0, 1, 0, 1, 0, 1, 1, 1, 1, 1, 0, 1, 0]
Fitness: 1336.752751 	[7, 8, 5, 13, 14, 10, 0, 4, 0, 15, 1, 9, 6, 2, 0, 3, 12, 11, 0, 1, 1, 0, 1, 0, 1, 0, 1, 1, 0, 1, 1, 1, 1, 0]
Fitness: 1319.016794 	[3, 12, 11, 0, 7, 8, 5, 13, 14, 10, 0, 15, 1, 9, 6, 2, 0, 4, 0, 1, 1, 0, 1, 0, 1, 0, 1, 1, 0, 1, 1, 1, 1, 0]
Fitness: 1336.752751 	[15, 1, 9, 6, 2, 0, 7, 8, 5, 13, 14, 10, 0, 3, 12, 11, 0, 4, 0, 1, 1, 0, 1, 0, 1, 0, 1, 1, 0, 1, 1, 1, 1, 0]
Fitness: 1319.016794 	[15, 1, 9, 6, 2, 0, 4, 0, 3, 12, 11, 0, 7, 8, 5, 13, 14, 10, 0, 1, 1, 0, 1, 0, 1, 0, 1, 1, 0, 1, 1, 1, 1, 0]
Fitness: 1410.191540 	[12, 0, 4, 11, 0, 1, 8, 2, 9, 7, 3, 10, 0, 13, 6, 15, 5, 14, 0, 0, 1, 1, 1, 1, 0, 1, 1, 1, 0, 1, 0, 1, 1, 0]
Fitness: 1319.016794 	[3, 12, 11, 0, 7, 8, 5, 13, 14, 10, 0, 15, 1, 9, 6, 2, 0, 4, 0, 1, 1, 0, 1, 0, 1, 0, 1, 1, 0, 1, 1, 1, 1, 0]
Fitness: 1410.191540 	[5, 12, 6, 0, 4, 11, 0, 1, 8, 2, 9, 7, 3, 10, 0, 13, 14, 15, 0, 0, 1, 1, 1, 1, 0, 1, 1, 1, 0, 1, 0, 1, 1, 0]
Fitness: 1340.388262 	[6, 1, 0, 4, 0, 7, 5, 13, 10, 0, 8, 14, 9, 3, 2, 11, 12, 15, 0, 0, 1, 0, 1, 1, 1, 1, 1, 1, 0, 1, 1, 0, 1, 0]
Fitness: 1337.326123 	[7, 8, 5, 13, 14, 10, 0, 6, 11, 3, 1, 9, 0, 4, 0, 2, 12, 15, 0, 1, 1, 0, 1, 0, 1, 0, 1, 1, 1, 1, 1, 0, 1, 0]
Fitness: 1340.388262 	[4, 0, 7, 5, 13, 10, 0, 1, 0, 2, 12, 15, 3, 6, 8, 9, 11, 14, 0, 0, 1, 0, 1, 1, 1, 1, 1, 1, 0, 1, 1, 0, 1, 0]
Fitness: 1300.684053 	[15, 1, 9, 6, 2, 0, 3, 12, 11, 0, 4, 0, 13, 10, 7, 5, 14, 8, 0, 1, 1, 0, 1, 0, 1, 0, 1, 1, 0, 1, 1, 1, 1, 0]
Fitness: 1337.326123 	[7, 8, 5, 13, 14, 10, 0, 6, 11, 3, 1, 9, 0, 4, 0, 2, 12, 15, 0, 1, 1, 0, 1, 0, 1, 0, 1, 1, 1, 1, 1, 0, 1, 0]
Fitness: 1337.326123 	[15, 2, 12, 0, 7, 8, 5, 13, 14, 10, 0, 4, 0, 6, 11, 3, 1, 9, 0, 1, 1, 0, 1, 0, 1, 0, 1, 1, 1, 1, 1, 0, 1, 0]
Fitness: 1337.326123 	[4, 0, 7, 8, 5, 13, 14, 10, 0, 2, 12, 15, 0, 6, 11, 3, 1, 9, 0, 1, 1, 0, 1, 0, 1, 0, 1, 1, 1, 1, 1, 0, 1, 0]
Fitness: 1358.306500 	[13, 6, 4, 11, 0, 15, 1, 5, 14, 0, 12, 7, 2, 3, 0, 10, 8, 9, 0, 0, 1, 1, 1, 0, 1, 1, 1, 1, 0, 1, 0, 1, 1, 0]
Fitness: 1336.752751 	[15, 7, 8, 5, 13, 14, 10, 0, 1, 9, 6, 2, 0, 3, 12, 11, 0, 4, 0, 1, 1, 0, 1, 1, 1, 0, 0, 1, 0, 1, 1, 1, 1, 0]
Fitness: 1410.191540 	[11, 5, 12, 6, 0, 4, 0, 1, 8, 2, 9, 7, 3, 10, 0, 13, 14, 15, 0, 1, 1, 1, 1, 1, 0, 1, 1, 0, 0, 1, 0, 1, 1, 0]
Fitness: 1319.016794 	[3, 12, 11, 0, 7, 8, 5, 13, 10, 0, 15, 1, 9, 6, 2, 0, 14, 4, 0, 1, 1, 0, 1, 0, 1, 1, 0, 1, 0, 1, 1, 1, 1, 0]
Fitness: 1377.538070 	[2, 13, 0, 11, 14, 0, 15, 7, 8, 5, 6, 9, 10, 0, 3, 1, 12, 4, 0, 1, 1, 0, 1, 1, 1, 0, 1, 0, 1, 1, 1, 0, 1, 0]
Fitness: 1319.016794 	[3, 12, 11, 0, 5, 13, 14, 10, 0, 15, 1, 9, 6, 2, 0, 4, 7, 8, 0, 1, 1, 1, 0, 0, 1, 0, 1, 1, 0, 1, 1, 1, 1, 0]
Fitness: 1410.191540 	[12, 1, 8, 2, 0, 4, 11, 0, 9, 7, 3, 10, 0, 13, 6, 15, 5, 14, 0, 0, 1, 1, 1, 1, 0, 1, 1, 1, 0, 0, 1, 1, 1, 0]
Fitness: 1361.657919 	[4, 0, 14, 6, 12, 0, 7, 2, 13, 0, 9, 10, 1, 11, 3, 5, 15, 8, 0, 1, 1, 0, 1, 1, 0, 1, 1, 0, 1, 1, 1, 1, 0, 0]
Fitness: 1358.306500 	[13, 6, 4, 11, 0, 8, 2, 9, 0, 7, 3, 10, 0, 12, 15, 1, 5, 14, 0, 0, 1, 1, 0, 0, 1, 1, 1, 1, 0, 1, 1, 1, 1, 0]
Fitness: 1467.145450 	[13, 0, 15, 1, 4, 0, 6, 5, 12, 0, 3, 2, 7, 8, 9, 10, 11, 14, 0, 1, 0, 1, 1, 1, 0, 0, 1, 0, 1, 1, 1, 1, 1, 0]
Fitness: 1345.707022 	[4, 0, 6, 13, 2, 7, 8, 9, 10, 11, 15, 0, 5, 12, 0, 1, 3, 14, 0, 1, 1, 1, 1, 0, 1, 0, 0, 1, 1, 1, 0, 1, 1, 0]
Fitness: 1319.016794 	[5, 13, 14, 10, 0, 3, 12, 11, 0, 15, 1, 9, 6, 2, 0, 4, 7, 8, 0, 1, 1, 1, 0, 0, 1, 0, 1, 1, 0, 1, 1, 1, 1, 0]
Fitness: 1364.169849 	[6, 1, 0, 4, 8, 14, 9, 0, 7, 5, 13, 10, 0, 3, 2, 11, 12, 15, 0, 1, 1, 0, 1, 1, 0, 1, 1, 1, 0, 1, 1, 0, 1, 0]
Fitness: 1358.306500 	[5, 13, 6, 4, 11, 0, 12, 0, 8, 2, 9, 7, 3, 10, 0, 15, 1, 14, 0, 1, 1, 1, 1, 0, 1, 1, 1, 0, 0, 1, 0, 1, 1, 0]
Fitness: 1336.752751 	[7, 8, 5, 13, 14, 10, 0, 15, 1, 9, 6, 2, 0, 3, 12, 0, 11, 4, 0, 0, 1, 0, 1, 0, 1, 0, 1, 1, 1, 1, 1, 1, 1, 0]
Fitness: 1337.326123 	[7, 8, 5, 13, 10, 0, 15, 2, 12, 0, 4, 0, 14, 6, 11, 3, 1, 9, 0, 0, 1, 1, 1, 0, 1, 0, 1, 1, 1, 1, 1, 0, 1, 0]
Fitness: 1461.553949 	[4, 6, 12, 7, 9, 0, 5, 15, 14, 8, 0, 2, 13, 0, 10, 1, 11, 3, 0, 1, 1, 1, 0, 1, 0, 1, 1, 1, 1, 0, 0, 1, 1, 0]
Fitness: 1319.016794 	[14, 4, 13, 0, 10, 7, 8, 0, 5, 3, 12, 11, 0, 15, 1, 9, 6, 2, 0, 1, 1, 0, 0, 1, 1, 0, 1, 1, 0, 1, 1, 1, 1, 0]
Fitness: 1319.016794 	[2, 7, 8, 0, 5, 13, 14, 10, 0, 4, 0, 9, 12, 1, 11, 3, 6, 15, 0, 1, 1, 0, 1, 0, 1, 0, 1, 1, 1, 1, 0, 1, 1, 0]
Fitness: 1330.445406 	[14, 1, 12, 3, 0, 4, 0, 13, 2, 7, 8, 9, 10, 11, 15, 0, 5, 6, 0, 1, 1, 1, 1, 1, 1, 0, 0, 1, 1, 1, 0, 1, 0, 0]
Fitness: 1345.707022 	[2, 4, 0, 13, 7, 8, 9, 10, 11, 15, 0, 6, 5, 12, 0, 1, 3, 14, 0, 1, 0, 1, 1, 1, 0, 0, 0, 1, 1, 1, 1, 1, 1, 0]
Fitness: 1319.016794 	[4, 3, 12, 11, 0, 13, 14, 10, 0, 15, 1, 9, 6, 2, 0, 7, 8, 5, 0, 1, 1, 1, 1, 0, 1, 0, 1, 1, 0, 1, 1, 1, 0, 0]
Fitness: 1337.326123 	[2, 12, 0, 7, 8, 5, 13, 14, 10, 0, 15, 4, 0, 6, 11, 3, 1, 9, 0, 1, 1, 0, 1, 0, 1, 1, 1, 1, 1, 0, 1, 0, 1, 0]
Fitness: 1323.721421 	[9, 15, 7, 4, 1, 0, 3, 11, 2, 0, 6, 8, 13, 0, 5, 14, 12, 10, 0, 1, 0, 1, 1, 0, 1, 1, 1, 1, 1, 1, 0, 0, 1, 0]
Fitness: 1362.082725 	[14, 4, 7, 0, 12, 0, 13, 1, 6, 2, 3, 0, 11, 10, 5, 8, 9, 15, 0, 1, 0, 1, 1, 0, 1, 0, 1, 0, 1, 1, 1, 1, 1, 0]
Fitness: 1319.016794 	[14, 3, 12, 11, 0, 7, 8, 5, 13, 10, 0, 15, 1, 9, 6, 2, 0, 4, 0, 1, 1, 0, 1, 0, 1, 0, 1, 1, 1, 1, 1, 1, 0, 0]
Fitness: 1319.016794 	[10, 3, 12, 11, 0, 7, 8, 5, 13, 14, 0, 15, 1, 9, 6, 2, 0, 4, 0, 1, 1, 1, 0, 0, 1, 0, 1, 1, 0, 1, 1, 1, 1, 0]
Fitness: 1337.326123 	[7, 8, 5, 14, 10, 0, 15, 2, 12, 0, 4, 0, 13, 6, 11, 3, 1, 9, 0, 1, 0, 1, 1, 0, 0, 1, 0, 1, 1, 1, 1, 1, 1, 0]
Fitness: 1377.538070 	[15, 2, 11, 0, 7, 5, 9, 14, 10, 0, 8, 1, 12, 4, 0, 13, 3, 6, 0, 1, 1, 0, 1, 1, 1, 0, 1, 1, 1, 0, 1, 0, 1, 0]
Fitness: 1319.016794 	[3, 12, 0, 7, 8, 5, 13, 14, 10, 0, 11, 15, 1, 9, 6, 2, 0, 4, 0, 1, 0, 1, 1, 0, 1, 0, 1, 1, 0, 1, 1, 1, 1, 0]
Fitness: 1337.326123 	[12, 7, 8, 5, 13, 14, 10, 0, 6, 11, 3, 1, 9, 0, 4, 0, 2, 15, 0, 0, 1, 1, 1, 0, 1, 0, 1, 1, 1, 1, 1, 0, 1, 0]
Fitness: 1461.553949 	[6, 12, 7, 9, 0, 10, 1, 11, 3, 5, 15, 14, 8, 0, 13, 0, 2, 4, 0, 1, 1, 1, 0, 1, 0, 1, 1, 0, 1, 0, 1, 1, 1, 0]
Fitness: 1461.553949 	[13, 6, 12, 7, 9, 0, 10, 1, 11, 3, 5, 15, 14, 8, 0, 2, 0, 4, 0, 1, 1, 1, 0, 1, 0, 1, 1, 0, 1, 0, 1, 1, 1, 0]
Fitness: 1307.712569 	[1, 9, 3, 2, 11, 12, 15, 0, 6, 0, 5, 4, 0, 7, 8, 13, 14, 10, 0, 1, 1, 1, 1, 0, 1, 0, 0, 1, 1, 1, 1, 0, 1, 0]
Fitness: 1391.737462 	[1, 14, 9, 3, 2, 11, 12, 15, 0, 10, 7, 5, 8, 0, 6, 13, 0, 4, 0, 0, 0, 1, 1, 1, 1, 0, 1, 1, 0, 1, 1, 1, 1, 0]
Fitness: 1345.707022 	[10, 4, 0, 13, 2, 7, 8, 9, 11, 15, 0, 6, 5, 12, 0, 1, 3, 14, 0, 1, 0, 1, 1, 1, 1, 1, 0, 1, 0, 1, 0, 1, 1, 0]
Fitness: 1377.538070 	[1, 12, 4, 0, 14, 15, 7, 8, 5, 6, 9, 10, 0, 2, 3, 11, 0, 13, 0, 1, 1, 0, 1, 1, 1, 0, 1, 1, 0, 1, 1, 1, 0, 0]
Fitness: 1377.538070 	[15, 7, 8, 0, 5, 6, 9, 10, 0, 14, 2, 3, 11, 0, 13, 1, 12, 4, 0, 1, 1, 0, 1, 1, 0, 0, 1, 1, 1, 0, 1, 1, 1, 0]
Fitness: 1319.016794 	[3, 12, 11, 0, 5, 13, 14, 10, 0, 15, 1, 9, 6, 2, 0, 4, 7, 8, 0, 1, 1, 0, 1, 1, 1, 0, 1, 1, 0, 1, 1, 1, 0, 0]
Fitness: 1386.180909 	[7, 5, 10, 0, 4, 0, 6, 1, 0, 13, 8, 14, 9, 3, 2, 11, 12, 15, 0, 0, 1, 0, 1, 1, 1, 0, 1, 1, 0, 1, 1, 1, 1, 0]
Fitness: 1337.326123 	[4, 15, 2, 12, 0, 13, 14, 10, 0, 7, 8, 5, 0, 6, 11, 3, 1, 9, 0, 1, 1, 1, 1, 0, 1, 0, 1, 1, 0, 1, 1, 0, 1, 0]
Fitness: 1377.538070 	[1, 12, 4, 0, 7, 8, 5, 6, 9, 10, 0, 14, 2, 3, 11, 0, 15, 13, 0, 1, 1, 0, 1, 0, 1, 1, 1, 0, 1, 0, 1, 1, 1, 0]
Fitness: 1337.326123 	[5, 15, 2, 12, 0, 7, 8, 13, 14, 10, 0, 4, 0, 6, 11, 3, 1, 9, 0, 1, 1, 0, 1, 0, 1, 1, 1, 1, 0, 1, 1, 0, 1, 0]
Fitness: 1337.326123 	[5, 13, 14, 10, 0, 6, 11, 3, 1, 9, 0, 4, 7, 8, 0, 2, 12, 15, 0, 1, 1, 1, 1, 0, 1, 0, 1, 1, 1, 1, 1, 0, 0, 0]
Fitness: 1318.859999 	[8, 9, 7, 3, 10, 0, 12, 6, 4, 11, 0, 2, 14, 5, 15, 0, 13, 1, 0, 1, 0, 1, 0, 1, 1, 1, 1, 1, 1, 1, 0, 1, 0, 0]
Fitness: 1319.016794 	[5, 3, 12, 11, 0, 7, 8, 13, 14, 10, 0, 15, 1, 9, 6, 2, 0, 4, 0, 1, 1, 1, 1, 0, 1, 0, 1, 1, 0, 1, 1, 0, 1, 0]
Fitness: 1319.016794 	[10, 3, 12, 11, 0, 7, 8, 5, 13, 14, 0, 15, 1, 9, 6, 2, 0, 4, 0, 0, 1, 0, 1, 0, 1, 0, 1, 1, 1, 1, 1, 1, 1, 0]
Fitness: 1319.016794 	[7, 3, 12, 11, 0, 8, 5, 13, 14, 10, 0, 15, 1, 9, 6, 2, 0, 4, 0, 1, 1, 1, 0, 0, 1, 0, 1, 1, 0, 1, 1, 1, 1, 0]
Fitness: 1319.016794 	[7, 8, 5, 13, 14, 10, 0, 3, 11, 0, 12, 15, 1, 9, 6, 2, 0, 4, 0, 1, 1, 0, 0, 0, 1, 1, 1, 1, 0, 1, 1, 1, 1, 0]
Fitness: 1337.326123 	[7, 8, 5, 13, 14, 10, 0, 9, 15, 2, 12, 0, 4, 0, 6, 11, 3, 1, 0, 1, 1, 1, 0, 0, 1, 0, 1, 1, 1, 1, 1, 0, 1, 0]
Fitness: 1330.445406 	[4, 2, 7, 8, 0, 1, 3, 14, 0, 6, 5, 12, 0, 9, 10, 11, 13, 15, 0, 1, 0, 1, 0, 1, 1, 1, 0, 1, 1, 1, 0, 1, 1, 0]
Fitness: 1345.707022 	[4, 0, 6, 5, 12, 0, 13, 2, 7, 8, 9, 10, 11, 15, 0, 1, 3, 14, 0, 1, 0, 1, 1, 1, 1, 0, 0, 1, 1, 1, 0, 1, 1, 0]
Fitness: 1340.388262 	[8, 14, 9, 3, 2, 11, 12, 15, 0, 4, 0, 7, 5, 13, 10, 0, 6, 1, 0, 0, 1, 0, 1, 1, 1, 1, 1, 1, 0, 1, 1, 0, 1, 0]
Fitness: 1358.306500 	[13, 6, 4, 11, 0, 15, 1, 5, 14, 0, 8, 2, 9, 7, 3, 10, 0, 12, 0, 0, 1, 1, 1, 0, 1, 1, 1, 1, 0, 1, 0, 1, 1, 0]
Fitness: 1323.721421 	[9, 15, 7, 4, 1, 0, 5, 14, 12, 10, 0, 6, 0, 8, 13, 3, 11, 2, 0, 1, 0, 1, 1, 0, 1, 1, 0, 1, 1, 1, 1, 0, 1, 0]
Fitness: 1337.326123 	[4, 0, 9, 15, 2, 12, 0, 7, 8, 5, 13, 14, 10, 0, 6, 11, 3, 1, 0, 1, 1, 1, 0, 0, 1, 0, 1, 1, 1, 1, 1, 0, 1, 0]
Fitness: 1358.306500 	[8, 2, 9, 7, 3, 10, 0, 12, 0, 13, 6, 4, 11, 0, 15, 1, 5, 14, 0, 0, 1, 1, 1, 0, 1, 1, 1, 1, 0, 1, 0, 1, 1, 0]
Fitness: 1461.553949 	[4, 0, 10, 1, 11, 3, 5, 15, 14, 8, 0, 2, 0, 13, 6, 12, 7, 9, 0, 1, 1, 1, 0, 1, 0, 1, 1, 0, 1, 0, 1, 1, 1, 0]
Fitness: 1337.326123 	[6, 11, 3, 1, 9, 0, 15, 2, 12, 0, 4, 0, 7, 8, 5, 13, 14, 10, 0, 1, 1, 0, 1, 0, 1, 0, 1, 1, 1, 1, 1, 0, 1, 0]
Fitness: 1336.752751 	[7, 8, 5, 13, 14, 10, 0, 15, 1, 9, 6, 2, 0, 3, 12, 11, 0, 4, 0, 1, 1, 0, 1, 0, 1, 0, 1, 1, 0, 1, 1, 1, 1, 0]
Fitness: 1377.538070 	[1, 12, 4, 0, 15, 7, 8, 5, 6, 9, 10, 0, 14, 2, 3, 11, 0, 13, 0, 1, 1, 0, 1, 1, 1, 0, 1, 0, 1, 0, 1, 1, 1, 0]
Fitness: 1330.445406 	[4, 0, 6, 5, 12, 0, 1, 3, 14, 0, 13, 2, 7, 8, 9, 10, 11, 15, 0, 1, 0, 1, 1, 1, 1, 0, 0, 1, 1, 1, 0, 1, 1, 0]
Fitness: 1323.721421 	[9, 15, 7, 4, 1, 0, 6, 0, 8, 13, 3, 11, 2, 0, 5, 14, 12, 10, 0, 1, 0, 1, 1, 0, 1, 1, 0, 1, 1, 1, 1, 0, 1, 0]
Fitness: 1319.016794 	[3, 12, 11, 0, 15, 1, 9, 6, 2, 0, 7, 8, 5, 13, 14, 10, 0, 4, 0, 1, 1, 0, 1, 0, 1, 0, 1, 1, 0, 1, 1, 1, 1, 0]
Fitness: 1391.737462 	[14, 9, 3, 2, 11, 12, 15, 0, 10, 1, 7, 5, 8, 0, 4, 0, 6, 13, 0, 0, 1, 0, 1, 1, 1, 0, 1, 1, 0, 1, 1, 1, 1, 0]
Fitness: 1377.538070 	[15, 7, 8, 5, 6, 9, 10, 0, 14, 2, 3, 11, 0, 12, 1, 13, 0, 4, 0, 1, 1, 0, 1, 1, 1, 0, 1, 0, 1, 0, 1, 1, 1, 0]
Fitness: 1377.538070 	[15, 7, 8, 0, 5, 6, 9, 10, 0, 13, 1, 12, 4, 0, 14, 2, 3, 11, 0, 1, 1, 0, 1, 1, 0, 0, 1, 1, 1, 0, 1, 1, 1, 0]
Fitness: 1319.016794 	[15, 1, 9, 6, 2, 0, 10, 7, 8, 0, 5, 3, 12, 11, 0, 14, 4, 13, 0, 1, 1, 0, 0, 1, 1, 0, 1, 1, 0, 1, 1, 1, 1, 0]
Fitness: 1336.752751 	[3, 12, 11, 0, 15, 1, 9, 6, 2, 0, 7, 8, 5, 13, 14, 10, 0, 4, 0, 1, 1, 0, 1, 0, 1, 0, 1, 1, 0, 1, 1, 1, 1, 0]
Fitness: 1377.538070 	[15, 7, 8, 5, 6, 9, 10, 0, 11, 14, 0, 2, 13, 0, 3, 1, 12, 4, 0, 1, 1, 0, 1, 1, 1, 0, 1, 0, 1, 1, 1, 0, 1, 0]
Fitness: 1300.684053 	[3, 12, 11, 0, 7, 8, 5, 13, 14, 10, 0, 15, 1, 9, 6, 2, 0, 4, 0, 1, 1, 0, 1, 0, 1, 0, 1, 1, 0, 1, 1, 1, 1, 0]
Fitness: 1319.016794 	[3, 12, 11, 0, 4, 0, 15, 1, 9, 6, 2, 0, 7, 8, 5, 13, 14, 10, 0, 1, 1, 0, 1, 0, 1, 0, 1, 1, 0, 1, 1, 1, 1, 0]
Fitness: 1364.169849 	[6, 1, 0, 8, 14, 9, 3, 2, 11, 12, 15, 0, 7, 5, 13, 10, 0, 4, 0, 1, 1, 0, 1, 0, 1, 1, 1, 1, 0, 1, 1, 0, 1, 0]
Fitness: 1337.326123 	[13, 6, 11, 3, 1, 9, 0, 15, 2, 12, 0, 4, 0, 7, 8, 5, 14, 10, 0, 1, 0, 1, 1, 0, 0, 1, 0, 1, 1, 1, 1, 1, 1, 0]
Fitness: 1330.445406 	[4, 0, 14, 1, 12, 3, 0, 13, 2, 7, 8, 9, 10, 11, 15, 0, 5, 6, 0, 1, 1, 1, 1, 1, 1, 0, 0, 1, 1, 1, 0, 1, 0, 0]
Fitness: 1361.657919 	[4, 0, 9, 10, 1, 11, 3, 5, 15, 8, 0, 2, 13, 0, 14, 6, 12, 7, 0, 0, 1, 1, 1, 1, 0, 1, 1, 0, 1, 1, 1, 1, 0, 0]
Fitness: 1319.016794 	[7, 8, 5, 13, 14, 10, 0, 15, 1, 9, 6, 2, 0, 3, 12, 11, 0, 4, 0, 1, 1, 0, 1, 0, 1, 0, 1, 1, 0, 1, 1, 1, 1, 0]
Fitness: 1337.326123 	[15, 2, 12, 0, 7, 8, 5, 13, 14, 10, 0, 6, 11, 3, 1, 9, 0, 4, 0, 1, 1, 0, 1, 0, 1, 0, 1, 1, 1, 1, 1, 0, 1, 0]
Fitness: 1337.326123 	[6, 11, 3, 1, 9, 0, 8, 15, 7, 2, 13, 0, 4, 0, 5, 14, 12, 10, 0, 1, 1, 0, 1, 0, 1, 0, 1, 1, 1, 1, 1, 0, 1, 0]
Fitness: 1460.918357 	[4, 0, 5, 12, 0, 6, 1, 3, 14, 0, 13, 2, 7, 8, 9, 10, 11, 15, 0, 1, 0, 1, 1, 1, 1, 0, 1, 0, 1, 1, 0, 1, 1, 0]
Fitness: 1330.445406 	[6, 5, 12, 0, 1, 3, 14, 0, 4, 0, 13, 2, 7, 8, 9, 10, 11, 15, 0, 1, 0, 1, 1, 1, 1, 0, 1, 0, 1, 1, 0, 1, 1, 0]
Fitness: 1377.538070 	[13, 0, 15, 7, 8, 5, 6, 9, 10, 0, 14, 2, 3, 11, 0, 1, 12, 4, 0, 1, 1, 0, 1, 1, 1, 0, 1, 0, 1, 0, 1, 1, 1, 0]
Fitness: 1337.326123 	[6, 11, 3, 1, 9, 0, 7, 8, 5, 13, 14, 10, 0, 4, 0, 2, 12, 15, 0, 1, 1, 0, 1, 0, 1, 0, 1, 1, 1, 1, 1, 0, 1, 0]
Fitness: 1318.097411 	[9, 10, 1, 11, 3, 5, 15, 14, 8, 0, 6, 12, 7, 0, 4, 0, 2, 13, 0, 0, 1, 1, 0, 1, 1, 1, 1, 0, 1, 1, 1, 1, 0, 0]
Fitness: 1337.326123 	[7, 8, 5, 13, 14, 10, 0, 15, 2, 12, 0, 4, 0, 6, 11, 3, 1, 9, 0, 1, 1, 0, 1, 0, 1, 0, 1, 1, 1, 1, 1, 0, 1, 0]
Fitness: 1386.180909 	[7, 5, 13, 10, 0, 6, 1, 0, 4, 0, 8, 14, 9, 3, 2, 11, 12, 15, 0, 0, 1, 0, 1, 1, 1, 1, 1, 1, 0, 1, 1, 0, 1, 0]
Fitness: 1319.016794 	[7, 8, 5, 13, 14, 10, 0, 3, 12, 11, 0, 15, 1, 9, 6, 2, 0, 4, 0, 1, 1, 0, 1, 0, 1, 0, 1, 1, 0, 1, 1, 1, 1, 0]
Fitness: 1345.707022 	[13, 7, 8, 9, 10, 11, 15, 0, 2, 4, 0, 6, 5, 12, 0, 1, 3, 14, 0, 1, 0, 1, 1, 1, 0, 0, 0, 1, 1, 1, 1, 1, 1, 0]
Fitness: 1406.108549 	[6, 4, 0, 13, 11, 12, 0, 15, 5, 14, 0, 1, 8, 2, 9, 7, 3, 10, 0, 1, 0, 1, 0, 1, 1, 1, 1, 0, 1, 1, 0, 1, 1, 0]
Fitness: 1372.371985 	[1, 6, 2, 3, 0, 14, 4, 13, 7, 0, 12, 0, 11, 10, 5, 8, 9, 15, 0, 1, 0, 1, 1, 0, 1, 1, 1, 0, 1, 1, 1, 0, 1, 0]
Fitness: 1337.326123 	[4, 15, 2, 12, 0, 6, 11, 3, 1, 9, 0, 7, 8, 5, 0, 13, 14, 10, 0, 1, 1, 1, 1, 0, 1, 0, 1, 1, 0, 1, 1, 0, 1, 0]
Fitness: 1377.538070 	[1, 12, 4, 0, 2, 3, 11, 0, 14, 15, 7, 8, 5, 6, 9, 10, 0, 13, 0, 1, 1, 0, 1, 1, 1, 0, 1, 1, 0, 1, 1, 1, 0, 0]
Fitness: 1330.445406 	[6, 5, 12, 0, 1, 3, 14, 0, 4, 0, 13, 2, 7, 8, 9, 10, 11, 15, 0, 1, 0, 1, 1, 1, 1, 0, 0, 1, 1, 1, 0, 1, 1, 0]
Fitness: 1300.684053 	[3, 12, 11, 0, 15, 1, 9, 6, 2, 0, 4, 0, 7, 8, 5, 13, 14, 10, 0, 1, 1, 0, 1, 0, 1, 0, 1, 1, 0, 1, 1, 1, 1, 0]
Fitness: 1330.445406 	[1, 3, 14, 0, 4, 0, 6, 5, 12, 0, 13, 2, 7, 8, 9, 10, 11, 15, 0, 1, 0, 1, 1, 1, 1, 0, 0, 1, 1, 1, 0, 1, 1, 0]
Fitness: 1337.326123 	[7, 8, 5, 13, 14, 10, 0, 4, 0, 6, 11, 3, 1, 9, 0, 2, 12, 15, 0, 1, 1, 0, 1, 0, 1, 0, 1, 1, 1, 1, 1, 0, 1, 0]
Fitness: 1319.016794 	[3, 12, 11, 0, 15, 1, 9, 6, 2, 0, 7, 8, 5, 13, 14, 10, 0, 4, 0, 1, 1, 0, 1, 0, 1, 0, 1, 1, 0, 1, 1, 1, 1, 0]
Fitness: 1319.016794 	[15, 1, 9, 6, 2, 0, 7, 8, 5, 13, 14, 10, 0, 3, 12, 11, 0, 4, 0, 1, 1, 0, 1, 0, 1, 0, 1, 1, 0, 1, 1, 1, 1, 0]
Fitness: 1377.538070 	[15, 7, 8, 5, 6, 9, 10, 0, 1, 12, 4, 0, 14, 2, 3, 11, 0, 13, 0, 1, 1, 0, 1, 1, 1, 0, 1, 0, 1, 0, 1, 1, 1, 0]
Fitness: 1461.553949 	[6, 12, 7, 9, 0, 10, 1, 11, 3, 5, 15, 14, 8, 0, 4, 0, 2, 13, 0, 1, 0, 1, 0, 1, 0, 1, 1, 1, 1, 0, 1, 1, 1, 0]
Fitness: 1319.016794 	[7, 8, 5, 13, 14, 10, 0, 3, 12, 11, 0, 15, 1, 9, 6, 2, 0, 4, 0, 1, 1, 0, 1, 0, 1, 0, 1, 1, 0, 1, 1, 1, 1, 0]
Time: 0.41535